{"problem_id":"E0iow03ugardVta","sigma":75,"alpha":3.162,"cost":0,"probabilities":"[0.3, 0.21, 0.21, 0.28]","payoff_matrix":"[[-50, -82, -78, 13, 29, -52], [-21, -117, -92, -30, -49, -143], [-18, -31, 15, 6, 12, 56], [8, 82, 121, -2, 2, -54]]","uncovered":[[5,17,13,1,21,9,16,20,14,18,15,19,4,24,2,12,11,10,8,7,6,3,23,22],[13,9,21,17,1,5,16,20,14,18,15,19,4,24,3,12,11,10,8,7,6,2,23,22],[17,1,9,21,13,5,16,20,18,14,15,19,4,24,2,12,11,10,8,7,6,3,23,22],[17,1,5,21,13,9,20,16,15,18,19,14,4,24,3,12,10,11,8,7,6,2,23,22],[5,21,1,9,17,13,16,20,15,18,14,19,4,24,2,12,11,10,8,6,3,22],[1,13,21,9,5,17,20,16,18,15,14,19,4,24,3,12,11,10,8,7,6,2,23,22],[21,13,9,17,1,5,16,20,19,14,4,24,15,18,2,12,11,10,8,7,6,3,23,22],[9,21,13,1,5,17,20,16,15,19,18,14,4,24,2,12,10,8,6,11,3,23,22],[5,21,13,17,9,1,16,20,15,19,14,4,24,18,3,12,11,10,8,6,2,23,22],[1,13,5,9,21,17,20,16,14,18,19,4,24,15,3,12,10,8,6,11,2,22],[1,21,9,17,13,5,16,20,19,14,4,24,18,15,2,12,10,8,6,11,3,23,22],[5,17,9,21,1,13,20,16,15,19,14,4,24,18,2,12,10,8,6,11,3,22],[1,5,9,13,17,21,20,16,14,19,4,24,18,15,2,12,10,8,7,6,11,3,23,22],[17,21,9,5,1,13,16,20,18,15,19,14,4,24,3,12,10,8,6,11,2,23,22],[17,1,13,5,21,9,20,16,14,18,15,19,4,24,3,12,11,10,8,6,2,23,22],[13,17,21,1,9,5,20,16,18,15,14,19,4,24,3,12,11,10,8,6,2,23,22],[13,21,5,17,9,1,16,20,15,18,14,19,4,24,2,12,11,10,8,6,3,22],[9,1,5,17,13,21,20,16,15,18,14,19,4,24,2,12,11,10,8,6,3,22],[13,21,1,17,9,5,16,20,15,19,18,14,4,24,2,12,10,8,7,6,11,3,23,22],[9,1,17,21,13,5,16,20,15,18,19,14,4,24,3,12,10,8,6,11,2,22],[1,9,17,13,5,21,16,20,15,18,14,19,4,24,2,12,10,8,7,6,11,3,23,22],[17,21,1,9,5,13,16,20,15,19,14,4,24,18,12,11,10,3,8,7,6,2,22],[17,1,21,5,13,9,20,16,19,14,4,24,15,18,3,12,10,8,7,6,11,2],[5,1,9,21,17,13,20,16,14,19,4,24,15,18,2,12,10,8,6,11,3,22],[1,21,17,13,9,5,16,20,19,14,4,24,18,15,3,12,10,8,6,11,2,22],[9,1,17,21,13,5,20,16,19,14,4,24,18,15,3,12,11,10,8,7,6,2],[9,1,13,17,21,5,20,16,19,14,4,24,15,18,2,12,11,10,8,6,3,23,22],[9,1,21,13,5,17,16,20,14,18,19,4,24,15,3,12,10,8,6,11,2,22],[13,1,5,17,21,9,16,20,14,18,15,19,4,24,3,12,11,10,8,6,2,22],[5,13,9,21,17,1,16,20,15,18,19,14,4,24,2,12,10,11,8,7,6,3,22],[13,21,1,5,17,9,20,16,18,15,19,14,4,24,3,12,10,8,6,11,2,22],[17,1,5,13,9,21,16,20,18,14,19,4,24,15,2,12,10,8,6,11,3,23,22],[21,17,1,13,5,9,20,16,19,15,14,4,24,18,3,12,11,10,8,6,2,23,22],[1,13,17,5,21,9,16,20,14,18,15,19,4,24,2,12,11,10,8,6,3,22],[21,5,9,1,13,17,16,20,15,19,18,14,4,24,2,12,11,10,8,7,6,3,23,22],[1,9,17,21,13,5,20,16,19,15,18,14,4,24,3,12,10,8,6,11,2,22],[1,9,17,21,5,13,20,16,18,14,19,4,24,15,3,12,10,8,6,11,2,23,22],[1,9,13,17,5,21,20,16,18,15,14,19,4,24,12,10,2,8,7,6,11,3,22],[5,1,13,17,9,21,16,20,14,18,19,4,24,15,2,12,10,8,6,11,3,23,22],[1,5,13,17,9,21,16,20,19,15,18,14,4,24,3,12,11,10,8,6,2,23,22],[13,9,21,17,1,5,16,20,19,15,18,14,4,24,2,12,11,10,8,7,6,3,23,22],[17,5,1,13,9,21,16,20,19,15,18,14,4,24,2,12,11,10,8,7,6,3,22],[5,21,17,1,9,13,16,20,18,15,14,19,4,24,2,12,10,11,8,6,3,23,22],[5,21,1,9,17,13,16,20,18,14,15,19,4,24,2,12,11,10,8,7,6,3,23,22],[17,5,9,13,21,1,16,20,18,15,19,14,4,24,3,12,11,10,8,6,2,22],[13,17,9,21,1,5,16,20,19,15,18,14,4,24,3,12,11,10,8,7,6,2,23,22],[17,1,21,5,13,9,16,20,19,14,4,24,15,18,3,12,10,8,7,6,11,2,23,22],[5,13,1,17,9,21,16,20,18,14,15,19,4,24,2,12,10,8,7,6,11,3,22],[13,21,17,5,9,1,20,16,15,19,18,14,4,24,3,12,10,8,7,6,11,2,23,22],[1,13,17,9,5,21,20,16,15,18,19,14,4,24,3,12,10,8,6,11,2,22],[13,1,9,21,5,17,16,20,15,19,14,4,24,18,2,12,11,10,8,7,6,3,22],[5,9,13,17,1,21,20,16,18,15,19,14,4,24,2,12,10,8,6,11,3,23,22],[9,5,21,13,1,17,16,20,15,19,18,14,4,24,2,12,11,10,8,7,6,3,22],[17,5,13,1,21,9,20,16,19,15,18,14,4,24,2,12,10,8,7,6,11,3,23,22],[17,1,13,9,5,21,16,20,19,14,4,24,18,15,2,12,10,8,7,6,11,3,23,22],[17,1,5,13,9,21,16,20,18,15,14,19,4,24,2,12,11,10,8,6,3,23,22],[5,21,9,1,17,13,16,20,15,19,14,4,24,18,3,12,11,10,8,7,6,2,22],[21,9,1,13,17,5,20,16,15,18,14,19,4,24,2,12,11,10,8,7,6,3,22],[17,13,5,1,21,9,20,16,15,18,19,14,4,24,2,12,11,10,8,6,3,22],[21,9,13,1,5,17,20,16,15,19,14,4,24,18,2,12,11,10,8,7,6,3,23,22],[9,1,21,5,13,17,16,20,14,18,15,19,4,24,2,12,10,8,7,6,11,3,23,22],[13,1,21,17,5,9,16,20,15,18,14,19,4,24,2,12,10,8,7,6,11,3,23,22],[9,13,21,5,1,17,16,20,15,19,18,14,4,24,2,12,11,10,8,6,3,22],[13,21,17,9,1,5,16,20,14,19,4,24,15,18,2,12,10,11,8,7,6,3,22],[13,9,5,17,1,21,20,16,15,18,19,14,4,24,3,12,11,10,8,7,6,2,22],[21,13,5,1,9,17,20,16,19,15,18,14,4,24,2,12,11,10,8,6,3,22],[21,1,9,5,17,13,16,20,14,18,15,19,4,24,3,12,11,10,8,6,2,23,22],[21,9,1,13,17,5,20,16,18,15,19,14,4,24,3,12,10,8,6,11,2,23,22],[21,17,5,13,1,9,16,20,19,14,4,24,18,15,2,12,10,8,7,6,11,3,22],[13,9,1,5,21,17,16,20,19,15,18,14,4,24,3,12,10,8,6,11,2,22],[5,1,9,21,13,17,16,20,18,15,19,14,4,24,2,12,10,8,6,11,3,23,22],[13,5,21,1,17,9,16,20,14,19,4,24,18,15,3,12,10,8,7,6,11,2,23,22],[13,17,21,9,1,5,16,20,18,14,19,4,15,24,3,12,10,8,6,11,2,23,22],[5,21,1,17,9,13,20,16,14,19,4,24,15,18,2,12,10,8,7,6,11,3,22],[17,9,1,21,13,5,16,20,18,15,19,14,4,24,2,12,11,10,8,7,6,3,23,22],[9,1,5,17,21,13,16,20,19,14,4,24,18,15,2,12,10,8,6,11,3,23,22],[5,1,17,21,9,13,16,20,15,18,19,14,4,24,2,12,10,8,7,6,11,3,22],[17,21,9,13,5,1,16,20,18,15,19,14,4,24,3,12,10,8,6,11,2,23,22],[17,1,9,5,21,13,16,20,14,19,4,24,18,15,3,12,11,10,8,7,6,2,22],[5,17,21,9,1,13,20,16,14,19,4,24,18,15,2,12,10,11,8,6,3,22],[9,1,13,17,5,21,16,20,15,19,14,4,24,18,2,12,10,8,7,6,11,3,22],[9,5,1,21,13,17,20,16,18,14,15,19,4,24,2,12,11,10,8,6,3,22],[9,21,1,13,8,17,5,16,20,14,18,7,15,19,4,24,2,12,11,10,6,3,23,22],[5,9,13,21,17,1,16,20,18,14,19,4,24,15,2,12,10,8,7,6,11,3,22],[5,9,17,1,21,13,16,20,15,19,18,14,4,24,3,12,10,8,7,6,11,2,23,22],[1,13,5,21,17,9,20,16,19,14,4,24,18,15,2,12,10,8,7,6,11,3],[21,9,13,1,17,5,16,20,18,14,19,4,24,15,3,12,10,8,6,11,2,22],[13,17,9,5,21,1,20,16,14,18,19,4,24,15,2,12,10,11,8,6,3,23,22],[17,1,21,9,5,13,20,16,15,19,14,4,24,18,3,12,11,10,8,7,6,2,22],[13,9,17,5,1,21,16,20,15,19,18,14,4,24,2,12,10,11,8,6,3,22],[21,13,5,1,9,17,20,16,19,14,4,24,18,15,12,11,10,3,8,6,2,23,22],[9,1,13,5,17,21,20,16,15,18,4,19,14,24,2,12,11,10,8,6,3,22],[21,17,1,9,13,5,16,20,18,15,19,14,4,24,3,12,11,10,8,7,6,2],[17,21,13,9,5,1,20,16,15,18,19,14,4,24,2,12,11,10,8,7,6,3,22],[1,13,5,17,21,9,16,20,18,15,14,19,4,24,2,12,10,8,6,11,3,22],[13,21,5,9,1,17,20,16,19,14,4,24,18,15,3,12,11,10,8,7,6,2,22],[1,21,9,5,17,13,20,16,14,18,15,19,4,24,2,12,11,10,8,7,6,3,22],[13,17,21,1,5,9,20,16,14,19,4,24,18,15,2,12,10,8,7,6,11,3,23,22],[9,5,1,21,17,13,16,20,15,19,18,14,4,24,2,12,11,10,8,7,6,3,23,22],[9,21,13,17,1,5,16,20,19,15,14,4,24,18,3,12,11,10,8,7,6,2],[21,17,9,13,5,1,16,20,19,15,18,14,4,24,3,12,11,10,8,7,6,2,22],[9,1,17,5,13,21,20,16,14,18,19,4,24,15,2,12,10,8,6,11,3,23,22],[9,1,21,5,17,13,20,16,19,14,4,24,15,18,2,12,10,8,7,6,11,3,23,22],[9,21,13,5,1,17,20,16,15,19,14,4,24,18,2,12,10,8,7,6,11,3,23,22],[9,17,21,5,13,1,20,16,18,14,19,4,24,15,2,12,11,10,8,6,3,22],[9,5,17,21,1,13,20,16,19,14,4,24,15,18,3,12,10,11,8,7,6,2,22],[5,1,17,13,21,9,20,16,15,18,19,14,4,24,2,12,10,8,6,11,3,23,22],[1,17,5,21,13,9,20,16,15,19,14,4,24,18,12,10,3,8,7,6,11,2,22],[1,17,13,9,5,21,20,16,19,14,4,24,18,15,2,12,10,8,6,11,3,23,22],[21,5,17,1,9,13,16,20,14,18,19,4,15,24,2,12,11,10,8,7,6,3,22],[1,5,13,21,9,17,16,20,15,19,14,4,24,18,2,12,11,10,8,7,6,3,23,22],[21,17,5,13,9,1,20,16,15,19,18,14,4,24,2,12,11,10,8,7,6,3,23,22],[9,13,1,5,21,17,20,16,15,18,19,14,4,24,2,12,10,11,8,7,6,3,23,22],[21,5,9,17,13,1,20,16,19,14,4,24,18,15,2,12,10,8,6,11,3,23,22],[17,5,1,13,21,9,16,20,19,15,14,4,24,18,2,12,10,8,7,6,11,3,23,22],[1,21,5,13,17,9,16,20,18,15,19,14,4,24,3,12,10,8,6,11,2,23,22],[21,17,9,1,5,13,16,20,14,18,19,4,15,24,3,12,10,8,7,6,11,2,22],[21,5,17,1,13,9,20,16,15,18,4,19,14,24,3,12,11,10,8,6,2,22],[1,21,13,9,17,5,16,20,19,14,4,24,18,15,2,12,10,8,6,11,3,22],[17,21,9,5,13,1,16,20,14,19,4,24,15,18,2,12,11,10,8,7,6,3,23,22],[9,13,17,21,1,5,16,20,19,15,18,14,4,24,3,12,10,8,6,11,2,23,22],[9,1,5,21,17,13,20,16,15,19,18,14,4,24,2,12,10,8,7,6,11,3,23,22],[17,21,5,9,1,13,20,16,14,19,24,4,18,15,3,12,10,8,6,11,2,22],[5,1,13,9,17,21,16,20,18,15,19,14,4,24,2,12,11,10,8,7,6,3,22],[13,21,5,17,1,9,20,16,15,18,19,14,4,24,3,12,11,10,8,6,2,23,22],[5,13,21,9,17,1,16,20,18,15,19,14,4,24,3,12,11,10,8,6,2,22],[9,5,21,1,17,13,16,20,19,14,4,24,15,18,3,12,10,8,7,6,11,2,23,22],[9,13,17,21,1,5,20,16,14,19,4,24,18,15,3,12,11,10,8,7,6,2,22],[1,13,17,9,5,21,16,20,19,14,4,24,15,18,3,12,10,8,7,6,11,2,22],[13,17,9,21,1,5,20,16,14,18,19,4,15,24,2,12,10,8,7,6,11,3,23,22],[21,13,1,17,5,9,16,20,14,19,4,24,15,18,3,12,11,10,8,7,6,2],[1,13,21,17,5,9,20,16,19,14,4,24,15,18,2,12,11,10,8,6,3,22],[17,1,13,5,9,21,16,20,19,14,4,24,15,18,2,12,10,8,6,11,3,23,22],[5,1,9,13,21,17,16,20,14,18,19,4,24,15,3,12,10,8,7,6,11,2,23,22],[13,5,1,9,17,21,20,16,14,18,15,19,4,24,2,12,11,10,8,6,3,22],[1,5,13,9,17,21,16,20,19,14,4,24,15,18,2,12,10,11,8,6,3,22],[21,17,5,13,9,1,20,16,19,14,4,24,15,18,2,12,10,8,6,11,3,22],[17,21,13,5,1,9,16,20,14,18,19,4,24,15,2,12,11,10,8,6,3,23,22],[5,17,1,9,21,13,16,20,18,14,19,4,24,15,2,12,10,8,6,11,3,23,22],[9,5,13,21,17,1,20,16,18,15,19,14,4,24,2,12,11,10,8,6,3,22],[1,13,17,9,5,21,16,20,18,14,15,19,4,24,2,12,11,10,8,6,3,23,22],[1,21,5,17,9,13,16,20,14,19,4,24,15,18,3,12,11,10,8,7,6,2,23,22],[17,13,21,5,1,9,20,16,14,19,4,24,18,15,2,12,10,11,8,6,3,23,22],[21,1,17,9,13,5,16,20,14,18,15,19,4,24,2,12,11,10,8,7,6,3,22],[21,13,17,1,5,9,16,20,19,14,4,24,18,15,3,12,10,8,7,6,11,2],[13,1,9,5,21,17,16,20,19,14,4,24,15,18,3,12,11,10,8,7,6,2,22],[21,17,1,9,13,5,16,20,14,18,19,4,15,24,3,12,10,8,7,6,11,2,22],[13,21,9,1,17,5,20,16,14,18,15,19,4,24,3,12,11,10,8,6,2,22],[5,9,1,13,17,21,20,16,18,14,15,19,4,24,12,11,10,3,8,6,2,23,22],[1,5,9,13,21,17,16,20,15,18,19,14,4,24,2,12,11,10,8,7,6,3,22],[1,17,9,13,5,21,16,20,19,15,14,4,24,18,3,12,11,10,8,6,2,23,22],[21,5,13,9,1,17,16,20,15,19,14,4,24,18,2,12,11,10,8,6,3,23,22],[1,5,21,17,9,13,16,20,19,15,18,14,4,24,2,12,10,8,6,11,3,22],[1,13,21,17,5,9,16,20,19,15,18,14,4,24,2,12,11,10,8,7,6,3,23,22],[13,9,5,1,21,17,20,16,19,15,14,4,24,18,2,12,11,10,8,7,6,3,22],[13,1,5,9,21,17,20,16,19,14,4,24,15,18,3,12,10,8,6,11,2,23,22],[17,9,21,13,5,1,16,20,18,14,15,19,4,24,3,12,10,8,7,6,11,2,23,22],[13,5,17,1,21,9,16,20,15,18,19,14,4,24,3,12,10,8,7,6,11,2],[21,13,17,9,5,1,20,16,15,19,14,4,24,18,3,12,11,10,8,6,2,23,22],[17,9,5,1,13,21,16,20,14,18,19,4,24,15,2,12,10,8,7,6,11,3,22],[21,9,5,1,17,13,20,16,19,15,18,14,4,24,3,12,11,10,8,6,2,22],[1,21,13,17,9,5,20,16,18,15,19,14,4,24,2,12,11,10,8,7,6,3,22],[1,21,9,17,5,13,20,16,15,19,18,14,4,24,3,12,11,10,8,6,2,22],[21,13,9,5,17,1,16,20,19,14,4,24,18,15,2,12,11,10,8,6,3,22],[13,21,5,17,9,1,20,16,19,15,18,14,4,24,3,12,10,8,7,6,11,2,23,22],[5,21,9,17,13,1,16,20,15,19,18,14,4,24,3,12,10,8,7,6,11,2],[1,9,17,5,21,13,20,16,15,19,14,4,24,18,3,12,11,10,8,7,6,2,23,22],[17,5,9,21,1,13,20,16,19,15,18,14,4,24,2,12,10,11,8,6,3,22],[9,13,5,17,1,21,16,20,15,19,14,24,4,18,2,12,10,8,7,6,11,3,23,22],[17,13,9,5,1,21,16,20,18,14,19,4,24,15,3,12,10,8,7,6,11,2,23,22],[21,5,17,9,1,13,16,20,14,19,4,24,15,18,3,12,10,11,8,7,6,2,22],[17,13,21,5,1,9,20,16,19,15,14,4,24,18,3,12,11,10,8,7,6,2,22],[21,17,13,1,5,9,20,16,14,19,4,24,18,15,12,10,2,8,6,11,3,22],[9,5,13,17,21,1,16,20,18,15,14,19,4,24,2,12,10,8,7,6,11,3,22],[1,9,17,21,13,5,20,16,14,19,4,24,18,15,2,12,10,11,8,6,3,23,22],[9,1,13,17,21,5,20,16,18,14,19,4,24,15,3,12,10,11,8,7,6,2,23,22],[21,9,17,13,5,1,20,16,19,15,14,4,24,18,3,12,11,10,8,7,6,2,23,22],[5,17,21,13,9,1,20,16,19,15,14,4,24,18,3,12,11,10,8,7,6,2,22],[9,5,13,1,17,21,20,16,14,19,4,24,18,15,2,12,10,8,7,6,11,3,22],[13,9,17,1,5,21,16,20,14,19,4,24,15,18,3,12,11,10,8,6,2,22],[17,21,13,5,9,1,20,16,15,19,14,4,24,18,3,12,10,8,7,6,11,2,23,22],[1,5,21,17,13,9,20,16,15,19,18,14,4,24,3,12,10,11,8,6,2,23,22],[21,5,9,17,1,13,20,16,19,14,4,24,15,18,2,12,11,10,8,6,3,22],[13,9,17,5,1,21,16,20,19,15,14,4,24,18,2,12,11,10,8,6,3,22],[17,9,13,21,1,5,16,20,14,18,19,4,15,24,3,12,10,8,6,11,2,23,22],[21,17,5,9,1,13,16,20,18,15,14,19,4,24,3,12,11,10,8,7,6,2,22],[21,9,13,17,1,5,20,16,15,19,14,4,24,18,2,12,11,10,8,6,3,23,22],[17,13,21,9,5,1,20,16,15,18,14,19,4,24,3,12,11,10,8,6,2,23,22],[1,9,21,5,17,13,16,20,14,19,4,24,15,18,12,11,10,2,8,6,3,23,22],[9,17,5,1,13,21,16,20,14,18,19,4,24,15,3,12,11,10,8,6,2,22],[17,5,21,13,9,1,20,16,15,18,14,19,4,24,3,12,10,8,7,6,11,2,23,22],[1,17,5,9,13,21,20,16,19,14,4,24,15,18,3,12,10,8,7,6,11,2,22],[5,21,17,13,9,1,20,16,14,18,19,4,24,15,2,12,11,10,8,6,3,22],[17,5,1,13,9,21,20,16,14,19,4,24,15,18,3,12,11,10,8,6,2,22],[17,9,1,21,13,5,16,20,19,15,18,14,4,24,3,12,10,8,6,11,2,22],[21,1,9,17,5,13,16,20,18,15,19,14,4,24,3,12,10,8,7,6,11,2,22],[5,21,9,1,17,13,16,20,18,15,14,19,4,24,3,12,10,8,6,11,2,23,22],[21,17,13,9,1,5,16,20,15,19,14,4,24,18,2,12,11,10,8,6,3,23,22],[9,1,13,21,5,17,20,16,18,15,14,19,4,24,3,12,11,10,8,6,2,23,22],[21,17,1,5,13,9,20,16,14,18,19,4,24,15,3,12,10,8,6,11,2,23,22],[4,9,13,21,17,5,20,16,1,19,14,24,15,18,3,12,10,8,6,11,2,23,22],[17,21,5,13,9,1,16,20,18,14,19,4,24,15,3,12,11,10,8,7,6,2,22],[5,9,21,13,1,17,16,20,18,14,19,4,24,15,2,12,10,8,7,6,11,3,22],[13,5,1,17,21,9,16,20,14,18,19,4,24,15,2,12,10,8,6,11,3,23,22],[9,1,5,21,17,13,20,16,18,15,14,19,4,24,3,12,10,8,7,6,11,2,23,22],[5,1,21,17,13,9,16,20,19,15,14,24,4,18,3,12,10,8,7,6,11,2,22],[17,1,21,5,13,9,16,20,15,18,14,19,4,24,3,12,10,8,7,6,11,2,23,22],[17,5,21,13,9,1,16,20,18,15,19,14,4,24,2,12,10,8,7,6,11,3,22],[9,1,21,17,5,13,16,20,15,18,14,19,4,24,2,12,11,10,8,6,3,22],[21,9,5,13,1,17,16,20,14,18,19,4,15,24,2,12,11,10,8,7,6,3,22],[13,9,1,21,17,5,20,16,18,15,19,14,4,24,2,12,11,10,8,7,6,3,23,22],[1,17,21,13,5,9,20,16,18,15,14,19,4,24,3,12,11,10,8,6,2,22],[5,13,9,21,1,17,20,16,18,15,14,19,4,24,2,12,11,10,8,6,3,22],[13,1,21,5,17,9,20,16,14,18,15,19,4,24,2,12,11,10,8,6,3,22],[13,21,1,5,9,17,20,16,14,18,15,19,4,24,2,12,10,8,7,6,11,3,23,22],[9,1,17,13,5,21,20,16,18,14,15,19,4,24,2,12,10,8,6,11,3,23,22],[13,1,5,9,21,17,16,20,14,18,15,19,4,24,2,12,11,10,8,7,6,3,23,22],[9,13,21,1,17,5,20,16,14,19,4,24,18,15,2,12,11,10,8,7,6,3,23,22],[1,9,17,21,13,5,16,20,19,14,4,24,18,15,2,12,10,8,6,11,3,22],[1,21,9,17,13,5,16,20,14,19,4,24,15,18,2,12,10,8,6,11,3,22],[5,13,21,9,17,1,20,16,18,15,19,14,4,24,2,12,11,10,8,6,3,22],[1,21,13,17,5,9,16,20,18,14,19,4,24,15,3,12,11,10,8,7,6,2,22],[5,13,17,1,21,9,20,16,14,19,4,24,18,15,3,12,11,10,8,6,2,22],[1,13,21,5,17,9,20,16,18,15,19,14,4,24,3,12,10,8,7,6,11,2,22],[17,13,5,21,1,9,20,16,14,18,15,19,4,24,2,12,10,8,6,11,3,22],[13,5,17,21,1,9,16,20,14,18,19,4,15,24,3,12,11,10,8,6,2,23,22],[1,21,9,13,17,5,20,16,14,19,4,24,15,18,2,12,10,8,6,11,3,22],[13,21,1,17,5,9,20,16,19,14,4,24,18,15,3,12,10,8,7,6,11,2,23,22],[13,1,9,5,17,21,16,20,18,14,15,19,4,24,2,12,11,10,8,7,6,3,22],[1,21,17,13,9,5,16,20,14,18,15,19,4,24,3,12,10,8,6,11,2,23,22],[17,13,1,5,9,21,16,20,19,14,4,24,15,18,3,12,11,10,8,6,2,23,22],[17,5,9,21,1,13,20,16,15,18,14,19,4,24,2,12,10,8,7,6,11,3,22],[1,9,5,17,21,13,20,16,18,15,19,14,4,24,2,12,11,10,8,6,3,22],[9,5,13,17,21,1,20,16,15,19,18,14,4,24,3,12,11,10,8,7,6,2,22],[5,1,9,21,17,13,16,20,15,19,18,14,4,24,3,12,11,10,8,6,2,23,22],[9,1,21,5,13,17,20,16,14,18,19,4,24,15,2,12,10,11,8,6,3,23,22],[9,5,21,17,1,13,20,16,15,19,18,14,4,24,2,12,11,10,8,7,6,3,23,22],[17,13,21,9,5,1,16,20,19,14,4,24,18,15,3,12,11,10,8,6,2,22],[13,21,1,9,5,17,20,16,14,19,4,24,18,15,2,12,11,10,8,6,3,22],[1,17,13,5,9,21,20,16,14,19,4,24,15,18,3,12,10,8,7,6,11,2,22],[21,5,13,1,9,17,16,20,18,15,14,19,4,24,2,12,10,8,7,6,11,3,23,22],[1,9,17,5,13,21,16,20,15,19,18,14,4,24,3,12,10,8,6,11,2,23,22],[21,17,9,1,5,13,16,20,14,18,19,4,24,15,2,12,11,10,8,7,6,3,23,22],[5,13,21,17,1,9,20,16,19,15,18,14,4,24,3,12,10,8,7,6,11,2,23,22],[9,17,1,13,21,5,20,16,15,18,14,19,4,24,3,12,11,10,8,7,6,2],[1,17,9,5,21,13,16,20,19,14,4,24,15,18,2,12,11,10,8,6,3,23,22],[17,13,1,21,5,9,20,16,14,19,4,24,15,18,2,12,10,8,7,6,11,3],[17,9,21,1,13,5,20,16,19,14,4,24,18,15,2,12,10,11,8,7,6,3],[21,13,5,9,1,17,20,16,18,15,14,19,4,24,12,10,3,8,6,11,2,23,22],[17,5,1,9,21,13,20,16,19,14,4,24,18,15,3,12,11,10,8,7,6,2,23,22],[1,17,13,21,5,9,20,16,18,15,19,14,4,24,3,12,10,8,6,11,2,22],[1,17,13,21,9,5,20,16,15,18,19,14,4,24,3,12,10,8,6,11,2,22],[17,9,1,21,13,5,16,20,19,15,18,14,4,24,3,12,11,10,8,6,2,22],[9,21,1,13,17,5,20,16,19,15,18,14,4,24,2,12,11,10,8,6,3,23,22],[17,9,13,5,21,1,16,20,14,18,15,19,4,24,3,12,11,10,8,7,6,2,22],[17,21,9,5,1,13,16,20,19,14,4,24,15,18,2,12,10,8,7,6,11,3],[21,13,9,17,1,5,16,20,14,19,24,4,18,15,2,12,10,8,7,6,11,3,22],[1,5,17,21,9,13,20,16,18,14,19,4,24,15,2,12,11,10,8,6,3,22],[21,13,9,5,17,1,16,20,19,14,4,24,15,18,3,12,10,11,8,7,6,2,22],[21,5,9,13,1,17,16,20,15,19,18,14,4,24,2,12,11,10,8,7,6,3,23,22],[17,5,9,21,1,13,16,20,19,15,14,4,24,18,2,12,11,10,8,6,3,22],[1,9,5,13,17,21,20,16,15,19,18,14,4,24,2,12,10,8,7,6,11,3],[1,13,21,5,17,9,16,20,15,19,14,4,24,18,3,12,10,8,6,11,2,22],[9,5,17,21,1,13,16,20,19,15,14,4,24,18,2,12,11,10,8,7,6,3,23,22],[1,21,5,17,13,9,16,20,15,19,18,14,4,24,3,12,11,10,8,6,2,23,22],[5,21,1,13,9,17,16,20,15,18,19,14,4,24,3,12,11,10,8,6,2,23,22],[9,1,5,21,13,17,20,16,15,18,14,19,4,24,3,12,11,10,8,6,2,22],[1,9,17,5,13,21,20,16,19,15,14,4,24,18,2,12,10,8,7,6,11,3,22],[17,1,21,13,9,5,16,20,19,14,4,24,15,18,2,12,11,10,8,6,3,23,22],[13,17,5,9,1,21,20,16,19,15,14,4,24,18,2,12,10,8,7,6,11,3,22],[5,21,9,1,17,13,20,16,19,15,18,14,4,24,2,12,10,8,7,6,11,3],[13,9,1,17,5,21,16,20,19,15,18,14,4,24,2,12,10,8,7,6,11,3],[21,9,5,13,1,17,16,20,14,19,4,24,18,15,2,12,10,8,6,11,3,22],[5,17,13,21,9,1,16,20,19,14,4,24,15,18,3,12,11,10,8,7,6,2,23,22],[21,17,5,13,9,1,20,16,19,14,4,24,15,18,3,12,10,11,8,7,6,2,22],[17,21,1,13,9,5,16,20,19,15,14,4,24,18,12,10,3,8,6,11,2,23,22],[1,21,13,17,9,5,20,16,14,18,15,19,4,24,3,12,10,8,6,11,2,22],[1,13,17,9,21,5,16,20,14,18,15,19,4,24,2,12,10,8,7,6,11,3,22],[17,13,21,9,1,5,16,20,14,18,19,4,24,15,2,12,10,8,6,11,3,23,22],[9,13,5,1,21,17,20,16,19,15,14,4,24,18,3,12,11,10,8,7,6,2,22],[9,21,17,5,13,1,16,20,19,14,4,24,18,15,12,11,10,3,8,6,2,23,22],[1,5,13,17,21,9,20,16,19,15,18,14,4,24,3,12,10,8,6,11,2,23,22],[9,21,1,13,5,17,20,16,15,19,14,4,24,18,3,12,11,10,8,6,2,22],[13,17,1,5,9,21,16,20,18,15,19,14,4,24,3,12,11,10,8,7,6,2,23,22],[1,17,5,21,13,9,20,16,18,14,15,19,4,24,3,12,11,10,8,6,2,22],[9,5,13,21,17,1,16,20,19,14,4,24,15,18,2,12,10,8,7,6,11,3,22],[9,5,13,1,17,21,16,20,14,18,15,19,4,24,3,12,10,11,8,7,6,2,23,22],[21,9,5,13,17,1,16,20,14,18,15,19,4,24,3,12,10,8,6,11,2,22],[9,17,1,13,21,5,20,16,15,18,19,14,4,24,3,12,11,10,8,6,2,22],[21,17,13,5,9,1,16,20,15,19,14,24,4,18,3,12,11,10,8,6,2,23,22],[17,1,13,5,9,21,16,20,18,15,19,14,4,24,3,12,11,10,8,6,2,22],[13,9,1,17,5,21,16,20,15,19,14,4,24,18,2,12,10,8,7,6,11,3,23,22],[17,1,21,13,5,9,16,20,19,15,14,4,24,18,2,12,10,8,6,11,3,22],[9,17,13,21,1,5,16,20,14,19,4,24,18,15,3,12,10,8,7,6,11,2],[17,13,5,21,9,1,16,20,18,14,19,4,24,15,2,12,10,8,6,11,3,23,22],[1,17,9,13,21,5,16,20,14,19,4,24,18,15,3,12,10,8,7,6,11,2],[13,1,9,17,21,5,16,20,14,18,15,19,4,24,2,12,11,10,8,7,6,3,22],[13,9,17,1,5,21,20,16,15,19,14,4,24,18,3,12,10,8,7,6,11,2,23,22],[1,21,13,5,9,17,20,16,18,15,14,19,4,24,2,12,11,10,8,7,6,3],[1,9,17,5,13,21,20,16,14,18,15,19,4,24,2,12,10,8,6,11,3,23,22],[5,21,13,17,1,9,20,16,14,18,19,4,24,15,2,12,10,8,6,11,3,22],[9,21,17,1,13,5,16,20,18,15,19,14,4,24,3,12,11,10,8,6,2,23,22],[13,21,1,9,5,17,16,20,14,19,24,4,18,15,2,12,11,10,8,7,6,3,23,22],[21,1,17,5,9,13,20,16,19,15,18,14,4,24,3,12,11,10,8,6,2,22],[21,5,9,13,17,1,20,16,19,14,4,24,15,18,3,12,10,8,7,6,11,2,22],[9,5,13,21,1,17,16,20,15,19,18,14,4,24,2,12,10,11,8,6,3,23,22],[5,21,13,9,17,1,20,16,19,14,4,24,15,18,3,12,10,8,6,11,2,23,22],[21,9,5,17,13,1,16,20,15,19,18,14,4,24,3,12,11,10,8,7,6,2],[21,13,9,5,1,17,16,20,19,15,18,14,4,24,3,12,11,10,8,7,6,2,22],[9,13,5,1,21,17,20,16,15,19,18,14,4,24,3,12,11,10,8,6,2,22],[13,17,21,9,1,5,16,20,19,14,4,24,18,15,2,12,10,8,6,11,3,23,22],[5,17,21,13,9,1,16,20,15,18,14,19,4,24,3,12,11,10,8,7,6,2],[5,17,21,13,1,9,20,16,14,18,15,19,4,24,3,12,10,11,8,6,2,23,22],[13,21,17,9,5,1,16,20,15,19,14,4,24,18,2,12,10,8,6,11,3,22],[1,13,21,5,17,9,16,20,15,19,14,4,24,18,2,12,11,10,8,7,6,3],[21,5,1,17,9,13,20,16,19,15,18,14,4,24,2,12,10,8,7,6,11,3,23,22],[5,9,21,1,13,17,20,16,15,18,14,19,4,24,2,12,10,8,7,6,11,3,23,22],[17,21,13,5,9,1,16,20,19,14,4,24,15,18,3,12,10,8,7,6,11,2,23,22],[9,17,5,21,1,13,16,20,15,19,18,14,4,24,3,12,10,11,8,7,6,2,23,22],[9,5,17,21,13,1,16,20,19,14,4,24,18,15,2,12,10,8,6,11,3,23,22],[21,1,17,5,13,9,20,16,15,18,19,14,4,24,3,12,11,10,8,6,2,23,22],[13,1,5,9,21,17,16,20,14,19,4,24,15,18,3,12,10,8,7,6,11,2,22],[9,1,13,17,21,5,20,16,19,15,18,14,4,24,3,12,11,10,8,7,6,2,23,22],[1,21,13,5,17,9,20,16,14,19,4,24,18,15,2,12,11,10,8,6,3,22],[9,5,13,1,17,21,20,16,19,15,18,14,4,24,3,12,11,10,8,6,2,23,22],[21,13,9,5,1,17,20,16,19,15,14,4,24,18,2,12,10,8,6,11,3,23,22],[5,9,13,17,21,1,20,16,19,14,4,24,18,15,12,11,10,3,8,7,6,2,22],[9,21,13,17,1,5,20,16,14,19,4,24,18,15,3,12,11,10,8,6,2,22],[1,13,9,21,17,5,16,20,15,19,14,4,24,18,3,12,10,8,7,6,11,2],[17,1,13,5,9,21,20,16,18,15,14,19,4,24,2,12,11,10,8,6,3,22],[17,1,5,21,13,9,16,20,18,14,15,19,4,24,3,12,11,10,8,6,2,22],[1,5,9,17,13,21,16,20,18,15,14,19,4,24,3,12,10,8,7,6,11,2,22],[1,5,13,17,21,9,16,20,15,18,19,14,4,24,2,12,10,8,7,6,11,3],[13,1,21,5,17,9,20,16,19,15,18,14,4,24,2,12,10,8,7,6,11,3,22],[21,13,1,5,17,9,20,16,18,15,19,14,4,24,3,12,10,11,8,7,6,2,22],[21,9,1,17,13,5,16,20,19,14,24,4,18,15,2,12,11,10,8,6,3,23,22],[5,1,13,21,17,9,20,16,14,18,15,19,4,24,2,12,10,8,6,11,3,23,22],[1,9,17,13,21,5,20,16,18,14,19,4,24,15,3,12,11,10,8,6,2,23,22],[17,21,13,5,1,9,20,16,15,18,19,14,4,24,3,12,11,10,8,7,6,2,22],[17,13,5,21,9,1,20,16,14,19,4,24,18,15,2,12,10,8,7,6,11,3],[21,13,1,5,17,9,20,16,15,18,14,19,4,24,2,12,10,8,6,11,3,22],[17,21,5,13,9,1,16,20,14,19,4,24,18,15,2,12,10,8,6,11,3,22],[5,9,1,13,21,17,20,16,15,18,19,14,4,24,2,12,10,8,7,6,11,3,22],[9,5,21,17,1,13,20,16,18,14,15,19,4,24,3,12,10,8,6,11,2,22],[13,21,9,17,1,5,16,20,19,14,4,24,15,18,3,12,10,8,6,11,2,23,22],[1,21,13,9,17,5,20,16,14,18,15,19,4,24,2,12,11,10,8,6,3,23,22],[17,9,1,5,13,21,16,20,18,14,15,19,4,24,2,12,11,10,8,7,6,3,23,22],[21,5,17,13,1,9,20,16,15,19,14,4,24,18,3,12,10,8,7,6,11,2,23,22],[9,13,21,1,17,5,16,20,15,19,14,4,24,18,2,12,11,10,8,7,6,3,22],[13,1,17,5,21,9,16,20,14,18,19,4,24,15,12,10,2,8,7,6,11,3],[13,21,17,9,1,5,20,16,18,15,19,14,4,24,2,12,11,10,8,6,3,22],[9,1,5,17,21,13,20,16,19,15,18,14,4,24,2,12,11,10,8,7,6,3,23,22],[9,5,17,21,13,1,20,16,19,15,14,4,24,18,3,12,11,10,8,6,2,23,22],[21,13,9,5,1,17,16,20,18,14,15,19,4,24,2,12,10,11,8,6,3,22],[1,5,13,9,21,17,20,16,14,18,19,4,15,24,3,12,10,8,7,6,11,2,22],[17,5,9,1,21,13,16,20,19,15,18,14,4,24,3,12,10,8,6,11,2,23,22],[13,9,1,21,5,17,20,16,19,14,4,24,18,15,2,12,11,10,8,7,6,3,22],[1,5,21,9,13,17,16,20,15,19,14,4,24,18,2,12,10,8,7,6,11,3,23,22],[13,5,9,17,1,21,16,20,19,15,14,4,24,18,2,12,10,8,7,6,11,3,23,22],[13,17,21,1,5,9,20,16,18,15,14,19,4,24,3,12,11,10,8,6,2,22],[1,9,5,13,17,21,16,20,18,14,15,19,4,24,3,12,10,8,7,6,11,2,23,22],[17,9,13,5,21,1,16,20,14,19,4,24,18,15,2,12,11,10,8,6,3,22],[13,1,21,9,5,17,20,16,15,19,18,14,4,24,2,12,11,10,8,7,6,3,23,22],[5,17,13,9,21,1,16,20,15,18,19,14,4,24,2,12,11,10,8,7,6,3],[5,13,17,21,1,9,16,20,15,18,14,19,4,24,3,12,11,10,8,7,6,2,22],[21,17,1,13,9,5,16,20,15,19,18,14,4,24,3,12,11,10,8,7,6,2,22],[5,17,1,9,13,21,16,20,15,19,18,14,4,24,2,12,10,8,7,6,11,3,23,22],[1,13,5,9,21,17,20,16,14,19,4,24,15,18,3,12,10,8,6,11,2,23,22],[5,21,1,17,13,9,20,16,15,19,14,4,24,18,3,12,11,10,8,7,6,2,23,22],[1,13,5,17,9,21,20,16,15,18,19,14,4,24,2,12,10,8,7,6,11,3,23,22],[1,9,13,5,21,17,20,16,15,18,19,14,4,24,3,12,11,10,8,6,2,23,22],[5,17,9,21,13,1,16,20,18,14,19,4,24,15,2,12,10,11,8,7,6,3,22],[21,1,9,5,17,13,20,16,18,14,19,4,24,15,2,12,10,8,7,6,11,3,22],[5,1,13,9,21,17,20,16,14,18,15,19,4,24,2,12,10,8,6,11,3,22],[1,5,17,21,13,9,20,16,18,15,19,14,4,24,2,12,11,10,8,7,6,3,23,22],[13,5,21,17,1,9,16,20,18,14,19,4,24,15,3,12,10,8,6,11,2,23,22],[17,9,13,5,1,21,16,20,15,18,14,19,4,24,2,12,11,10,8,7,6,3,23,22],[1,13,5,17,21,9,20,16,15,18,14,19,4,24,3,12,10,8,7,6,11,2,23,22],[21,17,1,9,13,5,16,20,14,19,4,24,15,18,3,12,11,10,8,7,6,2,22],[5,1,21,17,9,13,16,20,14,18,15,19,4,24,3,12,10,8,6,11,2,23,22],[13,21,9,1,17,5,16,20,19,15,14,4,24,18,2,12,11,10,8,7,6,3,23,22],[5,9,21,17,13,1,16,20,14,19,24,4,15,18,3,12,10,8,7,6,11,2,22],[17,5,13,1,21,9,20,16,14,18,19,4,15,24,2,12,11,10,8,7,6,3],[13,9,21,17,5,1,20,16,19,15,18,14,4,24,2,12,10,11,8,7,6,3,23,22],[9,21,13,5,17,1,20,16,14,18,19,4,24,15,2,12,10,8,7,6,11,3,22],[13,21,5,17,9,1,20,16,15,18,19,14,4,24,3,12,10,8,7,6,11,2,22],[5,9,17,21,1,13,20,16,14,19,4,24,15,18,2,12,10,8,6,11,3,23,22],[9,21,13,1,5,17,20,16,19,14,4,24,18,15,2,12,11,10,8,6,3,22],[9,17,5,1,13,21,20,16,15,18,19,14,4,24,2,12,11,10,8,6,3,22],[21,5,1,9,17,13,16,20,18,14,15,19,4,24,2,12,10,8,7,6,11,3,22],[9,17,13,1,21,5,16,20,14,18,19,4,24,15,2,12,11,10,8,7,6,3,23,22],[5,1,13,9,21,17,16,20,19,15,18,14,4,24,2,12,11,10,8,7,6,3,22],[1,13,9,5,17,21,16,20,18,14,15,19,4,24,3,12,11,10,8,7,6,2],[1,21,17,13,9,5,20,16,14,19,4,24,18,15,3,12,10,8,6,11,2,23,22],[17,9,5,1,21,13,16,20,15,19,18,14,4,24,3,12,11,10,8,6,2,23,22],[21,13,5,1,9,17,16,20,18,14,15,19,4,24,3,12,10,8,7,6,11,2,23,22],[17,21,9,13,5,1,16,20,19,14,4,24,15,18,2,12,11,10,8,7,6,3,22],[21,1,9,13,5,17,16,20,14,19,4,24,15,18,2,12,10,8,7,6,11,3,22],[1,9,5,13,17,21,16,20,18,15,19,14,4,24,3,12,11,10,8,6,2,23,22],[5,1,17,21,13,9,16,20,14,18,19,4,15,24,3,12,11,10,8,6,2,22],[21,9,13,17,5,1,16,20,18,14,19,4,24,15,3,12,10,8,6,11,2,23,22],[1,5,9,21,13,17,20,16,15,18,14,19,4,24,2,12,11,10,8,6,3,22],[17,1,5,13,9,21,20,16,14,19,4,24,15,18,2,12,10,8,6,11,3,23,22],[21,1,5,9,17,13,16,20,14,18,19,4,24,15,2,12,10,11,8,6,3,22],[1,21,17,9,5,13,16,20,18,15,14,19,4,24,3,12,10,8,7,6,11,2,23,22],[9,5,1,17,21,13,16,20,15,19,18,14,4,24,3,12,10,11,8,7,6,2,23,22],[13,17,5,21,9,1,16,20,19,14,4,24,15,18,3,12,10,8,7,6,11,2,23,22],[21,13,1,9,17,5,16,20,19,15,18,14,4,24,2,12,10,8,7,6,11,3,22],[17,5,1,21,13,9,20,16,19,14,4,24,15,18,3,12,10,8,6,11,2,23,22],[5,21,17,13,1,9,16,20,14,18,19,4,24,15,2,12,10,8,6,11,3,23,22],[13,17,5,9,21,1,16,20,15,18,14,19,4,24,3,12,10,8,6,11,2,22],[1,21,13,17,5,9,20,16,19,14,4,24,15,18,2,12,10,11,8,7,6,3,23,22],[5,9,1,21,17,13,16,20,18,14,19,4,24,15,2,12,11,10,8,7,6,3,22],[17,9,13,21,1,5,20,16,15,18,19,14,4,24,3,12,11,10,8,6,2,23,22],[1,5,9,13,17,21,20,16,19,14,4,24,18,15,3,12,11,10,8,6,2,23,22],[5,9,21,13,1,17,16,20,18,15,19,14,4,24,3,12,11,10,8,7,6,2,23,22],[13,1,5,17,21,9,16,20,15,19,14,4,24,18,2,12,10,8,6,11,3,23,22],[21,13,9,5,17,1,16,20,14,19,4,24,15,18,2,12,10,8,6,11,3,22],[9,1,13,17,21,5,20,16,18,15,19,14,4,24,3,12,11,10,8,6,2,22],[9,21,13,17,1,5,20,16,14,19,4,24,15,18,2,12,10,8,7,6,11,3,23,22],[21,13,9,1,5,17,16,20,14,18,19,4,15,24,2,12,10,8,7,6,11,3,22],[9,21,13,17,5,1,16,20,18,15,14,19,4,24,3,12,11,10,8,6,2,23,22],[13,1,17,9,5,21,20,16,18,14,15,19,4,24,2,12,10,8,6,11,3,23,22],[9,1,21,5,17,13,16,20,15,18,14,19,4,24,2,12,10,8,7,6,11,3,22],[1,17,21,13,9,5,16,20,14,18,15,19,4,24,2,12,10,8,6,11,3,22],[9,5,21,17,1,13,16,20,19,14,4,24,15,18,3,12,11,10,8,7,6,2,23,22],[1,5,21,17,13,9,20,16,15,19,18,14,4,24,2,12,11,10,8,7,6,3,23,22],[1,9,17,5,13,21,16,20,18,15,14,19,4,24,3,12,11,10,8,7,6,2,23,22],[13,17,5,21,9,1,16,20,18,15,14,19,4,24,2,12,11,10,8,7,6,3,22],[21,5,13,9,1,17,16,20,18,14,15,19,4,24,3,12,10,8,6,11,2,22],[13,17,9,1,5,21,20,16,14,19,4,24,15,18,3,12,11,10,8,6,2,23,22],[9,1,17,13,21,5,16,20,15,19,18,14,4,24,3,12,10,8,7,6,11,2,23,22],[1,5,21,9,17,13,20,16,15,19,14,4,24,18,3,12,11,10,8,6,2,22],[1,13,17,9,21,5,16,20,15,18,19,14,4,24,3,12,10,8,6,11,2,22],[1,5,17,21,13,9,20,16,15,19,14,4,24,18,3,12,10,8,6,11,2,23,22],[5,13,9,21,17,1,16,20,19,14,4,24,15,18,2,12,10,11,8,7,6,3,23,22],[21,5,1,17,13,9,20,16,14,18,15,19,4,24,2,12,10,8,7,6,11,3,23,22],[13,17,5,9,21,1,20,16,14,18,15,19,4,24,2,12,10,8,6,11,3,22],[13,1,17,21,5,9,20,16,19,15,14,4,24,18,3,12,10,8,7,6,11,2,23,22],[1,17,5,9,13,21,20,16,15,19,14,24,4,18,3,12,10,8,7,6,11,2,23,22],[9,21,13,1,17,5,16,20,14,18,15,19,4,24,2,12,11,10,8,6,3,23,22],[13,21,1,17,5,9,16,20,19,14,4,24,15,18,2,12,11,10,8,6,3,23,22],[21,17,5,9,13,1,20,16,19,15,14,4,24,18,3,12,11,10,8,6,2,23,22],[9,13,5,17,1,21,20,16,14,18,15,19,4,24,2,12,11,10,8,6,3,22],[5,13,9,17,21,1,16,20,18,14,19,4,24,15,2,12,10,8,7,6,11,3,22],[13,21,5,9,1,17,16,20,18,14,15,19,4,24,2,12,11,10,8,6,3,22],[5,21,17,1,13,9,20,16,14,19,4,24,18,15,2,12,11,10,8,6,3,23,22],[5,21,9,1,17,13,20,16,15,18,14,19,4,24,2,12,10,8,7,6,11,3],[1,5,21,13,9,17,20,16,14,18,15,19,4,24,3,12,11,10,8,6,2,23,22],[9,17,1,13,21,5,20,16,19,15,14,4,24,18,2,12,11,10,8,6,3,23,22],[17,13,1,5,9,21,20,16,15,18,14,19,4,24,2,12,10,8,7,6,11,3,23,22],[21,1,5,17,9,13,20,16,18,14,15,19,4,24,2,12,10,8,6,11,3,23,22],[1,21,9,5,13,17,20,16,19,15,14,4,24,18,2,12,11,10,8,7,6,3],[5,9,17,21,13,1,16,20,15,19,18,14,4,24,2,12,10,8,7,6,11,3,23,22],[21,1,5,13,17,9,16,20,18,14,19,4,24,15,2,12,11,10,8,6,3,23,22],[13,17,1,5,21,9,20,16,19,14,4,24,18,15,2,12,10,8,6,11,3,22],[17,1,5,9,13,21,16,20,18,14,15,19,4,24,3,12,10,8,6,11,2,22],[1,5,17,21,13,9,16,20,14,18,15,19,4,24,2,12,10,8,7,6,11,3,22],[13,17,5,1,21,9,20,16,19,15,18,14,4,24,2,12,10,8,6,11,3,22],[17,13,1,5,9,21,16,20,15,18,14,19,4,24,2,12,11,10,8,7,6,3,23,22],[5,13,9,21,17,1,20,16,15,19,18,14,4,24,2,12,10,8,7,6,11,3,23,22],[21,17,5,1,9,13,16,20,18,14,15,19,4,24,2,12,11,10,8,7,6,3],[9,13,17,5,21,1,16,20,19,14,4,24,18,15,3,12,10,11,8,7,6,2,22],[1,9,5,17,13,21,20,16,14,19,4,24,18,15,2,12,10,8,7,6,11,3,23,22],[13,5,9,21,17,1,16,20,14,19,4,24,15,18,2,12,10,8,6,11,3,23,22],[17,9,5,21,13,1,20,16,15,18,14,19,4,24,2,12,11,10,8,6,3,23,22],[1,21,9,5,13,17,16,20,15,19,14,4,24,18,2,12,11,10,8,7,6,3,23,22],[5,21,17,9,1,13,20,16,14,18,19,4,24,15,2,12,11,10,8,6,3,22],[9,5,1,21,13,17,16,20,15,18,19,14,4,24,3,12,11,10,8,7,6,2,22],[9,21,1,17,5,13,16,20,18,15,19,14,4,24,3,12,10,8,7,6,11,2,23,22],[1,21,13,17,9,5,16,20,19,15,18,14,4,24,2,12,10,11,8,6,3,22],[5,13,9,17,21,1,20,16,15,19,14,4,24,18,2,12,11,10,8,7,6,3,22],[21,17,9,5,1,13,16,20,18,15,19,14,4,24,3,12,10,8,7,6,11,2,22],[1,21,17,5,13,9,16,20,19,15,18,14,4,24,3,12,11,10,8,7,6,2,23,22],[5,1,21,17,9,13,20,16,15,18,14,19,4,24,3,12,11,10,8,7,6,2,22],[21,17,13,1,9,5,16,20,18,14,15,19,4,24,2,12,11,10,8,7,6,3,22],[1,13,9,5,17,21,16,20,18,14,19,4,15,24,2,12,11,10,8,6,3,22],[1,9,13,17,5,21,20,16,18,15,14,19,4,24,3,12,11,10,8,6,2,22],[13,1,9,17,5,21,16,20,18,15,19,14,4,24,2,12,10,8,6,11,3,22],[9,13,17,1,5,21,20,16,19,15,18,14,4,24,3,12,10,8,6,11,2,22],[1,17,13,21,9,5,16,20,14,18,15,19,4,24,3,12,10,8,7,6,11,2,23,22],[9,5,21,13,17,1,20,16,15,19,18,14,4,24,3,12,11,10,8,6,2,23,22],[21,17,9,5,1,13,16,20,19,14,4,24,18,15,2,12,11,10,8,6,3,23,22],[17,9,5,21,13,1,20,16,18,15,19,14,4,24,3,12,10,8,6,11,2,23,22],[13,17,5,21,9,1,16,20,18,15,14,19,4,24,2,12,11,10,8,7,6,3,23,22],[1,13,5,17,21,9,16,20,15,18,19,14,4,24,3,12,11,10,8,7,6,2,23,22],[13,5,1,17,21,9,20,16,19,14,4,24,18,15,2,12,11,10,8,7,6,3,23,22],[13,5,1,9,17,21,20,16,15,19,14,4,24,18,2,12,11,10,8,6,3,22],[17,13,9,1,5,21,16,20,14,19,4,24,15,18,3,12,11,10,8,6,2,23,22],[1,13,17,21,5,9,16,20,15,19,14,4,24,18,3,12,10,8,6,11,2,22],[9,5,17,21,13,1,16,20,14,18,15,19,4,24,3,12,10,8,6,11,2,23,22],[1,9,21,17,5,13,20,16,15,18,19,14,4,24,2,12,10,8,7,6,11,3],[1,17,21,13,5,9,16,20,19,15,18,14,4,24,2,12,11,10,8,6,3,23,22],[21,17,1,13,5,9,20,16,18,15,14,19,4,24,2,12,11,10,8,6,3,23,22],[5,9,13,1,17,21,20,16,14,18,19,4,24,15,2,12,10,8,6,11,3,22],[9,5,17,21,13,1,20,16,14,19,4,24,15,18,2,12,11,10,8,7,6,3,23,22],[9,1,17,13,5,21,20,16,18,15,14,19,4,24,3,12,11,10,8,6,2,22],[17,5,21,9,1,13,16,20,18,14,19,4,15,24,3,12,10,8,7,6,11,2],[5,21,13,9,17,1,16,20,15,18,19,14,4,24,2,12,11,10,8,6,3,22],[13,21,5,1,17,9,16,20,18,15,19,14,4,24,3,12,10,8,7,6,11,2,23,22],[21,17,1,13,5,9,16,20,18,15,4,19,14,24,3,12,10,8,6,11,2,23,22],[9,21,13,17,1,5,16,20,18,15,14,19,4,24,2,12,10,8,6,11,3,23,22],[21,5,17,13,1,9,20,16,14,18,19,4,24,15,2,12,11,10,8,7,6,3],[17,21,13,5,9,1,20,16,19,14,4,24,15,18,2,12,11,10,8,6,3,23,22],[9,17,1,21,13,5,16,20,15,18,14,19,4,24,2,12,10,8,7,6,11,3,23,22],[9,5,13,21,17,1,16,20,19,15,18,14,4,24,2,12,10,8,7,6,11,3,22],[1,5,13,9,21,17,16,20,18,14,19,4,24,15,2,12,10,8,7,6,11,3,22],[21,13,9,1,5,17,16,20,14,18,15,19,4,24,3,12,11,10,8,6,2,23,22],[13,9,17,5,21,1,16,20,15,18,14,19,4,24,3,12,11,10,8,6,2,22],[21,13,5,1,17,9,20,16,14,18,19,4,24,15,3,12,10,8,7,6,11,2,23,22],[13,21,5,17,9,1,16,20,15,18,19,14,4,24,2,12,10,8,7,6,11,3,23,22],[13,9,5,21,17,1,16,20,19,14,4,24,18,15,2,12,11,10,8,7,6,3,23,22],[1,21,17,5,13,9,20,16,14,19,4,24,15,18,3,12,10,8,7,6,11,2,22],[5,9,17,21,1,13,16,20,14,19,4,24,15,18,2,12,11,10,8,7,6,3,22],[1,21,5,9,13,17,16,20,14,19,4,24,15,18,3,12,11,10,8,7,6,2,22],[17,1,5,13,9,21,16,20,18,14,19,4,15,24,2,12,10,8,7,6,11,3,22],[9,1,21,13,5,17,20,16,18,15,19,14,4,24,2,12,11,10,8,6,3,23,22],[5,9,17,1,21,13,20,16,19,14,4,24,18,15,3,12,10,8,7,6,11,2,22],[5,1,9,13,21,17,20,16,19,15,18,14,4,24,2,12,11,10,8,6,3,22],[21,1,17,13,9,5,20,16,14,18,15,19,4,24,3,12,10,8,6,11,2,23,22],[17,9,13,5,1,21,16,20,14,18,15,19,4,24,3,12,10,11,8,7,6,2,23,22],[17,5,21,1,13,9,16,20,18,15,14,19,4,24,2,12,10,8,7,6,11,3,23,22],[17,5,13,9,1,21,20,16,19,14,4,24,15,18,2,12,10,8,7,6,11,3,23,22],[5,13,17,21,9,1,16,20,18,15,14,19,4,24,2,12,10,11,8,6,3,23,22],[5,17,21,1,13,9,20,16,18,15,19,14,4,24,2,12,11,10,8,7,6,3,22],[21,17,13,1,5,9,16,20,19,15,14,4,24,18,2,12,11,10,8,6,3,22],[21,9,13,1,17,5,20,16,19,14,4,24,18,15,3,12,10,8,7,6,11,2,23,22],[13,5,17,1,21,9,16,20,14,19,4,24,15,18,3,12,10,11,8,6,2,22],[9,13,21,17,5,1,16,20,18,14,15,19,4,24,2,12,10,8,7,6,11,3,23,22],[21,1,9,17,13,5,20,16,14,18,19,4,24,15,2,12,10,8,6,11,3,22],[9,5,17,21,13,1,16,20,14,19,4,24,18,15,2,12,11,10,8,6,3,23,22],[5,1,13,21,9,17,20,16,18,14,19,4,24,15,3,12,11,10,8,6,2,23,22],[13,9,21,17,1,5,16,20,18,14,19,4,24,15,2,12,10,8,7,6,11,3,22],[21,5,17,13,9,1,20,16,14,19,4,24,18,15,3,12,11,10,8,7,6,2,23,22],[1,5,17,21,9,13,16,20,15,18,14,19,4,24,3,12,11,10,8,6,2,23,22],[9,5,13,17,21,1,16,20,14,18,19,4,24,15,3,12,11,10,8,6,2,23,22],[17,21,9,5,13,1,20,16,14,18,19,4,24,15,3,12,11,10,8,6,2,23,22],[17,21,5,13,9,1,16,20,18,15,19,14,4,24,3,12,10,8,6,11,2,23,22],[17,21,1,5,9,13,20,16,14,19,4,24,18,15,3,12,10,8,7,6,11,2,22],[21,17,5,9,1,13,20,16,15,19,18,14,4,24,2,12,11,10,8,7,6,3],[17,21,13,5,1,9,16,20,19,15,14,4,24,18,2,12,10,8,6,11,3,22],[17,21,13,1,9,5,16,20,19,15,14,4,24,18,3,12,10,8,6,11,2,23,22],[9,17,5,1,13,21,20,16,18,15,14,19,4,24,2,12,10,8,7,6,11,3,23,22],[17,13,21,5,1,9,16,20,19,15,18,14,4,24,2,12,10,8,7,6,11,3,22],[17,9,13,21,5,1,16,20,15,18,19,14,4,24,3,12,11,10,8,7,6,2,22],[13,17,9,5,21,1,20,16,18,15,19,14,4,24,2,12,11,10,8,6,3,22],[21,1,13,17,9,5,20,16,18,14,15,19,4,24,2,12,11,10,8,6,3,23,22],[17,1,13,5,21,9,16,20,19,14,4,24,15,18,3,12,10,8,7,6,11,2,23,22],[5,17,1,9,21,13,20,16,14,19,4,24,15,18,3,12,11,10,8,7,6,2,23,22],[21,5,13,1,9,17,16,20,18,15,19,14,4,24,3,12,10,8,7,6,11,2,23,22],[21,13,1,5,17,9,16,20,14,19,4,24,18,15,2,12,10,8,6,11,3,22],[9,21,5,17,13,1,16,20,19,15,18,14,4,24,2,12,10,8,6,11,3,22],[5,1,13,9,21,17,20,16,18,15,14,19,4,24,2,12,11,10,8,6,3,23,22],[13,9,1,5,17,21,16,20,18,15,19,14,4,24,3,12,10,8,6,11,2,22],[21,17,5,9,13,1,20,16,14,19,4,24,15,18,3,12,11,10,8,7,6,2,23,22],[17,1,13,21,9,5,16,20,15,19,18,14,4,24,2,12,11,10,8,6,3,23,22],[21,9,17,13,1,5,16,20,14,19,4,24,18,15,3,12,10,8,7,6,11,2,22],[21,13,5,17,1,9,16,20,19,14,4,24,18,15,3,12,10,8,7,6,11,2],[1,9,13,17,21,5,20,16,14,18,15,19,4,24,2,12,10,8,6,11,3,23,22],[13,21,9,5,1,17,16,20,18,15,14,19,4,24,2,12,10,8,6,11,3,23,22],[5,21,13,1,9,17,20,16,14,19,4,24,15,18,2,12,10,8,6,11,3,22],[17,5,9,1,21,13,16,20,18,15,14,19,4,24,3,12,11,10,8,7,6,2,22],[13,9,17,21,5,1,16,20,15,18,14,19,4,24,2,12,10,8,6,11,3,22],[17,13,9,5,21,1,20,16,18,14,19,4,15,24,2,12,11,10,8,7,6,3],[21,1,5,13,9,17,16,20,14,18,19,4,15,24,2,12,11,10,8,7,6,3,22],[9,21,5,1,17,13,20,16,19,15,18,14,4,24,2,12,10,11,8,7,6,3],[9,5,1,21,17,13,20,16,18,14,15,19,4,24,2,12,11,10,8,6,3,23,22],[9,17,5,1,21,13,20,16,14,19,4,24,18,15,3,12,11,10,8,6,2,22],[5,1,21,9,13,17,20,16,15,19,14,4,24,18,3,12,10,8,6,11,2,22],[17,5,21,9,1,13,20,16,18,14,15,19,4,24,2,12,11,10,8,6,3,23,22],[21,17,1,5,9,13,20,16,18,14,15,19,4,24,2,12,11,10,8,6,3,23,22],[5,1,21,13,17,9,20,16,18,15,19,14,4,24,3,12,10,8,6,11,2,22],[13,17,9,5,1,21,20,16,15,19,14,4,24,18,3,12,11,10,8,7,6,2,22],[21,5,13,9,1,17,20,16,14,18,19,4,24,15,2,12,11,10,8,7,6,3,22],[17,1,13,21,5,9,20,16,14,18,15,19,4,24,2,12,11,10,8,6,3,22],[9,13,21,17,5,1,20,16,15,19,18,14,4,24,3,12,11,10,8,6,2,23,22],[1,13,9,17,21,5,20,16,19,14,4,24,18,15,3,12,10,8,6,11,2,23,22],[13,9,1,17,5,21,20,16,15,18,14,19,4,24,12,11,10,3,8,7,6,2,22],[13,5,1,17,9,21,16,20,15,18,19,14,4,24,2,12,11,10,8,6,3,22],[13,5,21,1,9,17,20,16,14,19,4,24,15,18,2,12,11,10,8,6,3,23,22],[1,5,13,9,17,21,20,16,15,19,14,4,24,18,3,12,10,8,6,11,2,22],[13,21,17,9,1,5,16,20,14,19,4,24,18,15,2,12,10,8,6,11,3,22],[5,17,9,1,13,21,16,20,15,18,19,14,4,24,3,12,10,8,7,6,11,2,23,22],[21,1,17,13,5,9,20,16,19,14,4,24,15,18,2,12,11,10,8,6,3,22],[9,21,5,1,13,17,20,16,18,14,19,4,24,15,3,12,10,8,6,11,2,23,22],[9,5,13,17,21,1,16,20,19,15,18,14,4,24,3,12,11,10,8,7,6,2],[21,13,5,17,9,1,20,16,14,18,15,19,4,24,3,12,10,8,7,6,11,2,22],[5,1,13,17,21,9,20,16,19,14,4,24,15,18,3,12,11,10,8,7,6,2,22],[1,21,9,17,5,13,16,20,14,19,4,24,18,15,3,12,10,11,8,7,6,2],[17,1,9,13,5,21,20,16,14,18,19,4,15,24,2,12,10,11,8,6,3,23,22],[17,13,1,5,9,21,16,20,15,19,14,4,24,18,3,12,10,8,7,6,11,2,23,22],[17,5,13,9,21,1,20,16,14,19,4,24,18,15,3,12,10,11,8,7,6,2,22],[21,5,1,13,17,9,16,20,15,19,18,14,4,24,2,12,10,8,6,11,3,22],[13,1,9,5,21,17,16,20,19,15,14,4,24,18,2,12,11,10,8,7,6,3,22],[17,1,21,5,13,9,20,16,14,18,15,19,4,24,2,12,11,10,8,6,3,22],[9,21,17,13,1,5,20,16,14,19,4,24,12,10,18,15,3,8,6,11,2,23,22],[9,13,21,17,1,5,16,20,19,14,4,24,18,15,3,12,11,10,8,7,6,2,22],[13,21,17,1,9,5,16,20,19,14,4,24,15,18,3,12,10,8,6,11,2,23,22],[17,5,1,9,21,13,20,16,19,15,14,4,24,18,3,12,11,10,8,6,2,22],[13,5,17,21,1,9,16,20,15,19,14,4,24,18,2,12,11,10,8,7,6,3,23,22],[5,21,13,1,9,17,16,20,19,14,4,24,18,15,2,12,10,8,6,11,3,23,22],[17,9,1,13,5,21,16,20,15,19,14,4,24,18,3,12,10,8,6,11,2,23,22],[21,17,5,13,9,1,16,20,14,18,19,4,24,15,2,12,10,8,7,6,11,3,22],[17,13,9,5,1,21,16,20,15,18,19,14,4,24,3,12,10,8,6,11,2,22],[21,9,13,1,5,17,16,20,14,18,15,19,4,24,2,12,11,10,8,7,6,3,23,22],[1,5,9,17,13,21,16,20,19,15,18,14,4,24,3,12,10,11,8,7,6,2,23,22],[21,13,9,5,1,17,20,16,19,15,18,14,4,24,3,12,11,10,8,7,6,2,22],[1,17,13,5,21,9,16,20,18,15,14,19,4,24,2,12,10,8,6,11,3,23,22],[9,5,1,17,21,13,16,20,18,14,19,4,24,15,3,12,11,10,8,6,2,23,22],[9,5,21,17,1,13,20,16,18,15,14,19,4,24,3,12,10,8,7,6,11,2],[9,1,21,17,5,13,20,16,18,15,14,19,4,24,2,12,11,10,8,7,6,3,22],[5,9,17,21,13,1,20,16,15,19,18,14,4,24,3,12,10,8,7,6,11,2,22],[1,13,17,21,9,5,20,16,19,15,14,4,24,18,3,12,10,8,6,11,2,23,22],[1,21,13,17,5,9,16,20,18,14,19,4,24,15,2,12,10,8,7,6,11,3,22],[9,21,17,5,1,13,16,20,19,15,18,14,4,24,2,12,10,8,6,11,3,22],[17,9,21,1,13,5,16,20,15,19,14,4,24,18,3,12,11,10,8,7,6,2],[13,21,1,17,9,5,20,16,15,18,19,14,4,24,3,12,11,10,8,6,2,22],[1,9,17,5,13,21,20,16,19,15,18,14,4,24,2,12,11,10,8,7,6,3,22],[9,1,5,17,21,13,16,20,14,19,4,24,18,15,2,12,10,8,7,6,11,3,23,22],[9,1,17,5,21,13,16,20,14,18,19,4,24,15,2,12,11,10,8,7,6,3,23,22],[5,17,9,21,1,13,20,16,18,14,15,19,4,24,3,12,10,8,6,11,2,23,22],[1,13,17,9,21,5,20,16,19,15,14,4,24,18,2,12,10,8,7,6,11,3,23,22],[17,1,5,9,21,13,20,16,14,18,19,4,24,15,2,12,10,8,6,11,3,23,22],[1,21,17,5,13,9,16,20,19,14,4,24,15,18,3,12,11,10,8,6,2,23,22],[1,5,9,21,17,13,20,16,19,14,4,24,18,15,3,12,11,10,8,7,6,2,23,22],[1,9,17,21,5,13,16,20,14,18,15,19,4,24,2,12,10,8,7,6,11,3,23,22],[13,17,21,1,5,9,20,16,19,14,4,24,18,15,2,12,11,10,8,7,6,3],[1,21,13,5,17,9,16,20,19,15,18,14,4,24,3,12,10,8,6,11,2,22],[21,9,1,17,5,13,16,20,15,19,14,4,24,18,2,12,11,10,8,7,6,3,23,22],[1,5,21,13,17,9,16,20,19,15,18,14,4,24,3,12,11,10,8,6,2,22],[17,13,5,21,1,9,20,16,18,14,19,4,15,24,2,12,11,10,8,7,6,3,23,22],[1,5,9,21,17,13,20,16,14,19,4,24,18,15,2,12,10,8,7,6,11,3,22],[17,5,13,21,1,9,20,16,15,19,18,14,4,24,2,12,10,8,7,6,11,3],[1,17,21,5,9,13,20,16,14,19,4,24,18,15,3,12,10,8,6,11,2,23,22],[17,5,1,13,9,21,16,20,18,15,19,14,4,24,3,12,11,10,8,7,6,2,23,22],[13,1,17,9,21,5,16,20,14,19,4,24,18,15,3,12,10,11,8,6,2,22],[5,17,9,1,13,21,16,20,14,18,15,19,4,24,2,12,11,10,8,7,6,3,22],[9,17,5,21,13,1,20,16,15,19,14,4,24,18,3,12,11,10,8,6,2,22],[21,13,9,17,5,1,20,16,19,1