{"problem_id":"EMYjZaFyReo8RoR","sigma":75,"alpha":0.316,"cost":0,"probabilities":"[0.01, 0.02, 0.66, 0.31]","payoff_matrix":"[[151, -175, 98, 81, 73, 19], [43, -33, -10, 138, -147, -70], [25, -154, 80, -75, 19, -121], [19, -173, 78, 29, -31, 2]]","uncovered":[[3,19,11,15,7,23,12],[19,3,7,15,23,11,12],[7,15,23,19,11,3,4,12],[11,3,7,23,19,15,4,12],[23,11,7,15,19,3,12],[19,11,23,7,15,3,4,12],[23,7,15,11,3,19,4,12],[11,23,7,19,3,15,4,12],[7,3,19,11,23,15,12],[11,7,23,15,3,19,4,12],[23,3,7,15,19,11,4,12],[19,23,15,3,7,11,4,12],[3,19,7,15,11,23,4,12],[3,15,23,7,11,19,4,12],[23,7,15,11,3,19,12],[3,15,7,23,11,19,12],[11,15,3,23,19,7,4,12],[15,19,11,7,23,3,4,12],[7,19,23,15,11,3,12],[23,15,7,11,3,19,4,12],[23,7,3,11,19,15,4,12],[3,19,23,11,15,7,4,12],[19,3,11,23,7,15,4,12],[15,7,19,3,23,11,12],[19,15,3,7,23,11,4,12],[3,11,23,15,19,7,4,12],[3,23,11,7,15,19,4,12],[15,3,11,23,7,19,12],[7,23,3,11,19,15,12],[7,23,19,15,11,3,4,12],[11,7,15,23,3,19,12],[7,23,3,19,15,11,4,12],[19,11,3,23,7,15,4,12],[19,23,3,15,11,7,12],[19,15,23,7,3,11,4,12],[7,15,3,19,11,23,12],[23,15,11,19,3,7,4,12],[15,11,23,19,7,3,4,12],[19,23,3,15,11,7,4,12],[23,19,15,11,3,7,12],[19,23,3,7,15,11,4,12],[15,19,7,3,11,23,12],[7,15,11,19,23,3,12],[7,19,23,3,11,15,4,12],[3,11,7,19,15,23,12],[23,3,19,7,15,11,12],[11,15,23,3,19,7,12],[23,15,3,7,19,11,12],[19,23,15,3,11,7,12],[23,3,15,19,11,7,12],[19,15,7,23,11,3,4,12],[3,11,7,15,19,23,4,12],[7,11,15,3,19,23,4,12],[19,7,23,3,15,11,4,12],[11,15,3,19,7,23,12],[19,11,7,3,15,23,12],[15,7,19,11,3,23,4,12],[15,23,3,7,19,11,4,12],[7,23,11,3,15,19,4,12],[7,11,15,19,23,3,12],[11,15,23,3,7,19,12],[19,15,11,3,23,7,12],[11,15,19,23,3,7,12],[11,23,3,15,7,19,4,12],[19,3,23,15,11,7,4,12],[7,19,11,15,3,23,4,12],[3,15,11,7,19,23,12],[15,7,19,3,11,23,12],[15,7,19,11,23,3,4,12],[7,3,11,19,15,23,4,12],[19,11,15,7,23,3,12],[15,11,19,23,3,7,12],[7,19,15,11,23,3,12],[3,15,11,7,23,19,4,12],[7,3,19,11,15,23,12],[11,7,3,23,15,19,4,12],[19,7,3,11,15,23,4,12],[15,23,7,3,11,19,4,12],[7,15,11,23,19,3,4,12],[19,23,7,3,11,15,12],[3,11,7,23,15,19,4,12],[15,7,11,3,19,23,12],[7,23,3,15,19,11,4,12],[19,23,7,15,11,3,12],[23,15,3,11,19,7,4,12],[3,11,23,15,19,7,12],[7,23,15,3,11,19,4,12],[11,19,3,15,23,7,12],[23,15,3,7,19,11,12],[15,19,7,11,23,3,12],[19,7,15,3,23,11,4,12],[7,19,23,15,3,11,4,12],[15,11,3,23,7,19,12],[3,15,23,11,19,7,12],[15,23,3,7,11,19,4,12],[3,15,23,11,19,7,12],[7,19,11,23,3,15,4,12],[19,23,7,3,15,11,12],[23,3,7,11,19,15,4,12],[19,15,23,11,3,7,4,12],[7,19,15,23,11,3,4,12],[23,7,11,19,3,15,4,12],[15,3,11,7,19,23,4,12],[15,19,7,11,23,3,12],[7,3,11,15,19,23,12],[19,7,11,23,3,15,4,12],[23,11,3,15,19,7,4,12],[7,15,19,3,23,11,12],[3,19,7,23,15,11,4,12],[15,19,11,3,7,23,12],[19,11,15,7,23,3,4,12],[7,23,19,11,15,3,12],[7,15,19,23,11,3,4,12],[19,15,3,23,11,7,4,12],[23,19,7,15,11,3,12],[3,19,23,15,7,11,12],[15,23,7,3,11,19,12],[19,23,3,15,11,7,4,12],[23,15,7,11,19,3,4,12],[19,15,7,3,23,11,4,12],[7,11,23,3,15,19,12],[23,3,19,15,7,11,12],[7,15,19,11,23,3,4,12],[23,3,7,15,11,19,12],[7,15,11,19,23,3,4,12],[23,3,19,15,11,7,20],[3,11,7,19,15,23,4,12],[15,7,19,11,3,23,4,12],[7,11,23,19,3,15,12],[3,23,11,7,19,15,4,12],[11,3,15,23,19,7,4,12],[19,15,3,23,7,11,4,12],[7,23,11,19,15,3,12],[15,23,3,7,11,19,4,12],[3,23,7,19,15,11,4,12],[15,3,7,23,19,11,12],[7,3,19,23,11,15,4,12],[7,15,19,11,23,3,12],[11,15,23,7,3,19,12],[15,7,3,19,11,23,12],[23,3,19,7,11,15,4,12],[19,7,3,15,11,23,4,12],[7,19,15,23,11,3,12],[23,15,11,3,7,19,12],[7,19,3,11,23,15,4,12],[11,7,19,23,15,3,20],[23,15,3,19,11,7,12],[23,3,15,19,11,7,4,12],[3,15,7,19,23,11,12],[19,15,11,23,3,7,4,12],[3,19,23,15,7,11,12],[15,7,23,3,11,19,4,12],[15,7,23,19,11,3,12],[3,7,19,15,23,11,4,12],[3,15,23,7,11,19,12],[11,3,7,23,19,15,12],[19,11,23,15,7,3,4,12],[3,7,15,11,23,19,4,12],[11,15,3,23,7,19,12],[7,15,23,11,3,19,12],[23,3,7,11,19,15,4,12],[7,23,15,11,19,3,4,12],[15,3,11,7,19,23,4,12],[23,19,11,7,15,3,12],[19,15,11,23,7,3,12],[15,7,3,19,11,23,4,12],[3,15,7,11,23,19,4,12],[7,23,11,15,19,3,4,12],[11,23,15,3,19,7,4,12],[23,11,7,19,15,3,4,12],[11,7,15,23,19,3,4,12],[23,19,15,3,11,7,4,12],[3,11,7,15,19,23,4,12],[3,7,11,19,15,23,12],[19,11,23,15,7,3,12],[15,7,23,11,19,3,12],[19,23,7,11,3,15,4,12],[19,7,11,15,3,23,4,12],[3,7,11,15,23,19,4,12],[19,7,3,23,11,15,4,12],[19,3,15,11,7,23,12],[3,19,11,23,7,15,12],[11,19,23,15,3,7,12],[15,3,7,19,23,11,4,12],[11,3,15,7,19,23,12],[3,11,7,23,15,19,12],[3,11,19,7,15,23,4,12],[19,15,3,23,11,7,4,12],[11,7,3,15,23,19,4,12],[7,3,19,11,23,15,12],[3,19,23,7,15,11,12],[23,11,15,19,3,7,12],[23,7,15,11,19,3,12],[3,23,11,15,7,19,12],[23,19,7,15,11,3,4,12],[15,3,11,7,19,23,4,12],[15,11,19,23,7,3,12],[19,3,11,23,15,7,12],[15,11,3,19,7,23,4,12],[11,7,19,15,23,3,4,12],[19,11,23,7,15,3,4,12],[19,23,7,3,15,11,4,12],[11,7,15,23,3,19,4,12],[15,3,19,23,7,11,4,12],[3,23,7,19,15,11,12],[11,7,19,3,15,23,12],[19,3,11,7,23,15,4,12],[11,19,23,3,15,7,4,12],[15,19,3,7,11,23,4,12],[3,7,11,23,19,15,12],[3,23,11,15,7,19,12],[19,3,11,15,23,7,12],[7,23,15,19,3,11,12],[19,11,3,23,15,7,4,12],[3,19,11,7,23,15,12],[19,11,15,23,3,7,12],[15,7,11,3,23,19,12],[3,23,7,11,19,15,4,12],[3,23,19,11,15,7,4,12],[7,23,15,19,11,3,4,12],[7,3,15,23,11,19,4,12],[23,3,7,11,15,19,12],[15,11,7,19,3,23,12],[11,3,19,23,7,15,12],[7,11,15,23,3,19,12],[11,19,3,15,23,7,4,12],[15,3,23,19,7,11,4,12],[11,15,3,19,7,23,4,12],[7,23,11,3,15,19,12],[7,15,3,23,19,11,12],[3,11,15,7,23,19,12],[11,15,7,23,3,19,12],[7,3,15,11,23,19,4,12],[23,3,7,19,15,11,12],[23,19,11,7,3,15,12],[15,19,7,11,23,3,4,12],[7,19,11,15,23,3,4,12],[3,11,7,19,23,15,4,12],[11,23,15,19,7,3,4,12],[11,23,3,19,15,7,12],[15,23,11,3,19,7,4,12],[7,11,3,19,23,15,4,12],[7,11,3,23,15,19,12],[19,15,7,3,11,23,12],[23,11,7,3,19,15,12],[7,19,11,23,3,15,4,12],[23,15,19,11,3,7,12],[19,7,23,11,3,15,12],[3,19,7,15,11,23,4,12],[3,15,11,19,7,23,12],[19,3,23,15,7,11,4,12],[3,7,11,15,23,19,4,12],[3,15,7,23,11,19,12],[15,11,3,19,7,23,12],[15,19,7,23,11,3,4,12],[19,15,23,11,7,3,4,12],[19,7,15,11,3,23,12],[3,23,15,11,7,19,12],[11,19,7,3,15,23,4,12],[3,15,7,11,23,19,4,12],[7,23,3,19,15,11,4,12],[11,23,3,19,15,7,4,12],[19,23,7,15,3,11,4,12],[11,15,3,23,19,7,12],[3,15,19,7,23,11,4,12],[23,19,15,7,11,3,12],[7,19,3,11,23,15,4,12],[15,7,3,11,23,19,4,12],[11,3,15,7,23,19,4,12],[15,3,19,23,7,11,12],[23,15,7,3,11,19,4,12],[11,23,3,19,7,15,4,12],[15,23,19,3,7,11,4,12],[19,11,7,23,3,15,12],[15,23,19,3,11,7,12],[7,19,15,11,3,23,12],[19,11,23,7,3,15,12],[23,19,7,3,11,15,4,12],[11,3,19,23,7,15,4,12],[3,7,15,11,23,19,4,12],[23,11,7,3,19,15,12],[11,7,3,15,23,19,12],[15,7,11,3,19,23,12],[19,23,15,3,11,7,4,12],[15,7,19,11,3,23,4,12],[23,19,3,11,7,15,4,12],[23,3,19,11,7,15,4,12],[19,11,7,3,15,23,12],[3,7,11,19,15,23,4,12],[19,11,3,15,23,7,12],[3,7,19,11,15,23,12],[15,19,11,7,3,23,12],[19,11,7,23,15,3,4,12],[7,3,11,15,23,19,4,12],[19,7,11,23,15,3,4,12],[19,7,15,11,23,3,4,12],[7,23,15,3,11,19,12],[3,19,7,11,23,15,12],[7,3,23,19,11,15,4,12],[3,19,7,11,23,15,12],[11,3,7,15,19,23,4,12],[3,11,7,23,15,19,4,12],[19,3,23,11,15,7,4,12],[15,3,11,23,7,19,12],[19,23,11,15,3,7,12],[19,7,15,23,11,3,4,12],[19,3,11,15,7,23,12],[7,15,23,19,3,11,4,12],[11,3,15,7,19,23,12],[11,19,15,23,3,7,4,12],[23,19,15,3,7,11,4,12],[23,19,7,11,15,3,4,12],[7,3,19,23,15,11,12],[23,15,19,3,7,11,12],[7,11,19,23,3,15,12],[11,15,3,7,23,19,4,12],[23,3,11,15,7,19,12],[11,23,7,19,3,15,4,12],[3,11,23,15,7,19,4,12],[11,15,19,23,7,3,4,12],[19,7,15,11,3,23,4,12],[3,19,11,23,7,15,12],[23,3,11,7,15,19,4,12],[23,11,19,15,7,3,4,12],[15,11,23,3,7,19,12],[7,23,15,3,11,19,4,12],[23,3,15,7,11,19,12],[15,19,7,3,23,11,4,12],[3,11,15,19,23,7,4,12],[15,3,7,19,23,11,4,12],[3,15,11,23,19,7,12],[23,7,15,19,11,3,4,12],[23,11,15,7,3,19,4,12],[19,23,15,7,11,3,4,12],[3,23,11,7,19,15,12],[7,23,19,3,15,11,4,12],[7,19,11,3,23,15,12],[3,11,7,23,19,15,4,12],[11,3,7,19,23,15,4,12],[7,11,19,23,15,3,12],[11,19,23,3,15,7,4,12],[19,23,7,3,15,11,4,12],[3,11,7,23,15,19,4,12],[3,19,23,15,7,11,12],[3,23,15,19,11,7,4,12],[7,15,11,19,3,23,12],[11,23,19,15,7,3,4,12],[11,3,23,19,7,15,12],[23,19,15,7,11,3,4,12],[7,19,11,3,15,23,4,12],[11,3,23,19,15,7,12],[15,11,7,23,3,19,4,12],[15,11,23,7,3,19,4,12],[3,19,11,15,23,7,12],[15,7,3,23,11,19,12],[15,3,11,7,23,19,12],[23,11,3,15,19,7,4,12],[11,7,15,23,19,3,4,12],[15,7,23,11,19,3,12],[19,11,3,15,23,7,12],[7,19,15,11,23,3,4,12],[23,7,19,15,3,11,4,12],[23,15,11,7,19,3,4,12],[7,11,15,3,23,19,12],[11,3,23,7,19,15,4,12],[19,7,11,3,23,15,4,12],[19,7,15,3,11,23,12],[15,7,19,23,11,3,4,12],[7,15,3,23,11,19,4,12],[7,23,3,11,15,19,12],[11,23,15,19,7,3,4,12],[7,3,19,11,23,15,4,12],[7,3,19,23,15,11,12],[11,23,15,7,19,3,4,12],[3,19,23,7,11,15,4,12],[11,15,7,3,19,23,4,12],[23,7,11,19,3,15,4,12],[15,19,7,3,11,23,4,12],[11,3,15,7,23,19,4,12],[19,15,7,23,3,11,12],[19,15,7,3,11,23,4,12],[23,11,7,19,3,15,4,12],[7,11,19,15,3,23,4,12],[11,23,19,3,15,7,12],[11,7,19,15,23,3,4,12],[7,23,15,11,19,3,12],[11,19,23,3,15,7,12],[23,7,15,3,11,19,4,12],[3,23,15,19,11,7,4,12],[23,15,11,19,3,7,12],[11,19,23,3,15,7,12],[11,19,3,15,7,23,12],[23,19,7,11,15,3,12],[19,15,23,3,11,7,4,12],[23,19,11,3,7,15,12],[3,23,7,15,19,11,12],[15,19,11,23,3,7,12],[19,3,11,7,23,15,4,12],[15,11,7,19,23,3,12],[19,11,7,15,23,3,4,12],[7,23,15,19,11,3,12],[19,23,15,11,3,7,12],[15,3,7,19,23,11,12],[3,7,23,19,11,15,12],[7,23,3,15,19,11,4,12],[11,19,15,7,23,3,4,12],[19,7,11,23,15,3,4,12],[19,3,15,7,23,11,12],[11,7,15,19,3,23,4,12],[15,23,3,11,19,7,12],[23,15,7,19,3,11,12],[3,15,11,7,23,19,4,12],[23,19,7,11,3,15,12],[7,3,23,11,15,19,4,12],[19,7,23,3,15,11,12],[11,15,3,23,19,7,4,12],[15,7,3,19,23,11,12],[7,15,23,19,11,3,12],[23,3,7,15,11,19,4,12],[7,15,3,23,19,11,12],[11,15,3,23,19,7,12],[19,23,7,3,11,15,12],[15,3,7,23,19,11,4,12],[3,19,23,11,15,7,4,12],[3,11,15,23,7,19,12],[3,11,19,15,23,7,12],[3,11,7,19,23,15,4,12],[15,11,3,23,7,19,12],[23,3,15,19,7,11,4,12],[7,3,15,11,23,19,4,12],[7,15,23,11,19,3,20],[15,7,3,19,23,11,4,12],[19,23,7,3,15,11,4,12],[23,19,15,11,3,7,4,12],[19,15,7,3,23,11,12],[3,23,19,15,7,11,12],[23,3,15,19,11,7,4,12],[23,3,11,19,7,15,12],[23,7,11,15,3,19,12],[19,11,3,15,7,23,4,12],[7,11,15,23,19,3,4,12],[19,23,7,15,3,11,12],[23,19,15,3,11,7,12],[15,19,7,23,3,11,4,12],[11,7,19,23,15,3,4,12],[19,15,23,11,3,7,4,12],[7,11,19,3,15,23,4,12],[23,11,15,19,7,3,4,12],[3,23,7,11,19,15,12],[19,3,15,7,23,11,4,12],[11,7,3,19,15,23,20],[7,23,15,3,19,11,12],[15,23,7,11,19,3,4,12],[3,11,7,19,15,23,4,12],[11,15,3,19,23,7,12],[23,15,7,11,3,19,4,12],[15,3,19,11,23,7,4,12],[3,15,19,7,23,11,12],[19,23,11,3,7,15,4,12],[11,7,19,15,3,23,12],[7,3,15,19,11,23,4,12],[7,19,15,11,3,23,4,12],[3,11,15,23,19,7,12],[7,11,15,19,3,23,4,12],[19,23,3,7,15,11,12],[19,23,11,3,7,15,4,12],[3,11,23,7,19,15,12],[19,23,15,7,3,11,12],[23,7,3,15,19,11,12],[19,3,23,15,11,7,4,12],[7,23,11,19,15,3,4,12],[23,7,11,15,19,3,12],[19,7,3,15,23,11,12],[11,23,3,7,15,19,12],[7,11,23,15,3,19,12],[15,3,23,11,7,19,4,12],[7,19,11,23,3,15,12],[7,11,23,15,19,3,12],[3,23,11,19,15,7,12],[23,19,11,7,15,3,4,12],[7,3,23,19,11,15,4,12],[15,23,19,3,11,7,12],[7,11,23,15,19,3,12],[7,15,23,11,3,19,12],[19,3,15,23,7,11,12],[23,15,7,11,19,3,4,12],[7,23,11,15,19,3,4,12],[11,23,3,7,19,15,4,12],[3,7,11,23,15,19,12],[7,3,15,19,23,11,4,12],[19,23,3,11,7,15,12],[23,15,7,3,11,19,4,12],[19,15,11,3,7,23,12],[11,3,19,23,15,7,12],[3,19,7,15,11,23,4,12],[11,23,3,19,7,15,4,12],[3,15,23,11,19,7,12],[23,11,3,15,7,19,4,12],[19,23,3,7,11,15,4,12],[7,19,3,23,11,15,4,12],[7,11,3,23,15,19,4,12],[23,11,7,3,15,19,4,12],[7,19,15,23,3,11,4,12],[11,3,7,15,23,19,12],[3,19,7,11,23,15,12],[7,3,15,11,19,23,4,12],[23,15,7,11,19,3,4,12],[23,15,3,7,19,11,12],[15,11,7,19,23,3,12],[19,15,23,3,7,11,4,12],[7,15,11,19,3,23,12],[3,19,11,15,23,7,12],[19,23,7,11,3,15,4,12],[11,3,23,15,7,19,4,12],[23,11,19,15,3,7,12],[19,3,7,15,11,23,12],[23,3,7,11,15,19,12],[7,3,19,15,11,23,12],[15,3,11,19,7,23,4,12],[19,23,15,11,7,3,12],[23,15,11,19,7,3,4,12],[7,3,15,11,23,19,4,12],[3,19,23,7,15,11,12],[11,23,7,15,3,19,4,12],[19,7,11,15,3,23,12],[3,15,19,23,7,11,12],[19,15,11,3,23,7,12],[11,15,23,7,3,19,4,12],[7,23,15,3,11,19,4,12],[7,23,15,19,11,3,4,12],[19,3,23,15,7,11,4,12],[19,7,3,23,11,15,4,12],[23,19,11,7,3,15,4,12],[7,15,11,23,3,19,12],[3,23,7,11,19,15,12],[11,19,15,23,7,3,12],[3,19,11,23,7,15,4,12],[11,7,23,19,3,15,12],[15,7,23,3,11,19,12],[15,7,3,11,23,19,4,12],[7,3,11,23,15,19,4,12],[3,15,23,19,11,7,20],[23,3,15,19,11,7,4,12],[7,11,3,19,15,23,12],[23,7,19,3,11,15,4,12],[7,23,11,3,15,19,4,12],[15,11,3,7,19,23,12],[23,3,7,19,15,11,12],[19,11,7,3,23,15,12],[23,7,15,19,3,11,4,12],[15,3,11,23,19,7,4,12],[19,11,7,15,23,3,12],[23,19,15,7,3,11,12],[15,19,3,7,23,11,12],[11,7,19,23,15,3,4,12],[7,23,3,11,19,15,4,12],[3,7,15,19,11,23,12],[3,15,23,19,11,7,12],[11,19,23,15,7,3,4,12],[7,23,15,19,11,3,4,12],[3,7,11,23,15,19,4,12],[11,23,3,19,15,7,4,12],[7,23,3,11,15,19,12],[23,11,15,3,7,19,4,12],[11,7,15,19,3,23,4,12],[19,11,7,15,3,23,4,12],[19,7,11,23,3,15,4,12],[19,11,7,15,3,23,12],[7,3,15,11,19,23,12],[19,3,23,7,11,15,4,12],[19,11,23,15,3,7,4,12],[11,23,7,3,19,15,4,12],[11,23,7,19,3,15,12],[11,15,23,19,7,3,12],[7,23,3,15,19,11,4,12],[11,3,23,15,7,19,12],[7,19,15,23,3,11,4,12],[7,11,3,19,23,15,12],[19,3,15,11,7,23,12],[23,11,15,19,7,3,4,12],[19,11,7,15,3,23,4,12],[7,11,23,19,3,15,12],[23,7,15,3,19,11,4,12],[15,7,19,23,11,3,12],[15,3,23,7,11,19,12],[15,7,3,19,11,23,12],[15,3,7,11,19,23,4,12],[19,15,7,3,23,11,12],[11,15,23,19,3,7,12],[3,7,15,23,19,11,12],[15,19,7,3,23,11,12],[7,15,3,11,23,19,12],[23,19,3,7,11,15,4,12],[15,7,3,11,23,19,4,12],[23,11,19,15,3,7,4,12],[11,3,23,15,19,7,4,12],[3,15,19,7,11,23,4,12],[23,3,7,19,15,11,12],[11,3,15,7,19,23,12],[7,19,11,15,23,3,12],[3,19,15,7,11,23,4,12],[11,3,23,15,7,19,12],[3,15,7,19,11,23,4,12],[23,11,3,15,7,19,4,12],[11,3,7,15,23,19,12],[3,23,7,11,15,19,12],[19,3,15,23,11,7,12],[23,7,3,19,15,11,4,12],[3,19,11,23,7,15,12],[23,19,7,11,3,15,4,12],[7,23,11,19,15,3,12],[3,19,7,15,11,23,12],[23,7,11,15,3,19,4,12],[15,23,3,11,19,7,4,12],[19,3,11,23,15,7,4,12],[7,23,11,19,3,15,12],[7,3,23,19,15,11,12],[15,7,23,11,3,19,4,12],[7,15,23,19,11,3,12],[11,23,3,19,15,7,12],[3,23,11,7,19,15,12],[19,7,11,23,3,15,12],[3,19,15,7,11,23,4,12],[3,19,11,15,23,7,12],[3,11,19,23,15,7,12],[23,15,11,7,3,19,4,12],[11,15,19,7,23,3,12],[19,23,15,7,11,3,4,12],[19,11,7,15,23,3,4,12],[7,19,23,11,3,15,4,12],[3,11,19,23,7,15,12],[15,11,23,3,7,19,4,12],[15,7,3,11,19,23,12],[15,19,11,7,3,23,12],[15,23,19,7,11,3,12],[19,11,23,7,3,15,12],[15,19,23,7,11,3,4,12],[7,19,23,15,3,11,12],[15,19,23,3,11,7,12],[15,11,23,7,19,3,4,12],[7,3,11,19,15,23,12],[23,11,19,15,7,3,12],[3,11,15,23,19,7,12],[7,11,23,15,19,3,4,12],[11,15,19,7,3,23,4,12],[15,7,11,23,3,19,4,12],[3,15,11,19,7,23,4,12],[19,7,3,11,23,15,12],[23,15,19,3,11,7,4,12],[15,3,7,11,19,23,4,12],[11,23,19,7,3,15,12],[15,11,19,23,7,3,12],[19,7,11,23,3,15,20],[15,7,3,11,19,23,4,12],[3,7,11,15,19,23,4,12],[15,23,19,3,11,7,4,12],[15,3,11,23,19,7,12],[15,11,3,23,19,7,12],[15,19,7,3,23,11,12],[15,3,23,7,19,11,12],[11,23,7,3,15,19,12],[11,15,3,23,19,7,4,12],[11,3,15,7,23,19,4,12],[15,23,19,11,7,3,12],[23,7,19,11,15,3,12],[3,15,11,23,19,7,4,12],[11,15,7,19,3,23,12],[19,7,15,3,11,23,12],[15,3,11,7,23,19,12],[7,19,3,23,11,15,12],[7,11,19,3,15,23,12],[23,15,7,19,3,11,4,12],[15,23,11,19,3,7,12],[7,15,11,19,3,23,12],[11,19,15,7,3,23,4,12],[15,7,11,23,19,3,12],[7,3,15,11,19,23,4,12],[19,7,3,11,15,23,12],[7,19,11,3,15,23,12],[3,23,19,11,7,15,12],[19,15,7,3,11,23,12],[15,7,11,3,19,23,4,12],[7,3,11,15,19,23,12],[19,15,11,23,7,3,12],[23,7,3,15,11,19,4,12],[15,19,7,23,11,3,12],[3,19,11,23,7,15,4,12],[19,11,7,15,3,23,4,12],[15,19,11,7,3,23,12],[7,3,23,19,11,15,12],[3,11,15,23,7,19,4,12],[3,19,15,7,23,11,4,12],[23,7,11,3,19,15,12],[7,15,23,19,3,11,12],[3,7,11,15,19,23,4,12],[3,7,23,11,15,19,12],[23,7,15,19,3,11,12],[19,15,23,11,7,3,12],[11,19,7,3,23,15,12],[3,23,11,19,7,15,12],[11,19,3,15,23,7,12],[11,3,19,23,15,7,12],[23,7,3,15,19,11,12],[23,3,19,7,15,11,4,12],[19,3,11,15,23,7,12],[7,11,15,3,19,23,4,12],[15,11,23,3,7,19,12],[23,3,15,19,11,7,12],[23,15,11,3,19,7,4,12],[23,19,3,7,15,11,12],[19,7,15,11,23,3,12],[7,3,11,23,19,15,12],[11,15,19,3,7,23,4,12],[11,23,19,7,15,3,12],[11,15,23,7,3,19,4,12],[19,23,15,11,7,3,12],[7,3,23,11,15,19,4,12],[19,3,15,11,23,7,12],[19,11,15,7,3,23,4,12],[7,15,23,3,11,19,4,12],[7,11,23,15,3,19,12],[23,11,7,19,3,15,12],[7,19,11,3,23,15,12],[3,15,7,19,11,23,4,12],[11,7,15,19,23,3,12],[19,23,15,3,7,11,4,12],[11,15,19,23,3,7,12],[15,7,19,23,11,3,12],[15,7,23,3,11,19,4,12],[3,15,7,11,19,23,12],[23,11,19,15,3,7,12],[3,23,19,11,15,7,12],[3,7,19,15,11,23,12],[11,3,7,23,19,15,4,12],[19,3,11,15,7,23,12],[15,7,23,19,3,11,4,12],[11,7,19,3,23,15,4,12],[23,3,11,7,19,15,4,12],[23,3,11,19,7,15,12],[23,19,15,7,3,11,12],[11,3,7,23,15,19,4,12],[15,3,7,19,23,11,4,12],[7,19,11,15,3,23,4,12],[3,23,19,15,7,11,12],[11,7,19,3,23,15,12],[15,3,19,7,23,11,4,12],[15,23,11,7,3,19,4,12],[19,3,23,11,7,15,12],[11,3,7,15,23,19,4,12],[15,3,11,7,23,19,12],[3,15,19,23,11,7,12],[3,19,7,15,23,11,12],[23,11,15,19,7,3,4,12],[11,7,19,15,3,23,12],[11,7,15,23,19,3,12],[11,7,3,15,19,23,12],[23,11,19,15,7,3,12],[7,23,3,15,11,19,12],[23,15,3,19,7,11,12],[19,23,3,15,11,7,4,12],[15,19,7,23,11,3,4,12],[3,23,15,11,7,19,12],[15,11,3,23,7,19,12],[11,7,3,19,23,15,12],[15,11,23,3,7,19,12],[7,11,15,23,3,19,12],[7,23,11,19,3,15,4,12],[11,15,7,23,19,3,4,12],[3,15,7,23,19,11,4,12],[19,11,23,7,3,15,12],[7,23,15,3,19,11,12],[3,11,15,23,7,19,4,12],[15,23,7,19,11,3,12],[7,15,11,19,3,23,12],[3,15,11,19,7,23,12],[23,3,11,7,15,19,12],[11,3,7,19,15,23,12],[7,19,15,3,23,11,4,12],[7,19,3,23,11,15,12],[19,23,15,3,11,7,4,12],[15,3,19,11,7,23,4,12],[11,15,19,7,3,23,4,12],[11,23,19,7,15,3,4,12],[11,19,15,3,7,23,12],[15,19,23,3,11,7,12],[15,19,3,7,23,11,12],[19,3,23,11,15,7,4,12],[19,11,3,23,7,15,4,12],[19,7,11,23,15,3,12],[23,11,19,3,7,15,12],[7,11,3,23,19,15,4,12],[19,3,15,11,7,23,12],[7,19,15,3,11,23,12],[3,15,7,23,11,19,12],[11,15,7,19,3,23,4,12],[19,15,11,3,23,7,4,12],[7,11,19,23,3,15,12],[15,7,11,23,3,19,4,12],[11,15,3,7,19,23,4,12],[15,23,7,3,11,19,4,12],[23,15,7,11,19,3,4,12],[11,3,15,7,23,19,4,12],[11,7,3,19,15,23,4,12],[11,15,19,23,3,7,12],[7,3,19,23,11,15,12],[19,3,11,23,15,7,4,12],[11,23,3,19,7,15,12],[15,19,7,23,11,3,4,12],[15,23,3,11,19,7,12],[23,7,15,3,11,19,12],[23,11,3,7,19,15,4,12],[7,11,19,15,3,23,12],[7,15,23,3,11,19,4,12],[11,3,7,23,15,19,4,12],[19,23,15,3,11,7,12],[23,19,3,15,11,7,4,12],[15,11,7,23,3,19,12],[15,3,7,19,11,23,12],[23,19,3,7,11,15,4,12],[23,15,3,11,19,7,12],[7,19,15,23,3,11,12],[3,19,15,23,7,11,4,12],[15,11,3,23,7,19,12],[3,15,7,19,23,11,12],[11,15,7,3,23,19,4,12],[19,15,11,23,7,3,4,12],[3,15,11,19,23,7,4,12],[23,7,15,3,19,11,4,12],[15,3,19,23,11,7,12],[3,11,23,7,15,19,4,12],[19,23,3,15,7,11,4,12],[23,3,11,15,19,7,4,12],[15,11,3,7,19,23,4,12],[19,15,3,23,7,11,12],[15,3,19,11,23,7,4,12],[23,3,7,19,15,11,12],[11,19,23,15,3,7,4,12],[23,11,3,19,7,15,4,12],[11,7,19,23,3,15,12],[23,15,19,7,3,11,4,12],[19,11,23,3,15,7,4,12],[11,23,19,15,7,3,12],[11,23,19,15,3,7,12],[15,7,3,11,19,23,4,12],[15,3,7,11,23,19,4,12],[3,15,19,23,11,7,4,12],[7,11,3,23,15,19,4],[23,19,3,15,11,7,4,12],[3,15,23,11,7,19,12],[19,7,11,15,23,3,4,12],[11,7,23,19,15,3,12],[23,19,7,15,3,11,12],[3,7,23,15,11,19,4,12],[7,19,15,23,11,3,12],[23,3,15,11,19,7,12],[11,19,7,15,3,23,12],[3,15,7,23,19,11,12],[11,23,19,3,7,15,12],[19,3,7,11,15,23,12],[7,23,15,19,11,3,12],[11,15,3,19,7,23,12],[23,15,7,3,19,11,4,12],[19,15,7,3,11,23,4,12],[15,7,11,19,23,3,4,12],[19,3,11,23,15,7,12],[23,19,15,3,7,11,12],[3,19,23,7,11,15,12],[23,11,3,15,7,19,4,12],[3,7,15,23,19,11,12],[3,23,15,7,11,19,12],[3,19,15,11,23,7,4,12],[7,3,11,23,15,19,12],[19,23,7,11,3,15,4,12],[3,11,15,23,7,19,12],[19,7,11,23,15,3,12],[23,19,11,3,7,15,12],[11,7,3,15,19,23,4,12],[15,7,23,11,3,19,4,12],[7,19,11,23,3,15,12],[23,11,3,19,7,15,4,12],[23,11,19,7,15,3,12],[3,19,15,11,7,23,20],[23,15,19,3,7,11,12],[7,3,11,15,19,23,4,12],[19,15,23,11,3,7,4,12],[7,23,11,3,19,15,4,12],[19,7,15,11,23,3,4,12],[11,7,3,19,23,15,4,12],[23,3,15,7,11,19,12],[19,23,11,15,7,3,4,12],[3,19,15,7,23,11,12],[3,23,7,11,19,15,4,12],[7,15,19,23,11,3,12],[19,15,23,3,7,11,4,12],[7,15,3,11,19,23,4,12],[23,19,15,7,3,11,12],[19,11,23,15,3,7,4,12],[23,11,15,3,7,19,12],[15,23,7,11,19,3,4,12],[3,11,7,19,15,23,12],[11,3,15,23,7,19,12],[15,7,11,3,23,19,4,12],[19,7,15,11,23,3,4,12],[15,11,3,23,7,19,4,12],[23,3,11,19,15,7,4,12],[3,19,7,23,15,11,12],[23,19,3,11,15,7,4,12],[3,23,7,15,19,11,4,12],[3,19,11,15,7,23,12],[3,19,15,11,7,23,12],[23,3,19,7,15,11,4,12],[19,7,11,3,15,23,4,12],[19,7,3,23,15,11,12],[7,23,11,15,3,19,4,12],[7,3,15,11,23,19,12],[7,19,3,15,11,23,4,12],[23,19,7,11,3,15,4,12],[3,19,23,15,7,11,12],[19,15,23,3,11,7,12],[3,15,7,19,11,23,12],[7,19,3,15,23,11,12],[7,19,23,15,11,3,12],[15,7,23,19,11,3,4,12],[7,19,3,23,11,15,12],[15,11,23,19,7,3,12],[15,11,3,23,19,7,12],[15,3,11,23,19,7,12],[11,15,23,3,7,19,12],[19,7,3,23,15,11,4,12],[23,3,15,11,7,19,12],[7,23,11,3,19,15,4,12],[19,11,3,7,23,15,12],[19,11,23,15,3,7,4,12],[11,3,19,7,23,15,12],[3,11,23,7,15,19,12],[7,23,15,11,3,19,4,12],[15,11,23,19,3,7,4,12],[23,7,19,11,15,3,12],[23,11,7,19,3,15,4,12],[3,11,19,23,15,7,12],[23,19,11,3,7,15,12],[23,7,3,11,15,19,4,12],[23,3,7,15,11,19,4,12],[15,7,3,23,11,19,4,12],[19,3,11,15,7,23,12],[23,7,11,3,19,15,4,12],[3,23,15,19,11,7,4,12],[15,11,19,3,23,7,12],[11,7,19,15,23,3,12],[7,11,3,19,23,15,4,12],[19,11,7,15,3,23,4,12],[15,7,3,23,19,11,4,12],[19,3,11,23,15,7,4,12],[11,7,23,3,15,19,12],[7,23,11,3,15,19,12],[15,23,3,11,19,7,12],[3,7,15,19,23,11,4,12],[23,19,7,3,11,15,12],[7,11,19,3,23,15,12],[11,3,23,7,15,19,4,12],[3,23,15,7,11,19,12],[23,7,15,19,11,3,4,12],[7,3,23,15,19,11,4,12],[11,23,19,3,7,15,4,12],[23,3,19,7,11,15,12],[19,11,15,7,23,3,4,12],[23,11,7,15,19,3,4,12],[23,15,11,7,3,19,4,12],[19,3,23,7,11,15,4,12],[23,15,19,11,7,3,12],[15,7,11,3,23,19,12],[23,7,19,3,11,15,12],[7,15,23,19,3,11,4],[19,23,7,11,15,3,12],[11,7,23,15,19,3,4,12],[11,15,19,3,23,7,4,12],[3,23,15,11,19,7,12],[7,19,23,15,11,3,4,12],[19,7,23,11,3,15,4,12],[23,19,7,11,15,3,12],[19,11,3,7,23,15,4,12],[11,7,15,23,19,3,4,12],[7,19,11,3,15,23,12],[3,7,11,19,15,23,4,12],[11,3,19,15,23,7,12],[7,3,19,23,15,11,12],[15,11,23,19,7,3,4,12],[19,23,15,11,3,7,4,12],[15,11,7,23,3,19,12],[11,23,19,15,7,3,12],[23,15,7,3,11,19,12],[23,19,11,7,15,3,4,12],[11,19,3,23,7,15,12],[3,7,15,11,19,23,12],[15,23,11,7,3,19,12],[19,3,11,23,7,15,4,12],[15,7,23,11,19,3,4,12],[3,7,19,15,23,11,4,12],[19,23,15,3,7,11,4,12],[11,15,23,19,3,7,4,12]]}