{"problem_id":"f2xpn3YCjwjoU5x","sigma":150,"alpha":3.162,"cost":1,"probabilities":"[0.25, 0.11, 0.47, 0.17]","payoff_matrix":"[[-43, -227, 158, 10, 183, -227], [-67, 119, -155, -121, 80, 347], [-143, 61, -68, -11, -10, 26], [-98, 184, 187, 112, 133, -222]]","uncovered":[[23,15,11,3,7,19,5,21,13,17,9,12,20],[19,11,15,23,7,3,5,21,17,13,9,12,20],[23,7,15,11,3,19,5,17,21,13,9,20],[3,23,15,7,19,11,5,17,21,13,9,12,20],[15,11,7,23,3,19,21,17,5,13,9,12,20],[19,3,11,15,7,23,21,5,13,17,9,12,20],[15,3,7,23,11,19,21,5,13,17,9,12,20],[19,11,3,15,7,23,21,17,5,13,9,12,20],[19,3,15,23,11,7,5,21,13,17,9,20],[15,23,11,3,19,7,5,17,21,13,9,20],[3,23,7,11,15,19,5,21,13,17,9,20],[7,23,19,11,15,3,5,21,17,13,9,12,20],[15,7,3,11,19,23,21,17,5,13,9,12,20],[15,23,3,7,19,11,5,21,17,13,9,12,20],[23,7,11,15,3,19,21,17,5,13,9,20],[7,3,23,11,15,19,5,17,21,13,9,20],[3,11,7,23,19,15,21,5,17,13,9,12,20],[3,19,7,15,11,23,21,5,17,13,9,20],[11,3,7,23,19,15,21,5,13,17,9,12,20],[19,3,7,15,11,23,21,17,5,13,9,20],[15,19,7,23,3,11,21,5,17,13,9,20],[3,23,11,7,19,15,21,5,17,13,9,12,20],[23,11,19,15,7,3,21,5,13,17,9,12,20],[7,11,19,23,15,3,5,17,21,13,9,12,20],[11,3,19,7,15,23,21,5,13,17,9,12,20],[19,23,11,7,3,15,5,17,21,13,9,20],[7,15,3,19,23,11,21,5,17,13,9,20],[3,23,7,11,15,19,21,5,13,17,9,20],[11,15,3,7,23,19,5,17,21,13,9,12,20],[23,15,3,7,11,19,21,5,17,13,9,12,20],[23,3,7,19,15,11,21,17,5,13,9,12,20],[7,3,23,11,19,15,21,5,17,13,9,20],[15,19,7,23,3,11,5,17,21,13,9,12,20],[11,23,19,7,3,15,21,5,13,17,9,12,20],[7,23,3,11,15,19,21,5,13,17,9,12,20],[3,7,15,11,19,23,5,21,13,17,9,20],[11,15,19,3,23,7,5,21,17,13,9,12,20],[11,19,15,23,7,3,5,21,13,17,9,20],[7,15,23,11,3,19,21,17,5,13,9,20],[3,7,19,11,23,15,5,21,13,17,9,12,20],[7,11,23,3,19,15,5,21,13,17,9,20],[15,7,19,23,11,3,21,5,17,13,9,20],[7,19,11,15,3,23,5,21,17,13,9,20],[11,7,23,3,15,19,5,21,13,17,9,20],[23,15,11,7,19,3,5,17,21,13,9,20],[11,3,15,7,19,23,21,17,5,13,9,12,20],[19,3,23,7,15,11,5,17,21,13,9,12,20],[15,19,7,3,11,23,5,17,21,13,9,20],[23,7,15,11,3,19,21,5,17,13,9,12,20],[19,7,11,23,15,3,5,21,13,17,9,20],[11,23,3,19,15,7,21,5,13,17,9,12,20],[3,23,7,15,19,11,21,17,5,13,9,12,20],[19,7,15,23,11,3,21,17,5,13,9,12,20],[15,23,7,3,11,19,21,17,5,13,9,12,20],[23,19,7,3,11,15,21,5,17,13,9,12,20],[23,19,11,3,7,15,5,17,21,13,9,20],[11,15,23,7,3,19,21,5,17,13,9,20],[7,23,11,19,15,3,21,5,17,13,9,12,20],[3,23,19,15,11,7,5,17,21,13,9,12,20],[15,19,23,3,7,11,5,17,21,13,9,12,20],[19,7,23,15,11,3,5,17,21,13,9,12,20],[7,19,15,3,11,23,5,17,21,13,9,12,20],[7,15,11,3,23,19,5,21,13,17,9,20],[15,3,11,7,23,19,21,5,13,17,9,12,20],[19,11,23,7,15,3,5,21,17,13,9,12,20],[15,7,19,11,3,23,21,17,5,13,9,20],[7,19,23,3,11,15,5,21,13,17,9,12,20],[11,23,15,7,19,3,21,5,17,13,9,12,20],[23,11,19,7,15,3,5,17,21,13,9,12,20],[23,15,7,11,3,19,5,21,17,13,9,12,20],[19,11,7,15,3,23,21,5,13,17,9,12,20],[15,3,19,7,11,23,5,17,21,13,9,20],[23,19,15,11,3,7,21,5,17,13,9,12,20],[23,3,19,7,11,15,21,17,5,13,9,20],[19,11,7,23,3,15,5,21,13,17,9,20],[19,23,3,11,15,7,21,5,17,13,9,12,20],[15,3,11,23,19,7,5,17,21,13,9,20],[23,3,19,11,7,15,5,17,21,13,9,20],[19,7,3,15,11,23,21,5,17,13,9,12,20],[15,7,3,19,11,23,5,17,21,13,9,12,20],[15,3,23,19,11,7,21,17,5,13,9,20],[11,23,3,7,19,15,21,5,13,17,9,12,20],[3,7,19,15,23,11,5,21,17,13,9,12,20],[23,3,19,11,15,7,5,21,13,17,9,12,20],[19,11,3,15,23,7,21,17,5,13,9,12,20],[11,15,19,23,3,7,5,21,13,17,9,12,20],[23,7,11,3,15,19,21,17,5,13,9,20],[19,15,23,7,3,11,21,17,5,13,9,20],[3,15,19,7,23,11,21,17,5,13,9,12,20],[15,7,3,23,11,19,21,17,5,13,9,20],[11,23,3,7,15,19,21,17,5,13,9,12,20],[19,3,11,7,23,15,5,17,21,13,9,20],[23,11,3,15,19,7,5,21,17,13,9,20],[15,19,7,11,23,3,21,5,17,13,9,12,20],[3,7,23,11,19,15,5,21,17,13,9,20],[7,15,11,23,19,3,5,21,17,13,9,20],[11,15,3,23,19,7,21,5,17,13,9,20],[3,23,19,7,15,11,5,17,21,13,9,12,20],[7,11,19,3,15,23,21,5,13,17,9,12,20],[7,19,3,11,23,15,5,17,21,13,9,20],[15,23,19,11,7,3,21,17,5,13,9,12,20],[19,15,3,7,11,23,21,5,13,17,9,12,20],[11,15,19,3,7,23,5,21,17,13,9,20],[15,7,19,11,23,3,5,17,21,13,9,20],[19,7,15,11,3,23,5,21,13,17,9,20],[11,23,15,7,19,3,21,17,5,13,9,20],[11,15,23,3,7,19,21,17,5,13,9,20],[15,3,19,7,23,11,21,17,5,13,9,20],[11,3,15,19,23,7,5,21,17,13,9,12,20],[23,7,3,19,15,11,5,21,13,17,9,12,20],[19,7,3,23,15,11,21,17,5,13,9,12,20],[19,3,15,7,11,23,21,5,13,17,9,12,20],[11,19,3,23,7,15,21,17,5,13,9,12,20],[7,3,11,15,19,23,5,21,17,13,9,20],[11,3,23,7,19,15,21,5,17,13,9,12,20],[19,23,3,15,11,7,5,21,13,17,9,12,20],[23,7,3,11,15,19,21,5,17,13,9,20],[7,3,19,11,15,23,21,5,13,17,9,12,20],[11,7,3,15,23,19,21,5,13,17,9,20],[11,3,7,15,19,23,21,17,5,13,9,20],[19,15,7,3,23,11,5,21,13,17,9,12,20],[19,15,3,23,11,7,5,21,17,13,9,20],[7,15,3,23,19,11,5,21,13,17,9,20],[23,19,7,11,3,15,5,21,13,17,9,20],[11,3,19,23,7,15,21,5,17,13,9,20],[11,23,19,15,7,3,5,21,13,17,9,20],[3,19,23,11,15,7,5,21,17,13,9,12,20],[23,7,15,11,19,3,5,21,13,17,9,12,20],[7,3,15,23,19,11,5,17,21,13,9,12,20],[23,3,19,7,15,11,5,21,13,17,9,20],[19,3,11,15,7,23,21,5,13,17,9,12,20],[19,11,3,23,7,15,5,21,13,17,9,20],[19,11,15,7,23,3,21,17,5,13,9,12,20],[23,19,7,11,15,3,5,17,21,13,9,20],[19,11,7,23,15,3,5,17,21,13,9,12,20],[7,19,15,3,23,11,5,21,17,13,9,20],[11,15,23,7,19,3,21,17,5,13,9,20],[3,7,23,15,19,11,5,17,21,13,9,20],[19,7,3,23,11,15,21,5,13,17,9,12,20],[19,3,11,23,7,15,21,5,17,13,9,20],[7,11,15,3,19,23,21,5,13,17,9,20],[15,23,7,3,19,11,21,17,5,13,9,12,20],[15,7,19,11,23,3,21,5,13,17,9,12,20],[3,23,19,11,15,7,21,17,5,13,9,20],[7,23,19,3,15,11,5,21,13,17,9,12,20],[3,19,23,15,11,7,5,21,17,13,9,20],[11,19,7,23,15,3,21,17,5,13,9,12,20],[19,11,23,15,3,7,21,5,17,13,9,12,20],[11,15,19,3,23,7,5,17,21,13,9,12,20],[23,11,3,19,7,15,21,5,13,17,9,12,20],[19,15,3,23,11,7,5,21,13,17,9,20],[23,15,7,19,11,3,5,21,17,13,9,20],[3,7,15,23,11,19,21,5,17,13,9,12,20],[3,23,7,11,19,15,21,5,17,13,9,12,20],[19,23,3,15,11,7,21,5,13,17,9,20],[15,3,19,23,11,7,5,21,13,17,9,12,20],[19,3,23,11,15,7,21,5,17,13,9,12,20],[15,7,23,3,11,19,5,21,13,17,9,20],[23,7,11,19,3,15,5,17,21,13,9,20],[19,15,7,11,3,23,21,5,17,13,9,12,20],[15,3,23,11,7,19,21,5,13,17,9,12,20],[23,3,11,7,15,19,5,21,17,13,9,20],[7,23,11,15,19,3,21,17,5,13,9,12,20],[3,15,23,19,7,11,21,17,5,13,9,12,20],[7,3,11,15,23,19,21,17,5,13,9,12,20],[11,19,15,7,3,23,21,5,13,17,9,12,20],[7,15,19,11,23,3,5,21,17,13,9,12,20],[15,7,19,11,23,3,5,17,21,13,9,20],[7,19,3,15,23,11,21,5,17,13,9,20],[11,3,15,19,23,7,5,17,21,13,9,12,20],[23,19,3,7,15,11,5,21,17,13,9,12,20],[11,3,19,15,23,7,21,17,5,13,9,20],[3,23,7,15,11,19,21,5,17,13,9,12,20],[7,19,11,3,23,15,5,21,13,17,9,12,20],[15,23,19,7,3,11,5,21,17,13,9,20],[15,19,7,11,3,23,5,17,21,13,9,12,20],[19,15,11,23,7,3,5,17,21,13,9,20],[23,3,11,19,15,7,5,21,13,17,9,20],[7,11,15,19,3,23,5,17,21,13,9,20],[19,23,11,7,3,15,5,17,21,13,9,20],[11,19,7,15,23,3,21,5,17,13,9,20],[19,15,23,11,7,3,5,21,13,17,9,12,20],[23,7,11,15,3,19,5,21,17,13,9,12,20],[3,7,19,15,23,11,21,5,17,13,9,12,20],[23,7,19,15,11,3,5,17,21,13,9,20],[23,11,15,7,3,19,21,5,17,13,9,20],[7,15,23,3,19,11,21,17,5,13,9,12,20],[7,11,23,15,19,3,21,5,17,13,9,12,20],[11,19,3,15,23,7,5,21,13,17,9,20],[15,11,7,3,19,23,21,17,5,13,9,20],[3,11,7,19,23,15,5,17,21,13,9,12,20],[3,11,19,15,23,7,5,21,13,17,9,12,20],[3,19,15,23,7,11,5,17,21,13,9,20],[23,11,19,7,3,15,5,21,17,13,9,12,20],[11,3,15,7,19,23,5,17,21,13,9,12,20],[19,23,3,11,7,15,21,5,17,13,9,20],[15,11,19,23,3,7,21,5,13,17,9,12,20],[3,19,23,7,15,11,21,5,13,17,9,12,20],[23,15,11,7,19,3,5,17,21,13,9,12,20],[23,3,15,11,19,7,21,5,13,17,9,12,20],[3,7,19,15,23,11,21,5,17,13,9,12,20],[19,23,15,7,3,11,5,17,21,13,9,12,20],[3,7,23,19,11,15,21,17,5,13,9,12,20],[7,11,15,3,23,19,5,21,13,17,9,12,20],[19,23,15,3,7,11,5,21,13,17,9,20],[11,15,19,23,3,7,21,17,5,13,9,12,20],[3,11,23,15,7,19,21,17,5,13,9,12,20],[11,7,15,19,3,23,5,21,13,17,9,20],[15,23,7,19,3,11,21,5,17,13,9,12,20],[11,23,19,3,15,7,5,21,17,13,9,12,20],[15,11,3,19,23,7,21,17,5,13,9,12,20],[23,7,19,3,11,15,5,21,17,13,9,20],[19,7,3,11,23,15,21,17,5,13,9,20],[19,7,23,11,15,3,21,5,17,13,9,12,20],[19,15,3,23,11,7,21,17,5,13,9,20],[19,7,3,23,15,11,5,17,21,13,9,20],[19,11,15,3,23,7,21,5,17,13,9,20],[19,23,15,7,3,11,5,21,13,17,9,12,20],[11,7,23,19,15,3,21,17,5,13,9,20],[7,19,23,15,11,3,21,5,13,17,9,12,20],[23,11,19,15,7,3,21,5,17,13,9,20],[11,7,15,19,3,23,5,21,17,13,9,12,20],[7,15,23,19,3,11,5,21,13,17,9,20],[7,19,15,23,11,3,5,21,13,17,9,12,20],[11,19,7,15,23,3,21,5,13,17,9,12,20],[23,11,7,15,3,19,21,5,17,13,9,12,20],[11,19,23,7,3,15,21,5,13,17,9,12,20],[7,11,15,23,19,3,5,17,21,13,9,12,20],[3,19,7,11,23,15,21,5,13,17,9,12,20],[23,3,11,19,7,15,21,17,5,13,9,20],[15,11,19,7,3,23,5,21,17,13,9,12,20],[11,23,3,7,19,15,5,21,13,17,9,12,20],[3,15,11,23,7,19,21,5,13,17,9,20],[7,3,19,15,23,11,21,17,5,13,9,12,20],[19,15,11,23,7,3,5,21,13,17,9,12,20],[3,23,15,19,7,11,5,21,13,17,9,20],[11,23,15,7,19,3,21,17,5,13,9,20],[7,11,15,3,23,19,21,5,17,13,9,20],[23,19,3,7,15,11,21,17,5,13,9,12,20],[19,3,23,15,7,11,21,5,13,17,9,12,20],[7,23,15,3,19,11,5,17,21,13,9,12,20],[15,11,7,23,19,3,5,17,21,13,9,20],[11,3,7,15,19,23,21,17,5,13,9,20],[7,19,11,3,23,15,5,17,21,13,9,12,20],[7,3,11,15,23,19,5,17,21,13,9,12,20],[23,19,3,11,7,15,5,21,13,17,9,20],[23,19,3,15,7,11,21,5,13,17,9,20],[11,3,7,23,15,19,21,17,5,13,9,12,20],[11,7,15,19,23,3,21,5,13,17,9,20],[19,15,7,11,3,23,5,17,21,13,9,20],[19,23,15,11,3,7,21,17,5,13,9,12,20],[7,15,23,19,11,3,5,17,21,13,9,12,20],[23,11,15,7,3,19,21,17,5,13,9,20],[3,19,11,15,7,23,5,17,21,13,9,12,20],[19,11,15,7,3,23,5,17,21,13,9,20],[11,7,23,19,15,3,5,17,21,13,9,20],[15,23,7,19,11,3,21,17,5,13,9,12,20],[19,11,23,7,3,15,21,5,17,13,9,12,20],[3,11,23,15,19,7,21,5,13,17,9,20],[23,15,19,11,7,3,21,17,5,13,9,12,20],[3,23,7,11,19,15,21,17,5,13,9,12,20],[7,3,23,15,11,19,21,5,13,17,9,12,20],[7,15,3,19,11,23,21,17,5,13,9,12,20],[11,7,23,15,3,19,5,17,21,13,9,20],[23,7,11,3,19,15,21,5,13,17,9,20],[23,7,3,19,11,15,21,5,17,13,9,20],[11,23,7,19,15,3,21,5,13,17,9,20],[19,7,23,3,15,11,5,17,21,13,9,20],[3,19,11,15,23,7,5,17,21,13,9,12,20],[19,3,23,11,15,7,5,21,17,13,9,12,20],[15,11,7,19,23,3,21,5,13,17,9,20],[19,11,23,7,15,3,21,5,17,13,9,12,20],[3,15,23,19,7,11,21,17,5,13,9,20],[7,11,15,23,19,3,5,17,21,13,9,12,20],[23,15,19,3,7,11,5,21,17,13,9,20],[23,11,7,3,19,15,21,5,13,17,9,20],[7,23,19,15,11,3,21,5,13,17,9,12,20],[15,11,3,7,19,23,21,5,17,13,9,12,20],[3,19,7,11,23,15,21,5,17,13,9,12,20],[15,11,23,3,19,7,21,17,5,13,9,20],[3,7,11,19,23,15,5,17,21,13,9,20],[7,23,11,3,19,15,5,21,17,13,9,20],[7,23,11,19,15,3,5,21,13,17,9,12,20],[23,19,3,11,7,15,21,5,13,17,9,20],[11,7,3,23,19,15,21,17,5,13,9,12,20],[11,23,7,3,19,15,5,17,21,13,9,20],[19,15,11,23,7,3,5,17,21,13,9,20],[19,23,11,7,3,15,21,17,5,13,9,20],[3,15,11,23,7,19,21,17,5,13,9,20],[3,15,23,19,11,7,5,21,13,17,9,20],[3,7,11,23,15,19,5,21,13,17,9,20],[15,7,23,19,11,3,21,5,17,13,9,12,20],[7,3,19,11,23,15,5,17,21,13,9,12,20],[7,3,11,23,15,19,21,5,17,13,9,12,20],[11,7,15,3,19,23,5,21,13,17,9,20],[19,11,15,7,3,23,5,17,21,13,9,20],[7,19,23,11,15,3,5,21,13,17,9,12,20],[11,3,23,19,15,7,5,21,17,13,9,20],[19,15,3,11,7,23,5,21,17,13,9,12,20],[3,11,7,23,19,15,21,5,13,17,9,20],[15,7,23,3,11,19,5,17,21,13,9,12,20],[11,7,15,3,19,23,5,17,21,13,9,12,20],[7,11,19,23,3,15,5,17,21,13,9,20],[3,7,23,15,19,11,21,17,5,13,9,12,20],[3,7,11,19,15,23,5,17,21,13,9,12,20],[7,15,23,19,11,3,21,17,5,13,9,12,20],[15,23,7,19,11,3,5,21,17,13,9,12,20],[3,7,23,15,19,11,21,5,13,17,9,20],[19,15,3,23,11,7,21,5,13,17,9,12,20],[23,7,15,11,3,19,5,21,17,13,9,12,20],[7,19,11,23,3,15,5,17,21,13,9,12,20],[23,11,7,19,3,15,5,21,17,13,9,20],[11,3,23,19,15,7,21,17,5,13,9,20],[3,11,15,19,7,23,21,17,5,13,9,20],[23,19,15,7,3,11,21,17,5,13,9,20],[3,19,23,11,15,7,21,5,17,13,9,12,20],[23,11,7,3,19,15,5,17,21,13,9,20],[23,15,19,3,11,7,21,17,5,13,9,20],[15,7,19,23,3,11,5,21,17,13,9,12,20],[11,23,7,15,3,19,21,5,13,17,9,20],[19,23,11,15,3,7,5,17,21,13,9,12,20],[19,23,15,3,7,11,5,17,21,13,9,20],[3,19,15,7,23,11,5,21,13,17,9,12,20],[19,3,23,15,11,7,5,21,17,13,9,12,20],[23,3,19,15,11,7,21,5,17,13,9,12,20],[23,11,7,19,3,15,5,21,17,13,9,20],[3,7,19,15,11,23,5,17,21,13,9,20],[23,19,15,11,7,3,21,5,17,13,9,20],[15,19,11,23,3,7,21,5,13,17,9,20],[23,11,3,7,15,19,21,17,5,13,9,20],[7,11,3,23,19,15,21,5,17,13,9,12,20],[15,11,19,7,3,23,21,5,13,17,9,20],[19,23,15,11,7,3,5,21,17,13,9,12,20],[23,3,19,7,15,11,21,17,5,13,9,12,20],[3,23,11,19,7,15,21,17,5,13,9,20],[23,19,11,7,15,3,5,17,21,13,9,12,20],[3,23,19,15,7,11,21,17,5,13,9,20],[23,15,3,7,11,19,21,5,17,13,9,20],[11,3,23,15,19,7,5,17,21,13,9,20],[23,15,11,3,19,7,5,17,21,13,9,20],[11,19,23,15,7,3,5,21,17,13,9,20],[15,11,19,23,3,7,21,17,5,13,9,20],[23,7,19,15,3,11,5,21,17,13,9,12,20],[7,3,19,23,15,11,21,5,17,13,9,20],[15,7,11,3,19,23,21,5,13,17,9,20],[23,19,7,11,3,15,21,17,5,13,9,12,20],[23,3,7,11,15,19,21,5,17,13,9,20],[23,7,15,11,3,19,5,21,13,17,9,12,20],[7,11,23,19,15,3,21,5,17,13,9,12,20],[23,3,7,11,15,19,21,17,5,13,9,20],[7,23,19,15,3,11,21,5,17,13,9,12,20],[7,23,19,3,11,15,5,17,21,13,9,20],[3,23,7,11,19,15,21,17,5,13,9,12,20],[23,7,15,19,3,11,21,17,5,13,9,20],[19,11,15,7,3,23,21,17,5,13,9,20],[19,23,3,11,15,7,5,21,17,13,9,12,20],[7,11,3,23,15,19,21,5,17,13,9,20],[3,15,23,11,7,19,21,5,13,17,9,20],[19,7,3,11,23,15,21,5,13,17,9,12,20],[23,15,11,7,3,19,5,17,21,13,9,20],[15,7,23,11,3,19,21,5,13,17,9,12,20],[7,15,11,3,19,23,21,17,5,13,9,20],[23,19,7,11,3,15,21,5,13,17,9,12,20],[19,15,23,7,11,3,5,17,21,13,9,20],[19,23,15,3,7,11,21,5,17,13,9,12,20],[15,19,7,11,23,3,21,17,5,13,9,12,20],[3,15,19,23,7,11,5,21,17,13,9,20],[11,19,23,7,15,3,21,5,17,13,9,20],[3,23,7,15,11,19,5,21,13,17,9,20],[15,23,3,19,11,7,21,17,5,13,9,12,20],[11,23,7,3,19,15,5,17,21,13,9,20],[19,15,11,7,3,23,21,17,5,13,9,20],[23,3,15,11,7,19,21,17,5,13,9,20],[15,3,11,7,23,19,5,21,17,13,9,12,20],[19,11,3,7,15,23,5,21,17,13,9,20],[7,19,15,23,3,11,21,17,5,13,9,12,20],[15,19,3,7,23,11,21,17,5,13,9,12,20],[3,19,7,15,23,11,5,17,21,13,9,12,20],[3,15,7,11,23,19,21,5,17,13,9,12,20],[3,11,19,15,7,23,5,17,21,13,9,12,20],[15,19,7,23,3,11,5,21,17,13,9,20],[23,11,7,19,15,3,21,5,17,13,9,12,20],[19,15,11,23,7,3,21,5,13,17,9,20],[15,3,19,7,11,23,5,21,17,13,9,20],[19,23,7,3,15,11,5,21,17,13,9,12,20],[15,23,19,3,11,7,5,21,13,17,9,12,20],[7,3,15,11,19,23,5,21,13,17,9,12,20],[11,19,7,15,3,23,5,21,13,17,9,20],[7,23,3,11,15,19,21,17,5,13,9,12,20],[23,15,3,19,7,11,5,21,13,17,9,20],[3,15,19,11,7,23,5,17,21,13,9,12,20],[3,19,15,11,23,7,21,5,17,13,9,20],[11,7,15,23,3,19,5,17,21,13,9,20],[7,23,15,19,11,3,5,17,21,13,9,20],[3,11,7,15,23,19,5,21,13,17,9,12,20],[15,11,23,3,7,19,21,5,17,13,9,20],[11,23,15,3,7,19,5,21,17,13,9,20],[15,7,19,11,23,3,21,17,5,13,9,20],[15,19,3,11,7,23,21,5,13,17,9,20],[19,7,3,11,15,23,21,17,5,13,9,20],[7,23,15,11,19,3,5,21,17,13,9,20],[15,23,3,11,19,7,21,5,17,13,9,12,20],[7,15,3,23,11,19,5,21,17,13,9,12,20],[11,3,19,23,15,7,21,5,17,13,9,12,20],[23,15,19,7,3,11,5,21,17,13,9,12,20],[3,7,15,23,19,11,21,5,13,17,9,12,20],[7,19,15,11,3,23,21,17,5,13,9,12,20],[15,3,11,7,23,19,21,5,13,17,9,20],[11,15,3,19,23,7,5,17,21,13,9,20],[23,7,3,19,11,15,21,5,17,13,9,20],[7,15,19,23,11,3,21,17,5,13,9,12,20],[11,23,15,19,3,7,21,17,5,13,9,20],[7,23,15,11,3,19,21,17,5,13,9,12,20],[15,23,7,11,3,19,21,5,13,17,9,12,20],[11,7,3,15,23,19,5,21,13,17,9,12,20],[7,3,11,15,23,19,5,21,13,17,9,20],[23,11,15,7,19,3,21,5,13,17,9,20],[3,15,23,7,19,11,21,5,13,17,9,20],[7,23,3,15,19,11,5,17,21,13,9,20],[3,19,23,11,15,7,21,5,17,13,9,20],[3,7,11,19,23,15,5,21,13,17,9,12,20],[7,23,3,19,11,15,21,17,5,13,9,20],[19,7,15,3,23,11,5,21,17,13,9,20],[19,15,7,3,23,11,5,21,13,17,9,20],[11,19,7,23,15,3,21,5,17,13,9,12,20],[15,19,23,3,7,11,21,5,13,17,9,20],[15,11,19,23,3,7,21,5,17,13,9,20],[3,15,7,19,23,11,21,5,17,13,9,20],[23,15,7,19,3,11,5,21,13,17,9,20],[3,11,19,23,15,7,5,21,13,17,9,12,20],[3,19,15,7,11,23,21,5,13,17,9,12,20],[19,11,23,15,7,3,21,5,13,17,9,20],[15,19,7,11,23,3,5,21,13,17,9,12,20],[7,3,11,19,15,23,5,17,21,13,9,12,20],[23,19,3,11,7,15,21,5,17,13,9,20],[11,23,19,3,15,7,5,17,21,13,9,12,20],[19,7,3,11,15,23,21,5,13,17,9,20],[15,19,3,23,11,7,5,21,13,17,9,20],[3,11,19,15,7,23,5,21,17,13,9,20],[19,11,15,7,3,23,5,21,17,13,9,20],[3,19,23,15,11,7,5,21,13,17,9,12,20],[15,11,7,19,23,3,21,5,13,17,9,20],[15,7,19,3,23,11,21,17,5,13,9,12,20],[11,19,7,15,3,23,5,17,21,13,9,12,20],[23,3,15,19,7,11,21,17,5,13,9,20],[23,11,7,3,19,15,21,5,13,17,9,20],[15,19,11,23,7,3,21,5,17,13,9,12,20],[23,11,19,7,3,15,21,5,13,17,9,20],[15,7,19,23,11,3,21,17,5,13,9,20],[15,7,19,23,11,3,21,5,13,17,9,20],[11,15,7,23,19,3,5,21,13,17,9,12,20],[3,23,19,11,7,15,21,17,5,13,9,20],[3,19,15,23,11,7,5,21,17,13,9,20],[19,23,7,15,11,3,5,21,13,17,9,20],[3,11,7,15,23,19,21,17,5,13,9,12,20],[15,23,3,11,19,7,5,17,21,13,9,20],[23,11,19,3,15,7,21,17,5,13,9,12,20],[19,7,15,23,11,3,21,5,17,13,9,12,20],[7,19,23,3,11,15,5,17,21,13,9,12,20],[23,19,3,15,7,11,5,17,21,13,9,12,20],[19,7,3,11,23,15,21,5,13,17,9,12,20],[23,7,11,19,3,15,5,17,21,13,9,12,20],[11,15,3,19,7,23,5,17,21,13,9,20],[19,7,11,15,23,3,21,5,17,13,9,20],[23,11,19,7,3,15,5,17,21,13,9,20],[19,7,3,11,15,23,5,17,21,13,9,20],[23,19,11,7,3,15,5,21,17,13,9,12,20],[7,15,11,23,3,19,5,21,13,17,9,12,20],[3,15,11,19,7,23,21,17,5,13,9,12,20],[23,15,11,19,3,7,21,5,13,17,9,20],[7,15,23,11,19,3,5,21,13,17,9,20],[7,3,23,19,11,15,21,17,5,13,9,12,20],[7,19,15,23,3,11,5,17,21,13,9,12,20],[19,15,11,3,7,23,5,21,13,17,9,12,20],[19,7,11,3,23,15,5,17,21,13,9,12,20],[19,23,3,7,11,15,21,17,5,13,9,12,20],[7,11,23,19,3,15,5,21,13,17,9,12,20],[23,19,11,15,7,3,5,17,21,13,9,20],[23,15,19,3,7,11,5,21,17,13,9,20],[15,23,7,11,3,19,5,21,13,17,9,12,20],[11,19,15,7,3,23,5,21,17,13,9,20],[3,15,11,23,19,7,21,17,5,13,9,12,20],[3,15,11,7,23,19,21,17,5,13,9,20],[11,7,23,15,19,3,21,17,5,13,9,12,20],[3,7,11,23,15,19,21,5,17,13,9,20],[15,19,3,23,7,11,5,17,21,13,9,20],[19,7,23,15,3,11,21,5,17,13,9,20],[19,3,11,15,7,23,21,5,13,17,9,20],[23,11,3,7,15,19,5,17,21,13,9,12,20],[7,15,3,23,11,19,21,5,13,17,9,12,20],[11,7,19,3,15,23,5,17,21,13,9,12,20],[19,11,3,23,15,7,21,5,13,17,9,20],[11,3,19,23,7,15,21,5,17,13,9,12,20],[3,23,11,19,15,7,5,17,21,13,9,12,20],[11,3,19,7,23,15,5,21,17,13,9,20],[7,15,23,11,19,3,21,5,17,13,9,12,20],[11,3,15,7,19,23,21,17,5,13,9,20],[23,3,7,11,19,15,21,5,13,17,9,20],[11,15,23,7,19,3,5,21,13,17,9,12,20],[23,3,19,15,11,7,21,5,17,13,9,12,20],[19,3,11,23,7,15,5,21,13,17,9,12,20],[15,19,23,11,3,7,5,17,21,13,9,12,20],[23,7,19,11,15,3,21,5,17,13,9,12,20],[15,7,23,3,11,19,5,17,21,13,9,20],[19,11,7,15,23,3,5,21,17,13,9,12,20],[11,7,15,23,3,19,5,21,17,13,9,12,20],[23,7,15,3,19,11,5,21,13,17,9,20],[7,19,11,23,15,3,21,17,5,13,9,20],[7,3,23,19,11,15,5,17,21,13,9,12,20],[7,11,23,3,19,15,5,21,13,17,9,20],[19,7,15,11,3,23,5,21,13,17,9,12,20],[19,11,3,23,15,7,21,17,5,13,9,12,20],[3,23,11,19,7,15,21,17,5,13,9,20],[11,7,3,15,19,23,21,17,5,13,9,20],[15,23,19,11,7,3,21,5,17,13,9,12,20],[3,7,19,23,11,15,5,17,21,13,9,20],[23,11,3,19,7,15,21,5,13,17,9,12,20],[15,23,7,19,3,11,21,17,5,13,9,12,20],[7,3,23,15,11,19,5,21,17,13,9,12,20],[11,19,15,23,3,7,5,21,17,13,9,12,20],[19,15,7,23,3,11,5,17,21,13,9,20],[11,23,3,15,7,19,21,17,5,13,9,12,20],[19,7,11,3,23,15,21,17,5,13,9,20],[23,7,3,19,11,15,5,17,21,13,9,20],[19,15,3,7,11,23,5,17,21,13,9,20],[11,3,15,7,19,23,21,5,17,13,9,12,20],[11,19,23,3,7,15,21,17,5,13,9,12,20],[19,15,23,3,11,7,21,5,17,13,9,20],[7,23,11,3,19,15,21,17,5,13,9,20],[15,11,19,23,3,7,5,21,17,13,9,12,20],[11,7,23,19,15,3,5,21,17,13,9,20],[3,19,11,7,23,15,21,17,5,13,9,12,20],[11,3,15,23,19,7,5,21,17,13,9,20],[15,11,3,23,19,7,21,17,5,13,9,12,20],[23,11,19,15,7,3,21,5,13,17,9,12,20],[7,19,11,23,15,3,5,21,13,17,12,9,20],[3,15,23,11,19,7,5,17,21,13,9,20],[3,19,15,11,23,7,5,21,13,17,9,20],[15,11,19,7,3,23,5,17,21,13,9,20],[15,11,3,19,23,7,5,21,17,13,9,12,20],[11,23,15,7,19,3,21,17,5,13,9,12,20],[11,3,23,7,19,15,21,5,17,13,9,20],[15,7,11,23,19,3,21,17,5,13,9,12,20],[7,3,23,15,19,11,21,5,13,17,9,12,20],[11,23,7,19,15,3,5,17,21,13,9,12,20],[7,19,23,15,3,11,21,17,5,13,9,20],[23,15,11,7,19,3,5,17,21,13,9,12,20],[11,3,19,23,7,15,21,5,13,17,9,20],[7,23,19,11,15,3,21,5,13,17,9,12,20],[3,15,19,23,11,7,5,21,17,13,9,12,20],[11,15,3,23,19,7,21,17,5,13,9,20],[23,19,7,15,11,3,21,17,5,13,9,12,20],[11,19,15,7,3,23,5,17,21,13,9,20],[19,7,11,23,15,3,21,17,5,13,9,20],[23,3,15,11,7,19,5,17,21,13,9,12,20],[23,7,15,11,19,3,5,21,13,17,9,20],[19,3,11,23,7,15,21,17,5,13,9,12,20],[11,19,23,7,3,15,21,5,13,17,9,12,20],[11,3,23,7,15,19,5,17,21,13,9,20],[7,11,19,3,23,15,21,17,5,13,9,12,20],[19,3,7,15,23,11,21,17,5,13,9,12,20],[23,7,15,3,11,19,5,17,21,13,9,20],[3,7,11,19,15,23,5,17,21,13,9,20],[7,11,15,3,23,19,5,21,17,13,9,12,20],[11,3,15,19,7,23,5,21,13,17,9,20],[7,11,3,19,15,23,5,21,17,13,9,20],[7,19,11,3,15,23,5,17,21,13,9,12,20],[7,15,23,19,11,3,5,17,21,13,9,20],[11,19,15,23,7,3,5,17,21,13,9,20],[19,23,15,3,11,7,21,5,17,13,9,20],[11,3,19,7,23,15,21,5,13,17,9,20],[11,19,23,3,7,15,5,21,13,17,9,12,20],[23,11,19,3,15,7,21,17,5,13,9,20],[11,23,15,3,19,7,21,17,5,13,9,20],[11,15,7,23,19,3,21,5,17,13,9,12,20],[15,11,3,7,23,19,21,17,5,13,9,12,20],[11,23,19,3,15,7,5,21,13,17,9,12,20],[19,23,11,3,15,7,5,17,21,13,9,20],[23,19,7,15,3,11,21,5,17,13,9,20],[11,19,7,15,3,23,5,21,17,13,9,20],[3,15,23,19,7,11,5,17,21,13,9,20],[11,23,3,7,15,19,5,17,21,13,9,20],[7,3,15,23,11,19,5,21,17,13,9,20],[3,11,7,23,19,15,5,21,13,17,9,12,20],[7,15,3,23,19,11,5,17,21,13,9,20],[15,11,7,3,19,23,5,21,17,13,9,12,20],[15,23,3,7,19,11,21,5,17,13,9,20],[11,23,15,19,7,3,21,5,13,17,9,12,20],[11,7,23,15,19,3,5,21,17,13,9,20],[23,15,3,7,19,11,5,17,21,13,9,12,20],[7,23,11,15,19,3,5,17,21,13,9,20],[11,7,19,23,15,3,21,17,5,13,9,20],[23,19,3,7,11,15,21,5,13,17,9,20],[7,19,3,23,15,11,21,17,5,13,9,20],[19,15,7,11,3,23,21,5,17,13,9,12,20],[15,11,19,23,7,3,5,21,17,13,9,20],[3,11,19,23,15,7,5,21,13,17,9,20],[19,23,11,7,15,3,5,21,13,17,9,12,20],[15,11,3,23,19,7,21,17,5,13,9,12,20],[15,23,11,3,7,19,21,5,17,13,9,12,20],[19,23,11,7,15,3,21,17,5,13,9,12,20],[11,19,15,23,7,3,21,17,5,13,9,20],[23,7,3,19,11,15,21,17,5,13,9,20],[3,11,19,7,15,23,5,21,13,17,9,12,20],[7,19,15,23,3,11,21,5,17,13,9,12,20],[11,3,15,7,23,19,21,17,5,13,9,20],[19,11,7,3,15,23,21,17,5,13,9,20],[19,15,11,23,7,3,21,17,5,13,9,20],[19,15,7,23,3,11,21,17,5,13,9,20],[23,11,19,15,7,3,5,21,17,13,9,12,20],[23,7,3,19,11,15,5,21,13,17,9,12,20],[23,3,15,11,7,19,21,5,17,13,9,20],[23,11,15,7,3,19,21,17,5,13,9,12,20],[11,15,7,3,23,19,21,5,13,17,9,20],[19,3,23,11,7,15,21,5,13,17,9,12,20],[15,7,19,3,23,11,21,17,5,13,9,20],[7,3,11,19,23,15,21,17,5,13,9,20],[23,7,11,3,19,15,21,5,13,17,9,12,20],[3,11,19,23,7,15,21,5,13,17,9,20],[3,19,11,15,23,7,21,5,13,17,9,12,20],[7,11,3,19,15,23,5,21,13,17,9,20],[19,3,15,11,23,7,21,17,5,13,9,20],[3,11,7,23,15,19,5,17,21,13,9,12,20],[3,7,19,11,15,23,21,17,5,13,9,12,20],[15,19,23,3,11,7,5,21,13,17,9,20],[19,7,3,15,23,11,21,17,5,13,9,12,20],[15,19,3,11,7,23,21,5,17,13,9,12,20],[15,19,23,11,3,7,5,21,13,17,9,20],[11,3,23,19,15,7,21,5,17,13,9,12,20],[11,19,7,23,15,3,5,21,13,17,9,12,20],[23,7,15,3,11,19,21,5,13,17,9,20],[19,7,15,23,11,3,5,17,21,13,9,20],[11,7,3,15,23,19,21,17,5,13,9,12,20],[3,23,11,15,7,19,21,17,5,13,9,20],[15,11,3,23,19,7,21,17,5,13,9,12,20],[23,11,3,15,7,19,21,5,17,13,9,20],[7,15,19,23,3,11,5,21,17,13,9,12,20],[3,15,23,19,7,11,21,17,5,13,9,20],[15,3,19,7,23,11,21,5,13,17,9,20],[15,7,23,19,3,11,21,17,5,13,9,12,20],[3,23,19,11,7,15,21,17,5,13,9,12,20],[15,23,3,19,7,11,5,17,21,13,9,20],[23,7,3,15,11,19,5,17,21,13,9,12,20],[19,23,7,15,3,11,5,21,13,17,9,20],[7,23,15,11,3,19,5,21,13,17,9,20],[11,3,7,23,15,19,5,17,21,13,9,12,20],[7,15,11,3,23,19,5,21,17,13,9,20],[23,19,7,15,11,3,21,5,13,17,9,12,20],[11,15,19,23,7,3,5,21,13,17,9,20],[23,3,15,19,7,11,5,21,13,17,9,12,20],[11,15,3,19,7,23,5,17,21,13,9,20],[3,15,11,7,19,23,5,21,17,13,9,20],[15,23,19,7,11,3,5,21,13,17,9,20],[7,15,3,23,19,11,21,17,5,13,9,12,20],[7,11,19,15,3,23,5,17,21,13,9,20],[23,15,19,7,3,11,21,17,5,13,9,12,20],[7,11,3,15,23,19,5,17,21,13,9,20],[15,3,19,23,7,11,5,21,13,17,9,20],[15,3,11,7,19,23,21,17,5,13,9,20],[19,15,7,23,11,3,21,5,17,13,9,12,20],[7,11,15,23,19,3,21,17,5,13,9,20],[19,3,15,7,23,11,5,21,13,17,9,12,20],[3,11,7,19,23,15,5,17,21,13,9,20],[11,3,19,15,23,7,5,21,17,13,9,20],[23,15,19,3,7,11,5,17,21,13,9,12,20],[7,23,19,11,3,15,21,5,13,17,9,12,20],[3,7,19,15,23,11,5,17,21,13,9,12,20],[23,15,11,3,19,7,5,21,13,17,9,20],[19,3,11,23,7,15,21,17,5,13,9,12,20],[19,15,7,23,11,3,21,17,5,13,9,20],[3,19,7,11,15,23,5,21,13,17,9,20],[15,23,19,3,11,7,5,17,21,13,9,12,20],[23,7,3,19,11,15,21,17,5,13,9,12,20],[15,11,19,3,23,7,21,5,17,13,9,12,20],[11,7,23,19,3,15,5,21,17,13,9,20],[23,15,11,7,3,19,5,21,17,13,9,20],[3,15,23,7,19,11,5,17,21,13,9,12,20],[19,3,11,23,7,15,5,17,21,13,9,20],[11,15,23,3,7,19,5,21,17,13,9,20],[7,19,11,15,3,23,5,21,13,17,10,16,20],[3,11,23,15,19,7,5,17,21,13,9,12,20],[3,7,19,11,23,15,21,17,5,13,9,20],[23,19,7,15,3,11,21,5,17,13,9,12,20],[19,7,3,23,15,11,5,21,17,13,9,20],[15,3,7,19,23,11,21,5,13,17,9,12,20],[7,11,23,15,19,3,21,17,5,13,9,12,20],[23,7,15,19,11,3,21,17,5,13,9,12,20],[7,23,11,19,3,15,21,17,5,13,9,12,20],[19,15,3,7,23,11,5,21,17,13,9,20],[15,11,3,19,23,7,21,5,13,17,9,12,20],[3,7,11,19,23,15,5,17,21,13,9,12,20],[19,7,11,23,15,3,21,17,5,13,9,20],[15,11,3,19,7,23,5,21,17,13,9,20],[3,19,15,7,23,11,5,21,13,17,9,12,20],[7,11,19,15,3,23,5,21,17,13,9,20],[19,3,7,23,11,15,21,17,5,13,9,12,20],[3,19,7,23,11,15,5,21,13,17,9,20],[19,7,3,23,11,15,21,5,17,13,9,20],[7,23,15,19,11,3,5,17,21,13,9,12,20],[7,3,19,15,11,23,5,17,21,13,9,12,20],[3,15,11,23,7,19,5,21,13,17,9,12,20],[11,15,7,19,23,3,21,5,13,17,9,12,20],[19,15,3,23,7,11,21,17,5,13,9,12,20],[11,3,23,7,15,19,21,5,17,13,9,12,20],[15,23,3,7,19,11,21,5,17,13,9,20],[3,11,23,15,7,19,5,17,21,13,9,12,20],[11,15,7,3,23,19,5,17,21,13,9,12,20],[15,19,3,7,11,23,5,21,13,17,9,12,20],[11,23,15,7,3,19,21,5,17,13,9,20],[19,15,7,23,3,11,21,5,17,13,9,20],[23,7,11,19,3,15,21,17,5,13,9,20],[23,3,19,11,15,7,5,21,13,17,9,20],[15,7,19,23,3,11,21,17,5,13,9,12,20],[11,15,19,3,23,7,5,21,13,17,9,20],[7,19,3,15,11,23,21,5,13,17,9,20],[7,15,11,23,3,19,5,21,17,13,9,20],[15,7,11,19,23,3,21,5,17,13,9,20],[11,15,7,23,3,19,5,21,17,13,9,20],[19,7,23,15,3,11,5,21,17,13,9,20],[3,15,23,19,11,7,21,17,5,13,9,12,20],[15,19,23,3,7,11,5,17,21,13,9,12,20],[15,19,23,11,7,3,5,21,13,17,9,12,20],[7,15,23,19,11,3,5,17,21,13,9,12,20],[3,23,15,19,11,7,21,17,5,13,9,20],[3,11,19,23,15,7,5,21,13,17,9,12,20],[23,11,15,7,19,3,21,17,5,13,9,20],[3,19,7,15,23,11,5,17,21,13,9,20],[19,11,3,7,15,23,5,17,21,13,9,12,20],[15,3,23,19,7,11,5,17,21,13,9,12,20],[23,3,11,7,15,19,21,17,5,13,9,12,20],[23,19,3,15,11,7,5,17,21,13,9,12,20],[7,19,3,15,23,11,21,17,5,13,9,20],[19,11,23,3,7,15,21,17,5,13,9,12,20],[19,7,3,11,23,15,21,17,5,13,9,20],[3,11,7,23,15,19,5,21,17,13,9,12,20],[15,7,23,11,3,19,21,17,5,13,9,12,20],[3,19,7,23,15,11,21,17,5,13,9,20],[3,19,7,15,23,11,21,17,5,13,9,12,20],[15,19,7,3,11,23,5,17,21,13,9,20],[15,11,3,23,19,7,5,21,17,13,9,12,20],[3,15,7,19,11,23,21,17,5,13,9,20],[19,3,7,15,11,23,21,17,5,13,9,20],[23,3,15,19,11,7,21,17,5,13,10,20],[7,15,23,11,19,3,5,17,21,13,9,12,20],[7,19,3,23,11,15,5,21,17,13,9,12,20],[11,19,3,7,15,23,5,17,21,13,9,20],[7,3,23,15,11,19,21,5,13,17,9,20],[3,7,19,23,11,15,5,17,21,13,9,20],[19,11,23,15,7,3,5,17,21,13,9,12,20],[19,11,15,7,23,3,5,21,13,17,9,20],[23,7,15,3,11,19,21,17,5,13,9,20],[19,7,15,3,11,23,21,5,13,17,9,12,20],[11,15,23,7,3,19,5,17,21,13,9,12,20],[11,3,15,7,19,23,21,5,13,17,9,20],[23,7,11,3,15,19,21,5,17,13,9,12,20],[11,19,15,23,7,3,5,21,17,13,9,20],[23,3,15,7,11,19,21,5,17,13,9,12,20],[3,11,7,23,19,15,5,17,21,13,9,20],[23,11,19,3,15,7,5,17,21,13,9,12,20],[15,3,7,19,23,11,5,17,21,13,9,20],[23,19,11,3,15,7,21,5,17,13,9,20],[23,3,11,15,7,19,5,21,13,17,9,12,20],[3,19,15,7,11,23,5,21,13,17,9,12,20],[15,19,11,3,7,23,21,17,5,13,9,12,20],[3,15,23,11,7,19,5,21,13,17,9,12,20],[23,15,3,7,19,11,21,17,5,13,9,12,20],[15,3,11,7,19,23,5,21,17,13,9,20],[19,23,11,7,3,15,21,5,13,17,9,12,20],[15,23,19,11,3,7,5,17,21,13,9,20],[11,23,15,19,3,7,21,5,13,17,9,20],[23,7,19,11,3,15,21,17,5,13,9,20],[19,3,7,23,11,15,21,5,13,17,9,12,20],[15,19,23,11,3,7,5,21,17,13,9,20],[3,23,11,19,15,7,5,21,17,13,9,20],[11,23,19,3,7,15,21,17,5,13,9,20],[15,3,7,11,23,19,21,5,17,13,9,20],[23,11,15,7,3,19,5,17,21,13,9,20],[11,3,23,7,15,19,21,17,5,13,9,12,20],[15,19,3,11,23,7,5,21,13,17,9,12,20],[3,19,7,15,11,23,5,17,21,13,9,20],[23,3,19,15,7,11,21,17,5,13,9,20],[23,3,11,15,7,19,5,21,13,17,9,12,20],[7,11,23,19,3,15,5,21,17,13,9,12,20],[11,19,15,7,3,23,21,5,13,17,9,20],[3,19,7,23,11,15,5,21,17,13,9,12,20],[19,23,7,15,3,11,21,17,5,13,9,20],[19,7,15,11,23,3,21,17,5,13,9,12,20],[3,7,15,19,23,11,5,21,13,17,9,12,20],[15,19,7,23,3,11,5,21,13,17,9,20],[19,11,3,23,7,15,5,17,21,13,9,20],[23,3,19,15,7,11,21,17,5,13,9,12,20],[7,15,19,3,11,23,5,17,21,13,9,12,20],[11,7,3,15,19,23,5,17,21,13,9,20],[7,19,3,11,15,23,21,5,13,17,9,20],[11,15,19,23,3,7,21,5,13,17,9,12,20],[3,23,7,11,15,19,21,17,5,13,9,20],[3,7,15,11,23,19,5,17,21,13,9,20],[11,7,19,3,15,23,5,21,13,17,9,20],[7,19,23,15,11,3,5,21,17,13,9,20],[23,11,7,19,3,15,5,17,21,13,9,12,20],[19,7,15,3,23,11,21,5,13,17,9,12,20],[15,23,7,19,3,11,5,17,21,13,9,20],[7,19,11,3,15,23,5,17,21,13,9,20],[23,7,11,3,15,19,5,21,17,13,9,20],[15,7,3,23,11,19,21,5,13,17,9,12,20],[15,11,19,3,7,23,5,21,13,17,9,20],[15,11,7,23,3,19,5,21,13,17,9,12,20],[23,15,19,3,11,7,21,5,17,13,9,20],[23,19,15,3,11,7,5,17,21,13,9,12,20],[23,19,7,15,11,3,21,17,5,13,9,20],[7,23,11,3,19,15,5,17,21,13,9,12,20],[7,11,3,19,15,23,5,17,21,13,9,12,20],[7,23,11,19,15,3,21,5,17,13,9,20],[11,15,7,3,19,23,5,17,21,13,9,12,20],[7,15,23,11,3,19,5,21,17,13,9,20],[7,11,15,23,3,19,21,5,17,13,9,20],[19,15,11,23,3,7,21,5,13,17,9,12,20],[3,23,11,15,7,19,5,17,21,13,9,12,20],[23,11,3,7,19,15,21,5,13,17,9,20],[23,3,7,15,11,19,5,17,21,13,9,20],[15,19,3,11,23,7,21,5,13,17,9,20],[3,11,7,19,23,15,21,17,5,13,9,12,20],[23,3,11,7,19,15,5,21,17,13,9,20],[23,15,19,7,11,3,5,21,13,17,9,12,20],[23,7,11,19,15,3,21,17,5,13,9,12,20],[19,11,15,23,7,3,5,17,21,13,9,12,20],[11,7,23,15,3,19,21,5,17,13,9,20],[19,23,11,15,3,7,5,21,17,13,9,12,20],[23,7,11,3,19,15,5,17,21,13,9,12,20],[7,11,23,19,3,15,21,17,5,13,9,12,20],[15,7,19,23,3,11,21,17,5,13,9,12,20],[19,15,11,23,3,7,21,5,17,13,9,20],[23,7,19,11,15,3,21,17,5,13,9,20],[19,15,11,3,7,23,21,17,5,13,9,12,20],[23,7,19,15,3,11,21,5,17,13,9,20],[11,19,3,15,23,7,5,21,13,17,9,12,20],[7,3,11,23,15,19,5,21,13,17,9,20],[3,19,7,23,15,11,21,17,5,13,9,20],[23,7,15,19,3,11,21,5,17,13,9,12,20],[23,11,7,3,19,15,5,21,17,13,9,12,20],[7,11,19,3,15,23,21,5,17,13,9,12,20],[15,23,19,7,11,3,5,21,17,13,9,12,20],[15,11,3,23,7,19,5,17,21,13,9,12,20],[23,3,15,7,11,19,5,21,17,13,9,20],[23,19,15,3,11,7,5,17,21,13,9,20],[11,7,3,23,15,19,21,5,13,17,9,20],[11,7,23,3,15,19,21,17,5,13,9,12,20],[15,19,23,3,7,11,5,17,21,13,9,20],[23,19,11,15,7,3,21,5,17,13,9,12,20],[15,11,3,7,23,19,21,17,5,13,9,12,20],[19,11,3,23,15,7,5,17,21,13,9,12,20],[15,3,23,7,11,19,5,17,21,13,9,12,20],[19,3,15,11,23,7,5,17,21,13,9,20],[15,11,3,19,7,23,21,5,17,13,9,12,20],[19,15,3,23,11,7,21,5,13,17,9,20],[11,7,15,19,3,23,21,5,13,17,9,12,20],[11,15,3,19,23,7,21,5,13,17,9,12,20],[7,3,15,11,19,23,5,17,21,13,9,12,20],[23,19,7,3,15,11,5,17,21,13,9,12,20],[7,3,23,15,19,11,5,21,13,17,9,20],[23,15,11,7,19,3,5,17,21,13,9,12,20],[11,15,23,3,7,19,21,5,17,13,9,12,20],[15,3,19,11,7,23,21,17,5,13,9,12,20],[23,7,15,11,19,3,21,17,5,13,9,20],[15,19,23,3,11,7,21,17,5,13,9,20],[15,19,7,11,3,23,21,5,13,17,9,20],[11,19,7,3,15,23,21,5,13,17,9,20],[23,15,3,19,7,11,21,5,13,17,9,20],[3,15,23,11,7,19,21,17,5,13,9,12,20],[19,3,7,11,23,15,21,17,5,13,9,20],[19,11,3,15,23,7,21,17,5,13,9,20],[3,15,19,23,7,11,5,17,21,13,9,20],[23,3,7,19,15,11,5,21,13,17,9,20],[7,19,3,15,23,11,5,17,21,13,9,20],[7,23,19,15,11,3,5,21,17,13,9,12,20],[15,7,3,23,11,19,5,21,17,13,9,20],[11,19,15,7,23,3,21,17,5,13,9,20],[7,19,23,11,3,15,21,17,5,13,9,20],[15,23,11,7,3,19,21,5,17,13,9,20],[7,23,11,3,15,19,5,17,21,13,9,20],[15,11,23,19,7,3,21,5,13,17,9,12,20],[7,15,23,19,11,3,5,17,21,13,9,20],[23,7,15,3,11,19,5,17,21,13,9,12,20],[23,3,7,15,19,11,5,21,17,13,9,12,20],[23,7,3,19,15,11,21,17,5,13,9,12,20],[7,23,15,3,19,11,5,17,21,13,9,12,20],[7,11,3,15,23,19,5,21,13,17,9,20],[3,7,19,23,15,11,21,5,17,13,9,12,20],[3,19,11,23,15,7,5,21,17,13,9,20],[3,23,11,15,19,7,21,17,5,13,9,20],[11,23,15,3,19,7,5,21,17,13,9,20],[23,7,3,15,19,11,5,17,21,13,9,12,20],[3,23,11,15,7,19,21,5,17,13,9,20],[7,19,11,15,23,3,21,17,5,13,9,12,20],[15,7,11,3,23,19,5,17,21,13,9,20],[15,7,19,11,23,3,21,17,5,13,9,20],[19,7,15,23,11,3,5,17,21,13,9,12,20],[19,11,15,23,7,3,21,17,5,13,9,12,20],[3,11,7,23,19,15,21,5,17,13,9,20],[7,3,23,19,11,15,21,17,5,13,9,20],[11,7,23,19,3,15,21,5,13,17,9,12,20],[11,15,19,7,3,23,21,5,13,17,9,12,20],[23,3,7,15,19,11,5,21,13,17,9,20],[15,19,11,7,3,23,21,5,17,13,9,20],[15,11,23,19,3,7,21,17,5,13,9,20],[19,3,11,7,15,23,5,17,21,13,9,20],[15,23,7,11,3,19,5,21,17,13,9,20],[23,11,19,15,7,3,5,17,21,13,9,20],[15,3,7,23,19,11,21,17,5,13,9,12,20],[23,11,3,7,15,19,21,17,5,13,9,12,20],[19,23,11,7,3,15,5,21,13,17,9,20],[15,11,7,23,3,19,5,17,21,13,9,20],[23,15,7,19,11,3,21,17,5,13,9,12,20],[3,11,19,23,15,7,21,17,5,13,9,12,20],[3,7,19,11,15,23,5,21,17,13,9,12,20],[19,7,3,15,23,11,5,21,17,13,9,12,20],[19,7,15,23,3,11,21,5,17,13,9,20],[15,11,23,7,3,19,21,17,5,13,9,20],[23,15,3,19,11,7,21,17,5,13,9,12,20],[15,7,3,19,23,11,5,17,21,13,9,20],[3,7,15,11,23,19,5,21,13,17,9,12,20],[19,11,7,23,15,3,5,17,21,13,9,12,20],[15,23,7,11,19,3,21,5,17,13,9,12,20],[23,15,19,3,7,11,5,17,21,13,9,12,20],[3,19,7,15,11,23,21,5,17,13,9,12,20],[23,7,19,15,11,3,5,17,21,13,9,12,20],[11,15,23,3,19,7,21,5,17,13,9,20],[7,3,19,23,15,11,5,21,17,13,9,20],[3,23,15,7,19,11,5,21,17,13,9,20],[11,19,7,15,23,3,5,21,13,17,9,12,20],[7,23,11,15,3,19,5,17,21,13,9,12,20],[3,23,15,19,7,11,5,21,17,13,9,12,20],[3,19,11,15,23,7,21,17,5,13,9,12,20],[15,23,3,19,11,7,21,17,5,13,9,20],[7,3,19,11,23,15,21,5,17,13,9,20],[15,19,3,23,7,11,5,17,21,13,9,12,20],[7,23,19,11,3,15,21,5,17,13,9,20],[15,3,23,19,7,11,21,17,5,13,9,20],[3,7,23,11,19,15,21,17,5,13,9,12,20],[3,11,15,7,19,23,21,5,13,17,9,20],[11,3,7,19,23,15,5,17,21,13,9,12,20],[15,7,23,11,19,3,5,21,13,17,9,20],[15,19,23,11,7,3,5,21,17,13,9,12,20],[11,7,15,3,23,19,21,5,13,17,9,20],[3,11,19,23,15,7,5,21,13,17,9,20],[15,11,23,19,7,3,5,17,21,13,9,20],[11,7,3,19,23,15,21,5,13,17,9,20],[3,15,19,23,11,7,21,17,5,13,9,12,20],[19,23,3,15,7,11,5,21,13,17,9,12,20],[7,15,3,19,11,23,21,17,5,13,9,20],[15,19,11,7,23,3,5,21,13,17,9,12,20],[23,3,15,11,19,7,5,21,13,17,9,20],[15,19,11,23,3,7,5,17,21,13,9,12,20],[11,3,23,15,7,19,5,17,21,13,9,12,20],[3,23,11,19,15,7,5,17,21,13,9,20],[23,19,15,7,11,3,21,17,5,13,9,12,20],[7,15,3,19,11,23,5,17,21,13,9,12,20],[7,3,23,15,19,11,21,5,13,17,9,20],[15,11,19,3,23,7,5,17,21,13,9,20],[15,3,11,23,19,7,5,21,17,13,9,20],[11,19,15,3,23,7,21,17,5,13,9,12,20],[23,11,19,7,3,15,5,17,21,13,9,12,20],[11,3,23,7,19,15,5,21,13,17,9,12,20],[3,23,19,11,15,7,21,17,5,13,9,12,20],[19,7,15,3,23,11,21,5,17,13,9,12,20],[19,23,3,11,15,7,5,21,13,17,9,12,20],[3,23,19,11,15,7,21,17,5,13,9,20],[19,11,7,15,3,23,5,17,21,13,9,12,20],[19,3,15,11,23,7,5,17,21,13,9,20],[15,7,11,23,3,19,21,5,17,13,9,20],[23,11,19,15,3,7,21,5,17,13,9,12,20],[7,19,23,3,15,11,5,17,21,13,9,20],[11,15,3,19,7,23,21,17,5,13,9,12,20],[19,7,11,15,23,3,5,21,13,17,9,12,20],[3,19,23,11,15,7,5,21,13,17,9,12,20],[19,7,23,15,11,3,21,17,5,13,9,12,20],[11,7,3,15,19,23,5,17,21,13,9,20],[15,23,19,11,3,7,21,17,5,13,9,12,20],[3,11,19,23,15,7,21,5,17,13,9,20],[23,7,11,3,15,19,21,17,5,13,9,20],[11,3,23,19,15,7,21,17,5,13,9,12,20],[11,23,15,7,19,3,21,17,5,13,9,12,20],[11,15,7,19,3,23,21,17,5,13,9,12,20],[11,7,3,19,15,23,5,21,17,13,9,12,20],[19,15,23,3,7,11,21,5,13,17,9,12,20],[11,7,23,19,15,3,5,17,21,13,9,12,20],[15,7,19,3,23,11,21,5,13,17,9,20],[7,11,3,23,15,19,5,21,17,13,9,12,20],[7,15,11,3,19,23,21,5,17,13,9,12,20],[23,7,19,3,11,15,21,17,5,13,9,20],[11,15,23,19,3,7,21,5,13,17,9,12,20],[15,11,19,3,23,7,5,21,13,17,9,12,20],[3,23,19,15,7,11,21,17,5,13,9,12,20],[23,3,15,11,19,7,5,21,13,17,9,12,20],[15,19,23,11,3,7,5,21,13,17,9,20],[3,23,11,19,7,15,5,21,17,13,9,12,20],[19,3,11,23,7,15,21,5,13,17,9,20],[23,15,7,3,11,19,5,21,17,13,9,20],[15,7,23,11,19,3,5,17,21,13,9,12,20],[11,15,23,7,19,3,5,21,13,17,9,12,20]]}