{"problem_id":"HJSnoNieg50nHwb","sigma":150,"alpha":10.000,"cost":0,"probabilities":"[0.27, 0.26, 0.26, 0.21]","payoff_matrix":"[[-231, 275, 143, -116, 14, 241], [12, -36, -8, 125, 88, -199], [-63, -78, 45, -47, -223, -3], [110, -97, 128, 107, -116, 197]]","uncovered":[[9,1,5,7,11,10,6,12,8,17,21,22,13,19,23,15,24,4,2,3,14,16,20],[9,13,1,17,21,23,11,22,5,7,10,6,8,19,12,15,24,2,16,14,4,20,3],[13,21,17,5,23,6,7,22,1,9,10,11,12,8,18,19,15,24,3,16,14,2],[13,1,17,9,5,7,11,6,10,8,21,23,22,18,19,12,15,24,3,14],[21,9,10,23,11,22,13,5,7,6,8,17,1,18,19,12,14,15,24,3,4,16,2],[17,5,21,22,7,9,11,6,10,12,8,1,13,19,23,15,24,2,20,14,16,3,18],[21,13,17,5,23,6,7,22,9,11,10,12,8,2,1,18,19,15,24,14,4,16,3,20],[17,21,5,7,22,9,10,11,6,12,8,13,1,19,23,14,15,24,3,2,18,16],[17,9,13,21,23,10,11,22,5,7,6,8,1,18,19,12,15,24,4,3,14,20,16,2],[21,13,9,11,22,5,6,10,7,8,1,17,23,19,12,14,15,24,4,2,16,18,3,20],[1,17,13,5,21,7,22,9,10,11,6,8,23,19,12,15,24,3,18,16,14,2],[17,5,2,13,9,6,10,11,7,8,21,23,22,1,18,19,12,15,24,14,3,16],[5,1,17,13,21,23,7,22,9,11,6,10,8,19,12,16,15,24,2,14,20,18,3,4],[21,5,22,6,1,9,11,7,10,12,8,13,17,19,23,15,24,4,2,20,14,16,3,18],[13,1,9,17,21,10,23,11,22,5,6,7,12,8,18,19,14,15,24,3,16],[5,9,7,11,6,10,8,17,13,21,23,22,1,18,19,12,15,24,3,14,16,4],[21,5,7,23,6,22,13,17,9,11,10,8,1,19,12,14,15,24,2,4,16,3,18],[9,13,21,23,11,22,1,5,7,6,10,8,17,19,12,15,24,4,2,3,18,14,16],[9,21,10,22,23,13,17,1,5,6,7,11,12,8,19,15,24,2,16,14,18,3],[9,17,21,10,23,22,1,5,7,6,11,8,13,18,19,12,15,24,3,16,14,2],[21,9,22,10,11,13,5,7,6,12,8,1,17,19,23,14,15,24,2,16,18,20,3],[13,5,17,1,21,6,22,9,11,10,7,8,23,19,12,14,15,24,2,18,4,16,3,20],[21,13,1,9,11,22,5,6,7,10,12,8,17,19,23,15,24,2,16,14,18,3,4,20],[21,1,5,22,7,9,10,11,6,12,8,17,13,18,19,23,14,15,24,4,2,16,3,20],[13,5,1,21,6,23,22,9,10,11,7,12,8,17,19,16,15,24,4,3,14,2,20,18],[9,17,21,11,23,10,22,1,5,7,6,8,13,18,19,12,14,15,24,3,16,4,2,20],[17,1,9,13,21,10,22,11,5,6,7,8,23,19,12,16,14,15,24,2,18,20,3,4],[9,21,11,22,17,1,5,6,10,7,12,8,13,18,19,23,15,24,2,14,4,16,3],[9,17,1,5,11,6,7,10,8,21,22,13,23,19,12,14,15,24,2,18,16,4,3,20],[13,1,17,9,5,11,6,10,7,8,21,23,22,19,12,14,15,24,2,16,18,20,3,4],[9,5,6,11,7,10,12,8,13,21,23,22,1,17,18,19,14,15,24,3,20,16,2,4],[5,9,6,11,10,7,8,17,13,1,21,23,22,18,19,12,15,24,4,3,16,14,20,2],[5,9,6,10,7,11,12,8,13,21,23,22,1,17,18,19,14,15,24,3,16,4,20,2],[9,13,5,11,6,7,10,12,8,21,23,22,1,17,19,14,15,24,4,3,16,18,2,20],[13,17,5,9,7,10,11,6,12,8,1,21,23,22,18,19,15,24,3,16,14,4],[17,9,5,6,11,10,7,8,21,23,22,1,13,18,19,12,14,15,24,2,4,16,20,3],[5,1,13,9,10,6,7,11,8,17,21,23,22,19,12,14,15,24,2,20,16,18,3,4],[13,1,21,9,11,23,10,22,5,7,6,12,8,17,18,19,16,15,24,4,3,14,2,20],[5,9,7,10,6,11,8,13,21,23,22,1,17,18,19,12,16,15,24,3,14,20,4,2],[1,9,13,5,11,7,6,10,12,8,17,23,19,21,22,14,15,24,2,16,18,4,20],[17,21,5,22,7,9,11,10,6,12,8,1,13,19,23,14,15,24,4,3,18],[21,5,7,23,22,1,9,10,6,11,8,13,17,19,12,14,15,24,3,20,16,18,2],[13,17,5,21,7,22,1,9,10,11,6,8,23,18,19,12,14,15,24,3,16,2,4,20],[21,5,6,23,7,22,9,10,11,8,13,1,17,18,19,12,15,24,2,14,3,20,16],[5,21,23,6,22,1,9,11,7,10,8,17,13,18,19,12,15,24,3,16,14,2,20],[9,13,17,1,5,6,11,10,7,8,21,22,23,18,19,12,14,15,24,4,3,16,20],[13,5,17,9,6,11,10,7,8,1,21,23,22,18,19,12,14,15,24,2,16,3,20],[9,13,1,17,21,23,10,22,5,6,11,7,8,18,19,12,15,24,4,3,14,20,16],[21,9,23,11,10,22,13,1,5,6,7,12,8,17,18,19,15,24,4,3,14,16],[9,17,1,5,10,6,7,11,8,13,21,22,23,19,12,14,15,24,2,18,20,4,16,3],[13,21,9,22,11,5,7,10,6,12,8,1,17,18,19,23,16,14,15,24,2,4,3,20],[21,17,13,1,5,22,7,9,11,10,6,8,23,18,19,12,14,15,24,2],[21,9,11,23,22,1,5,6,7,10,12,8,13,17,19,16,14,15,24,3,20,18,4,2],[13,5,1,17,9,6,11,7,10,8,21,22,23,19,12,14,15,24,4,2,3,18,20,16],[13,21,1,9,22,10,23,17,5,7,11,6,8,18,19,12,14,15,24,3,16,4,2,20],[1,9,17,21,11,22,5,7,10,6,8,13,23,19,12,15,24,2,16,14,18,4],[9,5,11,6,7,10,8,17,13,21,23,22,1,18,19,12,14,15,24,3,20,4,16,2],[9,5,11,6,10,7,8,17,21,23,22,1,13,19,12,15,24,4,2,20,14,16,3],[1,9,13,5,11,6,10,7,8,21,22,17,23,19,12,14,15,24,4,2,18,16,3,20],[21,5,6,23,7,22,17,1,13,9,10,11,8,19,12,14,15,24,2,18,4,16,20,3],[17,13,1,5,9,6,10,7,11,8,21,23,22,19,12,14,15,24,3,20,2,16],[1,13,5,21,6,22,9,10,7,11,12,8,17,18,19,23,16,15,24,3,14,4,2,20],[5,9,6,10,11,7,8,1,21,23,22,13,17,19,12,14,15,24,4,3,16,18,2,20],[9,1,21,10,23,11,22,5,6,7,12,8,17,13,19,14,15,24,2,18,3,16,20],[5,9,10,6,7,11,8,1,21,23,22,13,17,18,19,12,15,24,4,3,14,16,2,20],[13,9,21,23,11,10,22,5,7,6,12,8,1,17,19,14,15,24,2,18,16,4,20,3],[17,5,9,7,11,6,10,12,8,1,15,21,23,22,19,13,24,3,20,14,16,18,4,2],[17,13,21,5,7,22,9,11,10,6,8,1,23,19,12,14,15,24,2,16,4,20,3],[5,21,7,23,6,22,13,1,17,9,10,11,12,8,18,19,14,15,24,4,2,3,16,20],[17,9,5,6,10,11,7,8,13,21,22,1,23,18,19,12,14,15,24,2,16,20,3],[5,21,23,7,6,22,13,1,9,10,11,8,17,18,19,12,15,24,3,14,2,16],[5,1,17,21,22,6,9,10,7,11,8,13,23,19,12,14,15,24,3,16,20,18,2,4],[17,21,5,7,23,22,9,10,6,11,12,8,1,13,18,19,15,24,4,2,16,14,3],[9,13,1,21,10,22,23,5,6,7,11,8,17,18,19,12,14,15,24,3,2,20,16,4],[5,1,9,6,11,7,10,12,8,13,21,22,17,18,19,23,15,24,4,3,14,16,2,20],[5,9,10,6,11,7,12,8,1,21,23,22,13,17,18,19,15,24,3,14,16,4,20],[5,1,21,7,23,22,9,11,10,6,8,13,17,18,19,12,14,15,24,2,16,3,4],[1,5,10,13,17,21,22,7,6,23,18,19,9,11,12,8,14,15,24,4,3],[1,5,17,21,23,7,22,9,10,6,11,12,8,13,19,14,15,24,2,18,16,3,20],[13,9,21,23,10,22,17,5,7,11,6,8,1,19,12,14,15,24,2,3,20,4,18,16],[13,1,5,17,21,23,6,22,9,11,10,7,12,8,19,16,15,24,2,14,18,4,3,20],[17,5,21,7,23,6,22,9,11,10,8,13,1,19,12,15,24,3,14,2,20,16,18],[21,1,17,9,22,11,13,5,7,6,10,12,8,19,23,15,24,2,16,14,20,3],[5,21,6,23,22,17,9,11,10,7,8,1,13,19,12,15,24,2,14,16,18,4,3,20],[17,1,13,21,9,10,23,11,22,5,6,7,12,8,18,19,14,15,24,3,16,4,20],[9,5,10,6,7,11,8,17,1,13,21,22,23,19,12,14,15,24,4,3,16,20,2],[17,9,5,6,10,7,11,8,21,23,22,13,1,19,12,14,15,24,4,2,16,20,3,18],[5,9,6,11,10,7,12,8,1,21,22,13,17,19,23,15,24,4,2,16,14,3,18,20],[17,9,13,5,7,10,6,11,8,1,21,23,22,19,12,14,15,24,2,16,20,4,3],[21,1,5,7,23,22,17,9,11,10,6,8,13,19,12,14,15,24,4,2,16,18,3],[9,5,10,6,7,11,8,21,23,22,17,13,1,19,12,14,15,24,3,20,16,18,2,4],[21,1,5,7,23,6,22,9,11,10,8,13,17,19,12,14,15,24,4,3,16,20,18,2],[5,17,23,9,11,6,7,10,12,8,15,1,18,19,21,22,13,24,3,4,14,16],[5,13,19,1,11,9,7,10,6,8,21,22,23,12,15,24,20,2,14,16,4,18,3,17],[5,17,9,6,11,7,10,8,13,21,23,22,1,19,12,14,15,24,3,2,20,16],[17,1,5,21,6,23,22,9,11,10,7,8,13,19,12,14,15,24,2,18,3,4],[17,9,1,5,11,7,10,6,12,8,21,23,22,13,19,14,15,24,3,18,16,2,4,20],[9,21,23,11,22,17,1,5,6,7,10,12,8,13,19,14,15,24,3,16,20],[5,1,21,7,22,17,9,11,10,6,8,13,23,19,12,14,15,24,4,3,18,16,20],[1,5,21,7,23,22,9,11,6,10,8,17,13,19,12,15,24,3,14,16,4,18,2,20],[13,21,5,7,23,6,22,1,9,10,11,12,8,18,17,19,14,15,24,2,3,16],[21,13,1,9,23,10,11,22,5,6,7,8,17,19,12,14,15,24,4,2,16,20,3],[9,5,6,11,10,7,12,8,1,17,21,22,13,18,19,23,16,15,24,14,4,2,3,20],[9,1,21,11,22,13,17,5,7,10,6,8,23,18,19,12,14,15,24,3,16,2,20],[21,9,22,10,23,13,17,1,5,7,6,11,12,8,19,14,15,24,3,16,20,2,18,4],[17,21,1,5,6,22,13,9,10,11,7,12,8,19,23,14,15,24,4,3,18,16,20],[17,13,9,1,5,6,10,7,11,12,8,21,22,18,19,23,16,14,15,24,2,4,3,20],[9,13,21,22,10,11,5,7,6,12,8,17,1,18,19,23,15,24,3,16,14,2,4,20],[9,17,5,7,10,6,11,12,8,21,22,1,13,18,19,23,16,14,15,24,2,3],[21,5,7,22,13,17,9,10,11,6,8,1,23,18,19,12,14,15,24,2,3,16,4],[5,9,7,10,6,11,12,8,17,21,23,22,13,1,19,14,15,24,3,20,4,16,2,18],[5,13,1,17,9,10,7,11,6,12,8,21,23,22,18,19,15,24,4,3,14,16,20],[17,5,9,10,7,6,11,8,21,22,1,13,23,19,12,15,24,3,20,14,18,16],[5,13,1,17,21,23,6,22,9,10,11,7,12,8,18,19,15,24,2,16,14,3,20],[1,13,21,9,11,23,22,17,5,6,10,7,8,19,12,14,15,24,2,18,4,16,3],[13,17,1,9,21,22,10,11,5,6,7,8,23,19,12,16,15,24,3,14,2,18,4],[21,17,5,22,6,13,9,11,10,7,12,8,1,19,23,15,24,3,16,14,18,4,2],[21,5,22,7,9,10,11,6,8,13,17,1,23,18,19,12,14,15,24,3,16,2,20],[13,9,5,10,7,11,6,12,8,1,21,22,17,18,19,23,14,15,24,3,16,2],[17,5,13,21,7,23,6,22,1,9,10,11,12,8,19,14,15,24,3,20,2,16,4],[13,17,21,5,23,6,7,22,1,9,10,11,8,19,12,14,15,24,3,18,2,16,20,4],[1,5,21,22,6,17,13,9,10,7,11,12,8,19,23,15,24,3,14,16,2,4,18,20],[5,1,21,23,6,22,9,11,7,10,8,17,13,19,12,14,15,24,2,18,16,3,4,20],[5,13,21,23,6,22,1,17,9,11,7,10,12,8,19,14,15,24,2,16,4,20,18,3],[1,9,17,13,5,10,7,6,11,8,21,22,23,18,19,12,15,24,3,14,16,2,20,4],[9,17,21,10,22,23,5,6,11,7,12,8,13,1,19,14,15,24,3,20,16,2,4],[13,1,21,17,5,22,7,9,11,6,10,12,8,19,23,15,24,2,16,14,3,20,18,4],[17,1,21,5,22,6,9,10,11,7,12,8,13,19,23,15,24,2,14,20,16,4,18,3],[1,5,13,9,11,6,7,10,12,8,21,22,17,18,19,23,15,24,3,14,16],[17,13,1,5,9,7,10,6,11,12,8,21,22,18,19,23,15,24,2,16,14,3],[5,13,9,10,7,6,11,8,17,1,21,22,23,18,19,12,14,15,24,4,3,2,16],[17,5,1,21,7,22,9,10,11,6,8,13,23,19,12,15,24,4,3,20,14],[13,5,21,7,22,17,1,9,10,11,6,8,23,19,12,14,15,24,3,18,4],[1,21,5,22,6,17,9,11,7,10,8,13,23,19,12,14,15,24,4,2,20,3],[5,17,9,11,7,6,10,8,13,1,21,22,23,18,19,12,14,15,24,4,3,16,20],[1,17,13,5,9,11,6,10,7,8,21,22,23,19,12,15,24,4,3,14,18,16,2,20],[9,1,13,21,10,23,11,22,17,5,6,7,12,8,19,15,24,2,16,14,18,3],[9,5,10,7,11,6,8,13,21,22,1,17,23,19,12,16,15,24,2,14,3,18,20,4],[21,9,11,23,22,17,13,5,7,6,10,12,8,1,18,19,14,15,24,2,16,3,4,20],[1,5,21,23,7,6,22,13,17,9,11,10,8,19,12,15,24,4,2,3,14,20,16,18],[13,5,17,9,7,11,6,10,8,21,22,1,23,19,12,14,15,24,4,2,16,20,3,18],[1,5,17,23,9,11,7,10,6,12,8,14,13,18,19,21,22,15,24,3,16,20],[13,9,21,22,11,17,5,6,7,10,12,8,1,18,19,23,14,15,24,4,2,3,16],[5,1,17,13,9,10,6,7,11,12,8,21,23,22,19,15,24,4,2,14,20,16,3,18],[9,1,13,21,11,22,5,6,10,7,8,17,23,18,19,12,14,15,24,3,20,2,16,4],[13,5,9,10,6,11,7,8,21,23,22,1,17,19,12,15,24,14,2,20,4,16,18,3],[17,1,9,13,21,22,11,5,7,10,6,12,8,18,19,23,14,15,24,2,16,3,4],[1,13,9,21,10,23,22,17,5,6,7,11,12,8,18,19,16,15,24,3,14],[1,9,5,7,11,10,6,8,13,21,22,17,23,19,12,14,15,24,3,16,2,18,20],[17,13,5,9,6,11,10,7,12,8,1,21,23,22,19,14,15,24,4,2,3,20],[17,9,21,22,11,1,5,7,10,6,8,13,23,18,19,12,15,24,4,2,14,16,20,3],[5,9,7,10,11,6,12,8,21,22,13,1,17,18,19,23,15,24,2,14,16,3,4,20],[17,1,13,21,5,23,7,22,9,10,11,6,8,19,12,14,15,24,3,18,16,20,2,4],[5,21,23,6,22,1,17,9,10,11,7,8,13,19,12,15,24,2,16,14,3,20,18],[9,13,1,5,7,10,6,11,12,8,17,21,23,22,18,19,15,24,2,14,16,20,3],[13,17,5,1,9,7,10,6,11,8,21,22,23,18,19,12,15,24,2,16,14,20,3,4],[5,21,22,7,17,1,13,9,10,6,11,12,8,18,19,23,14,15,24,2,20,4,3,16],[21,13,1,5,23,6,22,17,9,10,11,7,12,8,18,19,14,15,24,2,16,4,3],[5,17,15,1,9,7,11,10,6,12,8,21,22,18,19,23,14,13,24,4,2,16,3,20],[5,13,21,22,6,1,17,9,10,11,7,8,23,19,12,15,24,4,3,14,16,18],[5,1,21,23,6,7,22,17,13,9,10,11,12,8,18,19,15,24,4,3,14,16,2,20],[21,1,17,5,23,7,22,13,9,11,10,6,8,18,19,12,14,15,24,2,3,16],[1,9,13,21,10,23,11,22,17,5,6,7,12,8,18,19,15,24,2,14,16,4,20,3],[21,5,6,22,1,9,11,7,10,8,17,13,23,19,12,14,15,24,4,2,18,16,3,20],[17,9,5,7,10,6,11,12,8,21,22,13,1,18,19,23,15,24,4,3,14,16],[21,9,10,22,11,1,5,7,6,12,8,17,13,19,23,15,24,3,14,18,4,2,16],[17,5,13,21,6,22,1,9,11,10,7,8,23,19,12,15,24,2,3,16,14,18],[13,17,21,9,22,10,11,1,5,6,7,12,8,19,23,14,15,24,3],[13,17,5,21,23,7,6,22,1,9,11,10,8,19,12,14,15,24,3,16,18,4],[1,5,9,10,6,7,11,8,17,13,21,22,23,19,12,14,15,24,4,3,20,16],[21,17,5,22,6,1,9,11,10,7,8,13,23,18,19,12,14,15,24,4,3,16,20,2],[17,21,1,13,9,11,23,10,22,5,6,7,8,18,19,12,16,14,15,24,4,3,2,20],[13,17,9,5,11,7,6,10,8,1,21,22,23,19,12,15,24,4,3,14,16,20,2],[9,13,21,23,10,22,1,5,6,7,11,12,8,17,18,19,14,15,24,3,2,16,20],[5,13,1,9,11,7,10,6,8,21,23,22,17,18,19,12,14,15,24,4,3,2,16,20],[17,1,5,9,7,10,6,11,12,8,21,23,22,13,19,15,24,4,2,18,16,14,3,20],[13,17,9,1,21,11,23,22,5,6,10,7,12,8,18,19,15,24,2,16,3,14,4,20],[1,21,13,5,23,6,7,22,17,9,10,11,8,19,12,14,15,24,2,16,20,3],[13,1,5,9,11,6,7,10,8,21,22,17,23,18,19,12,14,15,24,4,2,3,16],[5,17,13,9,7,11,6,10,8,21,23,22,1,18,19,12,14,15,24,2,4,3],[5,13,17,9,6,10,7,11,12,8,21,22,1,18,19,23,16,14,15,24,3],[9,13,5,11,6,7,10,8,17,21,23,22,1,19,12,14,15,24,2,20,4,16],[9,21,11,23,22,1,5,6,7,10,12,8,13,17,18,19,14,15,24,3,16],[17,9,13,21,22,10,11,5,6,7,8,1,23,19,12,15,24,2,14,20,16,4,3,18],[1,13,21,9,23,10,11,22,17,5,6,7,8,18,19,12,14,15,24,4,2,3,20,16],[5,21,7,23,6,22,13,9,11,10,12,8,17,1,19,14,15,24,4,3,2,20,18,16],[1,21,9,23,11,10,22,13,17,5,7,6,8,18,19,12,15,24,2,4,14,16,3],[17,9,13,1,21,10,23,11,22,5,6,7,8,18,19,12,15,24,4,2,16,14,3,20],[1,17,13,21,9,11,22,5,7,6,10,12,8,18,19,23,15,24,4,2,16,14,3],[13,17,5,9,7,11,6,10,12,8,1,21,23,22,18,19,15,24,2,14,4,3,16,20],[5,17,13,9,7,11,10,6,8,21,22,1,23,18,19,12,15,24,2,16,14,3,20],[5,13,21,23,7,6,22,9,11,10,8,17,1,19,12,14,15,24,2,16,18,4,3],[21,17,1,9,22,11,13,5,7,6,10,8,23,18,19,12,15,24,4,2,14,3,16],[5,21,22,6,13,1,9,10,7,11,12,8,17,18,19,23,15,24,3,16,14,4,2],[17,9,1,5,6,10,7,11,8,21,23,22,13,19,12,14,15,24,3,18,20,16,2,4],[13,21,5,23,6,22,9,10,11,7,12,8,1,17,18,19,15,24,4,3,16,14,2,20],[5,1,17,21,22,6,9,11,7,10,8,13,23,19,12,15,24,4,2,14,18,16],[17,9,1,21,10,23,22,13,5,6,11,7,8,18,19,12,14,15,24,3,16,2,4,20],[1,9,13,21,10,23,22,5,6,11,7,8,17,18,19,12,14,15,24,4,2,16,3,20],[5,21,23,7,6,22,17,9,11,10,8,1,13,19,12,14,15,24,2,3,18,20,4,16],[1,13,17,9,21,10,22,23,5,7,11,6,12,8,18,19,14,15,24,4,2,16,20],[13,5,9,10,6,7,11,8,21,23,22,1,17,19,12,15,24,3,14,18,16,2,20,4],[21,9,10,22,11,5,6,7,8,17,13,1,23,18,19,12,16,15,24,4,2,14,3,20],[13,21,5,23,6,7,22,9,10,11,12,8,1,17,19,14,15,24,3,2,16,18,4],[21,13,17,9,22,10,23,5,7,11,6,12,8,1,19,15,24,3,16,14,18],[9,13,21,11,23,22,5,7,6,10,12,8,1,17,18,19,15,24,2,14,4,16,3,20],[21,17,9,10,23,11,22,1,13,5,6,7,12,8,19,15,24,2,14,20,16,3],[17,9,21,10,23,22,5,7,6,11,12,8,1,13,18,19,14,15,24,4,3,16,20],[21,13,17,5,22,6,1,9,11,7,10,12,8,18,19,23,16,14,15,24,4,3,20,2],[9,17,21,22,10,23,5,6,11,7,12,8,1,13,19,15,24,3,16,14,20,18,2],[5,21,6,23,22,13,1,17,9,11,10,7,8,19,12,16,15,24,14,3,4,18,2,20],[9,21,11,22,1,5,7,6,10,12,8,13,17,18,19,23,15,24,4,3,14,16,20],[21,13,5,23,7,6,22,17,1,9,10,11,12,8,18,19,15,24,2,14,16,4,3,20],[5,1,21,6,22,9,11,10,7,12,8,13,19,23,14,15,24,18,4,3,17,16,20,2],[5,9,11,7,10,6,8,21,22,13,17,1,23,19,12,14,15,24,3,18,20,4,16],[21,1,13,9,10,23,11,22,5,6,7,12,8,17,18,19,15,24,3,14,16,20,2,4],[1,9,17,21,23,10,22,13,5,7,6,11,12,8,18,19,14,15,24,2,16,3],[1,5,13,21,23,7,6,22,9,10,11,12,8,17,19,14,15,24,3,16,18,2,4],[9,1,21,11,22,13,5,7,10,6,12,8,17,18,19,23,14,15,24,3,16,2,4,20],[1,21,13,9,22,10,11,5,7,6,8,17,23,19,12,15,24,4,3,18,16,14,2,20],[9,1,13,5,6,10,7,11,8,17,21,22,23,19,12,15,24,4,2,16,14,20,3,18],[1,9,5,10,7,11,6,12,8,21,23,22,17,13,18,19,14,15,24,3,16,2,4],[13,9,1,21,11,23,10,22,5,7,6,8,17,18,19,12,14,15,24,3,16,20,2,4],[1,21,9,10,22,23,17,5,7,6,11,8,13,18,19,12,15,24,4,3,16,14,20,2],[5,1,17,13,9,11,6,7,10,12,8,21,23,22,19,14,15,24,2,18,16,3,20],[1,13,17,9,5,6,11,7,10,8,21,22,23,19,12,14,15,24,2,18,20,16,3],[17,13,9,1,5,7,11,10,6,8,21,22,23,19,12,14,15,24,4,3,20,2,16],[1,21,5,23,7,6,22,9,11,10,8,17,13,19,12,14,15,24,4,2,16,18,3],[21,13,1,5,22,6,17,9,11,7,10,8,23,19,12,14,15,24,2,18,16,3,20,4],[1,9,5,6,11,10,7,12,8,21,23,22,13,17,19,14,15,24,3,18,16,2],[21,5,7,22,9,10,11,6,12,8,17,13,1,18,19,23,14,15,24,3,16,4,2,20],[17,1,13,9,5,10,7,11,6,8,21,22,23,19,12,15,24,2,18,4,14,16,3],[5,21,7,23,22,9,11,10,6,8,1,17,13,19,12,15,24,4,3,16,20,14],[5,21,23,6,22,1,17,13,9,11,7,10,12,8,19,15,24,3,14,20,2,16,4],[13,5,9,11,7,6,10,8,1,21,22,17,23,19,12,16,14,15,24,4,3,18,2,20],[17,1,9,21,23,10,11,22,13,5,6,7,12,8,19,14,15,24,3,16,2,18,20,4],[13,21,1,5,7,23,22,17,9,10,11,6,12,8,18,19,14,15,24,2,4,16,3],[5,21,23,7,22,13,17,1,9,11,10,6,12,8,18,19,14,15,24,2,3,4,16],[13,5,21,22,17,7,9,10,6,11,8,1,23,18,19,12,14,15,24,3,16,2,20,4],[5,17,13,9,10,7,11,6,12,8,1,21,22,19,23,15,24,2,14,3,18],[17,9,5,10,6,7,11,12,8,1,13,21,23,22,18,19,16,15,24,3,14,20],[1,13,17,9,21,22,11,5,7,10,6,8,23,19,12,16,15,24,3,14,4,18],[9,5,7,11,10,6,12,8,1,13,17,21,23,22,18,19,15,24,2,16,14,3],[5,21,7,22,9,10,11,6,8,1,13,17,23,18,19,12,14,15,24,4,3,16],[17,1,9,21,22,10,11,13,5,6,7,12,8,19,23,15,24,4,2,14,16,3,18],[13,21,5,22,1,7,9,11,6,10,12,8,17,18,19,23,15,24,3,16,14,4,20,2],[13,21,17,1,9,10,23,22,5,7,11,6,12,8,19,14,15,24,4,3,16,20,2,18],[13,1,17,21,5,6,22,9,10,11,7,8,23,18,19,12,14,15,24,3,16,4,2,20],[13,1,17,5,9,6,10,11,7,12,8,21,23,22,18,19,15,24,3,14,2,4,16],[21,9,22,11,17,13,5,7,10,6,12,8,1,19,23,15,24,4,3,14,16,20,2,18],[21,17,13,1,9,23,11,10,22,5,7,6,12,8,18,19,16,15,24,4,2,14,3],[13,5,21,6,22,17,1,9,10,11,7,8,23,19,12,14,15,24,3,20,2,16],[5,21,23,7,22,9,10,11,6,8,13,17,1,18,19,12,14,15,24,2,4],[21,9,22,10,23,1,17,13,5,7,6,11,12,8,19,14,15,24,2,4,16,18,3,20],[5,17,1,13,9,11,7,6,10,8,21,23,22,19,12,14,15,24,2,3,18,16],[21,17,5,22,6,9,10,7,11,8,1,13,23,19,12,15,24,3,16,14,18],[5,21,23,6,7,22,17,1,13,9,10,11,8,19,12,14,15,24,3,16,18,2,20,4],[17,9,1,21,11,23,10,22,13,5,7,6,12,8,19,14,15,24,4,2,16,3,18,20],[17,9,5,7,10,11,6,12,8,1,13,21,22,18,19,23,14,15,24,2,16,3],[9,5,6,10,7,11,12,8,17,13,1,21,22,19,23,15,24,4,3,14,2,20,16],[9,13,5,6,10,7,11,8,1,21,22,17,23,18,19,12,15,24,2,16,14,3],[9,5,10,6,11,7,8,17,21,23,22,1,13,19,12,15,24,3,14,20,16,18],[1,17,9,21,11,22,5,7,10,6,12,8,13,18,19,23,14,15,24,3,16,20,2],[9,13,21,11,23,22,17,1,5,6,7,10,12,8,18,19,15,24,3,16,14,4,2],[17,21,9,10,22,11,13,1,5,6,7,12,8,18,19,23,15,24,2,16,14,3],[1,13,17,5,9,11,6,10,7,8,21,23,22,19,12,15,24,3,14,16,2,4,18,20],[17,5,21,23,7,22,1,9,11,6,10,8,13,19,12,15,24,2,20,16,14,3,18,4],[5,1,17,13,9,10,6,7,11,12,8,21,22,19,23,15,24,2,4,14,3,18,16],[21,5,22,7,17,9,10,6,11,12,8,13,1,19,23,15,24,2,14,20,3,16,18,4],[13,17,1,5,9,7,10,6,11,12,8,21,23,22,19,15,24,18,2,14,16,4,3],[5,17,21,7,22,13,1,9,10,6,11,12,8,18,19,23,14,15,24,4,2,3,16],[21,1,13,17,5,22,7,9,10,11,6,12,8,18,19,23,14,15,24,3,20,16,4],[17,9,21,10,23,22,5,7,6,11,8,13,1,19,12,14,15,24,4,2,16,3,20,18],[1,5,13,9,7,11,6,10,8,21,22,17,23,18,19,12,15,24,3,4,14,16,20,2],[21,5,6,22,17,1,9,10,11,7,8,13,23,19,12,15,24,2,16,14,20,3,4],[9,13,5,11,7,6,10,12,8,23,17,1,18,19,21,22,15,24,3,16,14,4,2],[5,9,11,7,10,6,8,17,21,23,22,1,13,19,12,14,15,24,2,18,20,16,4,3],[21,1,13,9,10,23,11,22,5,6,7,12,8,17,19,15,24,3,14,16,18,2,4],[21,13,17,9,22,11,5,6,7,10,12,8,1,18,19,23,14,15,24,4,2,16,3,20],[9,5,10,6,7,11,12,8,17,1,13,21,23,22,19,16,14,15,24,2,20,4,3,18],[5,21,22,6,1,9,11,7,10,8,13,17,23,19,12,14,15,24,4,3,16,20,18],[13,9,21,11,22,17,1,5,6,7,10,8,23,18,19,12,15,24,3,14,20,16,2],[13,1,21,9,10,23,11,22,5,7,6,8,17,18,19,12,14,15,24,4,3,16,2],[1,5,17,13,21,6,23,7,22,9,11,10,12,8,18,19,14,15,24,2,16,20,4,3],[17,5,21,7,23,22,13,9,10,11,6,8,1,18,19,12,14,15,24,2,4,16,20,3],[13,9,1,17,21,23,10,11,22,5,7,6,8,19,12,14,15,24,2,18,4,3,20,16],[9,5,7,10,11,6,12,8,17,13,1,21,22,19,23,15,24,3,14,20,16,2],[5,9,6,10,7,11,12,8,1,21,22,17,13,19,23,15,24,4,2,3,14,18,16],[13,1,5,11,9,7,6,10,8,17,21,22,23,18,19,12,15,24,16,14,2,20,4,3],[21,13,17,5,7,23,22,9,11,6,10,12,8,1,18,19,14,15,24,4,2,3,16],[5,21,7,23,22,1,17,13,9,11,6,10,12,8,18,19,15,24,3,16,14,20,4,2],[13,1,5,17,9,6,10,11,7,12,8,21,22,18,19,23,14,15,24,3,16,2,4],[13,21,1,9,10,23,11,22,5,6,7,12,8,17,19,15,24,2,16,14,18,3],[5,13,21,23,7,6,22,9,10,11,8,1,17,18,19,12,15,24,3,16,14,20,2],[1,21,13,5,22,6,17,9,11,7,10,12,8,18,19,23,16,15,24,4,3,14,20,2],[17,21,9,23,10,11,22,5,7,6,12,8,13,2,1,18,19,14,15,24,16,20,4,3],[9,1,21,10,23,22,17,5,7,11,6,8,13,18,19,12,15,24,3,16,14,4,2,20],[17,9,13,1,21,10,23,11,22,5,7,6,12,8,18,19,16,15,24,4,3,14,2,20],[1,9,21,11,23,10,22,13,5,6,7,12,8,17,19,15,24,14,3,18,16,20],[17,9,5,11,7,10,6,12,8,21,23,22,13,2,1,19,14,15,24,20,18,4,3,16],[5,21,6,22,13,1,9,11,10,7,8,17,23,19,12,16,15,24,4,2,14,3,18,20],[21,9,22,10,11,5,6,7,8,13,1,17,23,19,12,14,15,24,3,18,2,16,4],[21,9,11,23,10,22,17,5,7,6,12,8,1,13,19,14,15,24,4,3,16,18,20,2],[17,9,5,7,10,11,6,8,1,13,21,23,22,19,12,16,14,15,24,4,2,3,18,20],[1,9,13,21,23,11,22,5,6,10,7,12,8,17,19,14,15,24,2,20,16,3],[13,17,21,5,23,7,6,22,9,11,10,8,1,18,19,12,15,24,2,16,14,20,4,3],[1,17,5,21,7,22,13,9,10,6,11,8,23,18,19,12,15,24,4,3,14,20,16],[17,21,13,1,5,22,7,9,10,11,6,12,8,18,19,23,14,15,24,4,2,3,16],[21,17,5,22,6,13,1,9,11,7,10,8,23,18,19,12,14,15,24,2,3,16,4,20],[5,1,17,21,7,23,22,13,9,10,6,11,12,8,19,15,24,2,14,18,3,16,4],[9,1,21,22,10,11,5,7,6,12,8,13,17,18,19,23,15,24,3,14,16,4,20,2],[1,21,5,7,22,17,13,9,10,6,11,12,8,19,23,15,24,3,4,16,14,20],[13,17,21,5,23,7,6,22,9,11,10,8,1,19,12,15,24,4,3,16,14,18],[1,5,9,10,7,11,6,12,8,13,17,21,22,18,19,23,15,24,2,3,14,4],[13,1,9,5,10,7,6,11,8,21,22,17,23,19,12,15,24,2,14,4,18,16,3],[21,13,17,1,5,23,7,22,9,11,6,10,12,8,19,15,24,3,16,14,18,20,2],[21,13,5,23,6,22,1,9,10,7,11,8,17,18,19,12,15,24,2,14,3,4,16],[9,21,22,10,11,5,6,7,12,8,17,1,13,19,23,14,15,24,2,20,4,3,16,18],[9,5,11,7,10,6,8,21,23,22,17,1,13,19,12,15,24,4,3,14,18,16,2,20],[21,9,10,22,11,5,6,7,12,8,1,13,17,18,19,23,14,15,24,4,2,16],[17,1,21,5,7,22,13,9,11,10,6,8,23,19,12,15,24,14,3,16,20,4],[9,17,13,21,22,10,23,5,6,7,11,8,1,18,19,12,14,15,24,4,3,16,20,2],[9,17,1,13,21,22,11,5,6,7,10,8,23,19,12,15,24,4,3,14,20,18,16],[1,5,21,22,7,17,13,9,11,6,10,12,8,19,23,14,15,24,2,20,3,18,4,16],[5,1,13,9,6,10,7,11,8,17,21,22,23,19,12,14,15,24,3,18,16,2,20,4],[13,1,5,21,22,6,9,11,10,7,8,17,23,18,19,12,14,15,24,3,16,4],[5,9,10,7,11,6,8,17,1,21,22,13,23,18,19,12,16,15,24,2,14,3,4,20],[5,13,1,17,21,6,22,9,10,11,7,8,23,19,12,15,24,4,3,18,14,16,2,20],[1,17,5,13,21,22,7,9,11,6,10,12,8,19,23,15,24,3,14,18,2,16,20],[13,21,5,7,22,17,1,9,11,6,10,8,23,19,12,14,15,24,2,20,3,16,18],[1,13,17,21,9,23,10,11,22,5,7,6,8,19,12,14,15,24,4,2,16,3,18,20],[21,5,23,6,7,22,17,13,9,11,10,12,8,1,19,14,15,24,2,20,16,3],[1,5,13,9,10,6,7,11,8,21,22,17,23,18,19,12,15,24,4,2,14,3,16,20],[13,17,1,21,9,23,11,22,5,6,7,10,12,8,19,14,15,24,4,2,16,18,3,20],[13,5,1,9,7,10,6,11,8,21,23,22,17,19,12,14,15,24,4,2,20,16,3,18],[17,5,9,11,6,10,7,8,1,13,21,22,23,18,19,12,14,15,24,3,16],[9,1,21,23,11,22,17,5,6,7,10,8,13,18,19,12,14,15,24,2,3,16,4],[9,17,5,6,10,11,7,12,8,21,22,1,13,18,19,23,15,24,2,14,4,3,16,20],[5,9,10,6,7,11,12,8,21,23,22,1,17,13,19,15,24,2,14,20,16,3,4,18],[1,5,17,13,9,6,11,10,7,12,8,21,23,22,18,19,14,15,24,3,16],[1,9,17,13,21,22,10,11,5,6,7,12,8,19,23,14,15,24,4,2,20,3,16,18],[13,17,1,9,5,7,11,6,10,8,21,22,23,19,12,15,24,4,3,14,20,16,2],[5,9,10,7,6,11,12,8,17,21,22,3,13,18,19,23,1,15,24,16,14,20,4],[5,13,1,17,21,23,6,22,9,10,11,7,12,8,19,14,15,24,3,16,18,2,20,4],[5,9,6,10,7,11,8,21,22,1,13,17,23,19,12,14,15,24,4,2,20,3,18,16],[1,17,9,5,11,6,7,10,8,21,23,22,13,18,19,12,15,24,2,14,16,4,3,20],[17,5,1,9,7,11,10,6,8,21,23,22,13,19,12,15,24,4,2,14,3,18,20,16],[17,5,13,9,11,7,10,6,12,8,1,21,22,19,23,15,24,2,4,16,14,20],[9,13,21,23,11,22,1,5,6,10,7,8,17,18,19,12,14,15,24,3,16,2,4,20],[5,9,7,11,6,10,8,17,1,13,21,22,23,18,19,12,15,24,3,16,14],[13,5,1,19,9,10,7,6,11,8,21,22,23,12,15,24,17,4,3,16,14,20],[17,1,13,9,5,10,7,11,6,12,8,21,23,22,18,19,15,24,4,3,16,14],[13,5,17,21,22,7,1,9,10,6,11,12,8,18,19,23,14,15,24,4,3],[1,5,13,9,11,6,10,7,8,17,21,23,22,19,12,14,15,24,4,3,20,2,16,18],[5,13,9,6,11,10,7,12,8,23,1,17,19,21,22,14,15,24,4,3,16,18,2,20],[21,5,23,6,22,9,11,10,7,12,8,17,13,1,19,15,24,3,14,20,16],[5,17,13,21,7,22,1,9,10,6,11,8,23,18,19,12,16,15,24,2,14,3,20],[9,1,17,21,23,10,11,22,5,6,7,12,8,14,13,18,19,15,24,3,16,2],[1,13,17,21,5,7,23,6,22,9,11,10,8,18,19,12,15,24,3,14,16],[17,13,1,5,9,11,7,6,10,8,21,23,22,18,19,12,14,15,24,4,2,16,20,3],[13,5,21,22,6,9,10,7,11,12,8,1,17,18,19,23,14,15,24,4,2,3,16],[1,21,17,13,5,23,7,22,9,10,6,11,12,8,18,19,15,24,4,3,20,16,14,2],[17,9,21,22,10,11,5,7,6,8,1,13,23,18,19,12,15,24,3,16,14],[5,1,13,9,7,10,6,11,8,21,23,22,17,19,12,15,24,4,3,16,14,20,2],[9,21,23,11,22,13,17,1,5,6,7,10,12,8,18,19,16,15,24,3,14,2,4],[13,21,9,11,22,5,7,6,10,8,1,17,23,18,19,12,15,24,16,4,2,14,3,20],[1,13,5,21,7,22,17,9,10,11,6,12,8,19,23,14,15,24,2,4,18,16],[5,14,13,9,6,10,7,11,12,8,1,17,21,23,22,19,15,24,3,2,20,18,16],[5,1,21,7,22,13,17,9,10,6,11,8,23,19,12,15,24,3,16,18,14,2,20,4],[5,1,21,7,22,13,9,11,10,6,8,17,23,19,12,14,15,24,3,18,16,4,2],[1,21,5,6,22,9,10,7,11,12,8,13,17,19,23,14,15,24,2,3,18,16,20,4],[1,9,13,17,5,10,6,11,7,12,8,21,22,18,19,23,15,24,4,3,16,14],[13,21,1,9,22,10,11,17,5,7,6,12,8,18,19,23,14,15,24,4,3],[17,9,21,10,22,23,1,13,5,6,7,11,12,8,19,16,15,24,3,14,20,18,4],[13,9,1,17,21,22,10,23,5,7,6,11,8,18,19,12,14,15,24,3,16,2],[17,9,5,7,10,6,11,12,8,22,1,13,19,16,15,23,3,14,24,21,18,4,2,20],[9,21,10,22,11,5,6,7,8,17,1,13,23,18,19,12,14,15,24,3,16,4],[1,5,9,6,10,11,7,8,17,13,21,23,22,19,12,14,15,24,2,16,3,18],[21,17,5,23,6,7,22,13,1,9,10,11,12,8,19,14,15,24,2,16,3,20,4,18],[9,1,5,7,10,6,11,8,21,22,13,17,23,18,19,12,14,15,24,2,3,16,4],[17,5,21,7,23,22,9,11,6,10,8,1,13,19,12,14,15,24,3,4,18,16],[21,1,9,22,11,5,6,7,10,8,13,17,23,19,12,14,15,24,3,16,4,18,20],[9,5,6,10,11,7,8,1,21,22,17,13,23,19,12,14,15,24,3,20,16,18,2],[13,17,21,9,22,11,5,7,10,6,12,8,1,18,19,23,15,24,2,4,14],[13,5,9,11,7,10,6,8,21,23,22,17,1,19,12,14,15,24,4,3,16,18,20],[1,9,5,10,7,6,11,8,17,13,21,22,23,19,12,15,24,3,20,14,16,18,2,4],[21,5,22,6,17,9,10,11,7,12,8,13,1,19,23,15,24,4,3,14,16,18,20,2],[1,13,5,17,21,6,22,9,10,11,7,8,23,19,12,14,15,24,4,3,16,18],[17,5,1,9,7,10,6,11,8,21,23,22,13,19,12,15,24,4,3,18,16,14,2],[1,5,21,7,22,9,10,11,6,8,17,13,23,19,12,16,15,24,3,2,14,18],[13,5,21,22,7,17,9,11,10,6,8,1,23,18,19,12,14,15,24,3,16,20],[21,17,13,1,9,23,11,22,5,7,10,6,12,8,18,19,16,14,15,24,2,4,3,20],[5,9,7,10,11,6,8,13,1,17,21,22,23,19,12,15,24,2,16,14,4,20,3,18],[1,17,5,21,6,22,9,10,11,7,12,8,13,18,19,23,15,24,2,14,3,4,16,20],[1,13,5,9,11,7,6,10,8,21,22,17,23,19,12,14,15,24,2,20,3,16,4,18],[13,21,5,7,22,1,17,9,11,6,10,12,8,18,19,23,16,14,15,24,4,3,2,20],[1,5,13,17,21,6,22,9,10,11,7,12,8,19,23,15,24,2,14,20,16,18,4,3],[5,17,13,1,21,7,22,9,10,11,6,12,8,18,19,23,15,24,2,16,14,4,20,3],[21,5,7,22,17,9,11,10,6,12,8,13,1,18,19,23,15,24,4,2,14,3,16,20],[17,21,9,10,23,11,22,1,13,5,7,6,8,19,12,14,15,24,3,18,2,20,16],[5,9,10,7,11,6,8,13,17,21,23,22,1,18,19,12,14,15,24,2,3,16,20],[13,17,21,1,5,6,22,9,10,11,7,12,8,18,19,23,14,15,24,3,16,20],[9,1,17,21,11,22,13,5,6,10,7,8,23,19,12,15,24,2,20,16,14,4,3,18],[17,21,9,22,11,13,1,5,7,10,6,12,8,18,19,23,15,24,3,16,14,4,20,2],[5,21,22,7,17,9,11,10,6,12,8,13,1,18,19,23,15,24,2,14,4,16,3,20],[1,13,21,9,11,23,22,17,5,6,10,7,12,8,18,19,16,14,15,24,4,3],[1,5,21,22,7,9,11,10,6,12,8,17,13,18,19,23,16,15,24,3,14,4,2],[13,1,9,21,23,11,10,22,17,5,7,6,8,18,19,12,14,15,24,3,16,20,4,2],[17,13,9,21,22,11,1,5,7,10,6,12,8,18,19,23,16,15,24,3,14,2],[9,21,11,23,10,22,17,1,13,5,6,7,12,8,19,14,15,24,2,3,16,20,18],[5,17,1,13,9,7,11,10,6,8,21,23,22,19,12,15,24,4,3,16,14,18,20,2],[1,17,9,13,5,7,11,10,6,8,21,23,22,18,19,12,16,14,15,24,4,2],[5,1,21,22,7,13,9,11,6,10,12,8,17,19,23,14,15,24,3,2,16,20,18,4],[9,1,5,7,10,6,11,12,8,13,17,21,22,18,19,23,15,24,14,2,16,3],[5,21,6,22,9,11,7,10,12,8,13,1,17,18,19,23,15,24,2,14,3,16,4],[17,1,21,5,7,22,9,11,6,10,12,8,13,18,19,23,14,15,24,2,16,3],[1,13,5,17,9,10,7,6,11,12,8,21,22,18,19,23,14,15,24,2,16,4],[9,17,13,5,11,6,7,10,8,1,21,23,22,19,12,15,24,2,16,14,3,18,20],[5,21,6,23,22,1,13,9,11,7,10,12,8,17,18,19,14,15,24,3,16,2,4,20],[9,1,5,11,6,7,10,8,21,23,22,17,13,19,12,14,15,24,4,3,16,18,2],[21,13,5,22,6,17,9,10,7,11,8,1,23,18,19,12,15,24,4,3,14,2,20,16],[17,13,1,9,21,23,11,10,22,5,6,7,12,8,19,15,24,4,2,14,3,18,16,20],[1,13,17,9,5,7,11,10,6,8,21,23,22,18,19,12,15,24,3,16,14,4,20,2],[5,9,7,10,6,11,12,8,21,23,22,13,17,2,1,19,14,15,24,4,3,20,16,18],[21,1,9,11,23,10,22,5,6,7,8,13,17,19,12,15,24,16,4,2,14,18,3,20],[13,9,1,5,6,10,7,11,8,17,21,22,23,19,12,15,24,4,3,14,18,16,2],[17,21,9,22,10,23,5,6,7,11,8,13,1,18,19,12,16,15,24,2,14,3,4],[9,21,23,10,11,22,17,13,1,5,7,6,8,18,19,12,14,15,24,2,16,3,4,20],[17,21,9,23,11,10,22,13,1,5,6,7,8,18,19,12,15,24,4,2,14],[21,9,22,11,1,13,17,5,6,7,10,8,23,18,19,12,16,14,15,24,4,2,3],[21,17,1,9,23,11,22,13,5,6,7,10,8,18,19,12,15,24,3,14,16,2,4,20],[5,21,7,23,6,22,9,11,10,12,8,19,13,1,14,15,24,18,17,4,2,16,3],[5,17,13,21,6,22,9,11,7,10,12,8,1,19,23,15,24,2,16,14,20,4,3,18],[9,1,5,10,6,11,7,8,17,13,21,23,22,18,19,12,14,15,24,2,20,16,4,3],[1,13,5,17,21,7,23,6,22,9,11,10,12,8,19,14,15,24,2,18,16,3,20],[9,5,10,6,11,7,12,8,1,13,21,22,17,18,19,23,14,15,24,3,4,16],[9,13,17,21,10,22,11,5,6,7,12,8,1,18,19,23,15,24,3,14,16,4,2,20],[5,17,9,11,7,6,10,8,1,13,21,23,22,18,19,12,15,24,2,14,16,3,20],[5,13,9,11,6,7,10,12,8,1,17,21,23,22,18,19,15,24,4,3,14,16,2,20],[21,17,9,10,22,11,5,7,6,8,1,13,23,19,12,16,15,24,4,3,14,2,20],[5,1,21,22,6,9,11,10,7,8,17,13,23,18,19,12,14,15,24,2],[5,1,17,21,23,6,22,9,10,11,7,12,8,13,19,15,24,3,16,14,20],[21,1,9,22,11,13,5,7,10,6,8,17,23,19,12,15,24,2,20,14,3,16],[5,1,13,17,21,22,6,9,11,7,10,12,8,18,19,23,16,15,24,4,3,14,20,2],[17,5,1,13,9,6,11,7,10,8,21,22,23,18,19,12,15,24,4,2,14,16,3],[9,21,22,10,11,1,13,17,5,6,7,8,23,19,12,14,15,24,2,4,3,16,18,20],[9,21,23,11,22,1,17,13,5,6,10,7,12,8,19,15,24,3,14,16,18,4,2,20],[9,21,23,10,22,1,17,13,5,6,7,11,8,19,12,15,24,2,14,16,20,3,4],[13,1,21,9,23,11,10,22,17,5,6,7,12,8,19,14,15,24,3,16,18,20,4,2],[5,21,6,22,1,9,11,7,10,8,17,13,23,19,12,15,24,2,14,3,20,18,16,4],[1,5,17,21,22,7,9,11,10,6,8,13,23,19,12,15,24,3,16,14,20,4],[13,17,21,9,10,22,23,5,7,11,6,12,8,1,19,14,15,24,2,16,20,3,4,18],[13,5,17,1,9,6,11,7,10,8,21,22,23,18,19,12,14,15,24,2,16,4,3,20],[21,17,13,1,9,23,10,11,22,5,6,7,8,18,19,12,15,24,3,14,2,16,20,4],[13,5,21,23,7,6,22,1,9,11,10,8,17,19,12,14,15,24,3,20,16],[17,1,9,5,10,7,11,6,8,21,22,13,23,18,19,12,14,15,24,3,16],[17,5,9,11,6,10,7,8,21,22,13,1,23,19,12,14,15,24,3,16,2,4,20],[17,13,1,9,5,7,10,6,11,8,21,22,23,18,19,12,14,15,24,4,2,16,3],[21,1,9,23,10,22,17,13,5,6,7,11,12,8,18,19,14,15,24,2,16,4],[5,1,9,6,10,11,7,12,8,13,17,21,23,22,19,15,24,2,20,14,4,3,16,18],[17,9,1,21,10,22,23,5,7,11,6,8,13,19,12,15,24,4,2,14,3,18,16,20],[21,13,1,5,22,6,17,9,10,7,11,8,23,19,12,14,15,24,2,20,16,18,3,4],[9,1,13,17,21,22,11,5,7,6,10,12,8,18,19,23,15,24,4,3,16,14,20],[5,17,9,6,10,11,7,8,13,1,21,23,22,19,12,14,15,24,4,2,16,18,20,3],[1,9,13,5,10,7,11,6,8,21,23,22,17,19,12,14,15,24,2,20,4,16],[1,5,9,11,7,10,6,12,8,13,17,21,23,22,19,14,15,24,4,2,16,18],[21,17,1,13,9,10,23,11,22,5,7,6,8,18,19,12,15,24,3,14,16],[9,1,5,7,10,6,11,12,8,17,21,23,22,13,19,14,15,24,2],[21,9,10,22,23,5,7,11,6,12,8,17,1,13,18,19,15,24,3,14,16,20,4,2],[9,5,6,11,10,7,12,8,17,1,21,23,22,13,19,15,24,4,3,20,16,14,2,18],[9,21,23,11,10,22,5,7,6,8,1,17,13,18,19,12,14,15,24,2,16,4,3],[5,21,23,7,22,17,13,9,11,6,10,8,1,18,19,12,15,24,2,14,16,20],[21,17,9,23,10,11,22,5,6,7,12,8,13,1,18,19,14,15,24,3,16,20,4],[5,1,17,9,11,6,10,7,8,13,21,23,22,19,12,15,24,2,14,16,4,18,3],[13,17,5,1,9,6,11,7,10,12,8,21,23,22,18,19,16,14,15,24,4,3],[9,13,17,1,21,22,10,23,5,7,6,11,8,18,19,12,15,24,2,3,16,14,4],[17,21,5,7,22,13,9,10,6,11,12,8,1,18,19,23,15,24,3,16,14,4,2,20],[1,13,9,21,22,11,5,7,6,10,12,8,17,19,23,15,24,3,4,18,16,14,2,20],[1,5,13,17,9,11,7,6,10,8,21,23,22,19,12,14,15,24,2,18,20,16,4,3],[21,1,17,5,6,22,9,11,7,10,12,8,13,18,19,23,15,24,3,16,14,20,2],[17,21,5,7,22,9,10,6,11,8,13,1,23,19,12,15,24,3,14,2,16,18,20,4],[21,13,17,1,5,23,7,22,9,10,11,6,12,8,19,15,24,4,3,14,2,16,20],[9,1,13,21,22,10,11,5,6,7,8,17,23,18,19,12,14,15,24,3,16,4],[9,5,6,11,10,7,8,21,22,13,17,1,23,19,12,14,15,24,2,16,20,3],[17,21,5,7,23,22,1,9,10,11,6,8,13,19,12,14,15,24,3,16,18],[5,9,7,10,11,6,8,1,17,13,21,22,23,19,12,15,24,4,2,18,14,16,20],[17,5,13,21,22,6,9,10,11,7,8,1,23,18,19,12,16,15,24,2,14,3,20],[17,1,9,21,23,11,10,22,13,5,6,7,12,8,19,14,15,24,2,16,3,18],[13,9,5,11,7,6,10,12,8,1,17,23,18,19,21,22,15,24,4,3,14,16,20],[13,5,1,17,21,22,6,9,10,7,11,12,8,19,23,15,24,2,16,14,20,3],[9,1,17,5,7,11,6,10,12,8,21,22,13,18,19,23,15,24,3,16,14,20,4,2],[5,9,7,10,11,6,12,8,21,22,17,1,13,19,23,15,24,2,14,20,16,3],[17,9,1,5,7,11,6,10,8,21,22,13,23,18,19,12,14,15,24,3,20,2,16],[13,21,1,5,6,23,7,22,9,11,10,8,17,19,12,14,15,24,3,18,16,20,4,2],[1,13,9,17,21,23,11,10,22,5,7,6,12,8,18,19,16,15,24,2,14,4,3],[1,9,5,7,11,10,6,8,17,21,23,22,13,19,12,14,15,24,3,18,16,4,2,20],[9,13,5,11,6,7,10,12,8,17,1,21,23,22,18,19,14,15,24,4,3,16,20],[5,21,22,7,13,17,1,9,11,10,6,8,23,18,19,12,14,15,24,3,20,16,4,2],[1,13,5,17,9,11,7,6,10,8,21,23,22,18,19,12,15,24,4,2,14,16,3,20],[9,1,13,5,11,6,10,7,8,17,21,23,22,19,12,15,24,2,16,14,18,4,3],[1,5,21,23,7,6,22,9,11,10,12,8,17,13,19,16,15,24,2,14,20,3,4],[21,17,5,23,7,22,1,9,11,10,6,12,8,13,19,14,15,24,3,18,20,2,4,16],[13,5,1,19,21,23,6,7,22,9,10,11,12,8,15,24,17,3,16,14,20,18,2,4],[5,9,7,10,11,6,12,8,21,22,1,17,13,19,23,14,15,24,4,2,16,20,18,3],[1,5,9,7,11,10,6,12,8,21,23,22,13,17,18,19,14,15,24,3,16,4,20,2],[21,1,13,9,10,22,11,5,7,6,8,17,23,19,12,15,24,2,14,20,3,16,18,4],[17,1,5,9,10,7,6,11,8,13,21,22,23,19,12,14,15,24,2,16,4,18,3],[1,9,17,21,22,11,13,5,7,6,10,12,8,19,23,14,15,24,2,18,3],[9,1,5,6,10,7,11,12,8,15,17,21,23,22,18,19,13,24,3,14,16,4],[1,9,5,11,6,7,10,8,13,21,22,17,23,18,19,12,14,15,24,4,3,16,20,2],[17,1,5,9,11,7,10,6,8,13,21,22,23,19,12,15,24,4,2,18,14,3,16],[17,9,1,13,5,6,10,11,7,8,21,22,23,19,12,15,24,3,14,18,2,16],[17,1,13,21,9,23,10,22,5,6,7,11,8,19,12,15,24,3,14,16,20,4],[13,1,5,17,9,6,11,7,10,8,21,23,22,18,19,12,15,24,2,14,20,16,4,3],[17,9,1,13,5,6,11,7,10,8,21,22,23,18,19,12,14,15,24,2,20,16,3,4],[13,21,9,10,23,22,1,17,5,7,11,6,12,8,18,19,14,15,24,2,3,16,20],[5,13,1,9,10,7,11,6,12,8,21,22,17,19,23,15,24,2,14],[17,1,13,9,21,11,23,10,22,5,7,6,8,19,12,15,24,4,3,14,20,18,16,2],[5,21,22,7,9,11,6,10,8,13,1,17,23,19,12,15,24,3,14,16,20,2,4],[9,13,17,1,21,10,22,23,5,6,7,11,12,8,18,19,14,15,24,3,2,20,16,4],[9,13,5,11,6,10,7,8,21,22,1,17,23,18,19,12,15,24,3,14,4,2,20,16],[13,9,5,6,10,7,11,12,8,21,22,17,1,18,19,23,14,15,24,2,16,3],[17,9,1,21,11,22,5,7,6,10,12,8,13,18,19,23,14,15,24,4,2],[1,13,21,9,10,22,11,17,5,7,6,8,23,18,19,12,14,15,24,3,16,20],[13,21,9,23,11,22,1,17,5,7,6,10,8,18,19,12,14,15,24,4,3,20,16],[17,5,9,6,11,10,7,12,8,1,21,23,22,13,19,14,15,24,3,18,16,2,20],[17,13,1,21,9,10,23,11,22,5,6,7,8,19,12,14,15,24,3,2,18],[17,9,1,13,5,10,6,7,11,12,8,21,23,22,18,19,15,24,2,14,4,16,20,3],[13,5,21,6,22,17,1,9,10,11,7,8,23,18,19,12,15,24,4,3,14,16,20],[13,17,1,21,5,23,6,7,22,9,10,11,12,8,18,19,14,15,24,2,3,16],[1,5,21,23,7,6,22,17,9,10,11,12,8,13,18,19,16,14,15,24,2,4,3],[21,5,22,9,10,6,7,11,12,8,13,1,17,19,23,14,15,24,4,2,16,20,3],[5,13,1,17,9,10,7,6,11,12,8,21,22,18,19,23,15,24,3,14,2,16],[9,13,5,6,10,7,11,12,8,19,1,21,23,22,14,15,24,20,3,16,18,4,17,2],[13,1,9,17,5,6,10,11,7,8,21,22,23,18,19,12,16,15,24,2,14,4,20,3],[21,9,22,10,11,17,13,1,5,6,7,12,8,18,19,23,15,24,3,14,16],[5,13,19,9,10,6,7,11,8,1,21,22,23,12,16,14,15,24,17,2,18,20,4],[1,13,17,5,21,7,22,9,11,6,10,8,23,18,19,12,16,14,15,24,2,4,3,20],[5,9,11,6,10,7,12,8,17,13,21,22,1,18,19,23,16,14,15,24,2,3,20],[5,1,17,21,7,22,13,9,11,6,10,8,23,19,12,14,15,24,2,3,18,16,4,20],[13,1,9,5,10,7,6,11,12,8,21,22,17,19,23,15,24,3,14,18,20,2,16,4],[13,21,9,11,23,22,17,5,6,10,7,12,8,1,19,14,15,24,2,16,4,3,20,18],[1,21,13,17,9,11,23,22,5,6,7,10,8,19,12,14,15,24,3],[21,3,9,11,22,13,17,5,6,7,10,8,23,19,12,1,15,24,14,18,16,4],[5,1,21,7,22,13,17,9,10,6,11,8,23,19,12,16,15,24,2,14,20,3,4,18],[9,1,13,21,22,11,5,7,10,6,12,8,17,18,19,23,14,15,24,3,16],[21,13,17,1,5,22,7,9,11,10,6,8,23,19,12,14,15,24,4,3,16,20,18],[5,21,22,7,13,9,11,6,10,12,8,17,1,18,19,23,15,24,2,16,14,4,20,3],[21,5,22,6,9,11,7,10,12,8,17,13,1,19,23,15,24,2,16,14,20,4,3,18],[1,5,9,7,10,6,11,8,17,21,23,22,13,18,19,12,14,15,24,2,16,4,3],[5,13,1,9,11,7,10,6,12,8,21,23,22,17,19,15,24,4,2,14,20,3,18,16],[17,5,9,6,10,7,11,8,21,22,1,13,23,18,19,12,15,24,3,2,14,20,16],[21,5,23,6,22,17,13,1,9,11,10,7,8,18,19,12,15,24,2,16,14,4,20,3],[21,5,23,6,7,22,17,1,9,10,11,12,8,13,19,14,15,24,4,2,16,3,18],[9,21,11,22,5,7,10,6,12,8,17,1,15,19,23,13,24,4,3,16,14,18,2],[13,1,9,21,23,11,10,22,17,5,7,6,12,8,19,15,24,2,16,4,14],[5,1,13,17,9,10,6,11,7,12,8,21,23,22,19,15,24,4,2,20,14,18,3,16],[9,21,10,23,22,1,13,17,5,7,11,6,8,19,12,15,24,4,2,16,14],[1,9,21,10,23,11,22,5,7,6,8,13,17,18,19,12,15,24,3,16,14,2],[17,21,9,10,22,11,1,5,6,7,12,8,13,18,19,23,14,15,24,4,3,20,16],[1,17,9,13,5,7,10,6,11,12,8,21,22,18,19,23,15,24,3,14,2,16],[1,5,21,22,7,13,9,10,6,11,8,17,23,18,19,12,14,15,24,4,2,3,16,20],[21,1,17,13,5,23,6,22,9,11,7,10,8,18,19,12,15,24,2,16,14,3,4,20],[5,9,10,7,6,11,8,21,23,22,17,13,1,18,19,12,14,15,24,3,2],[9,21,10,23,11,22,5,6,7,8,17,13,1,18,19,12,14,15,24,3,16,2,20,4],[17,13,1,21,9,22,10,11,5,7,6,12,8,18,19,23,16,15,24,14,3,20,4],[17,1,13,5,9,6,10,7,11,8,21,22,23,19,12,15,24,2,14,18,4,3],[17,13,1,5,9,11,6,10,7,8,21,22,23,18,19,12,15,24,4,3,16,14,20,2],[9,1,17,5,7,10,11,6,8,13,21,23,22,18,19,12,14,15,24,4,2,16,3,20],[9,17,13,1,5,11,6,7,10,8,21,23,22,19,12,16,15,24,3,14,20,2,4],[9,13,5,11,7,10,6,8,17,21,23,22,1,19,12,15,24,3,2,16,14,18],[21,9,10,23,11,22,1,13,17,5,6,7,8,18,19,12,14,15,24,2,16,20,4,3],[21,9,22,10,23,17,13,1,5,7,11,6,8,18,19,12,15,24,4,3,14,16,20,2],[1,5,9,11,7,6,10,8,17,13,21,23,22,18,19,12,15,24,2,14,3,16,4],[9,17,5,11,6,7,10,12,8,21,22,1,14,13,19,23,15,24,4,2,20,3,16,18],[21,5,22,7,13,17,1,9,10,11,6,8,23,19,12,15,24,3,16,14,4,18,2,20],[1,5,9,7,10,6,11,12,8,13,21,22,17,18,19,23,14,15,24,3,16,20,2],[1,9,21,22,11,13,17,5,7,10,6,12,8,19,23,15,24,2,3,16,14,18],[1,5,17,13,21,6,22,9,10,7,11,12,8,18,19,23,15,24,4,3,16,14,20],[9,17,21,23,11,10,22,1,5,7,6,12,8,13,19,15,24,3,14,18,2,16,4],[21,9,22,10,11,13,5,7,6,8,1,17,23,19,12,14,15,24,4,2,3,16,18],[13,5,9,6,10,11,7,8,21,23,22,17,1,18,19,12,14,15,24,2,4,20,16],[21,5,23,6,7,22,1,17,13,9,11,10,8,19,12,15,24,2,14,18,16,3,20,4],[1,13,9,5,7,10,6,11,12,8,21,23,22,17,19,15,24,4,3,16,14,18],[5,17,21,22,6,13,1,9,11,7,10,8,23,18,19,12,15,24,4,2,14,16,3],[5,9,7,10,11,6,8,1,21,22,17,13,23,18,19,12,15,24,14,4,3,2,20],[17,21,1,13,5,23,6,22,9,10,7,11,12,8,19,15,24,3,14,20,16,18,2,4],[13,21,5,7,23,22,9,11,6,10,8,17,1,18,19,12,15,24,2,4,14,16,20,3],[13,9,17,21,10,22,23,1,5,6,7,11,12,8,18,19,14,15,24,4,2,3,20,16],[1,9,13,17,5,11,7,6,10,12,8,21,22,18,19,23,16,15,24,3,14,4,2,20],[5,17,21,23,7,6,22,1,13,9,11,10,8,18,19,12,14,15,24,2,20,16,3,4],[13,5,17,1,9,10,6,11,7,8,21,22,23,19,12,15,24,3,14,18,16,2],[9,17,5,11,7,10,6,12,8,13,21,23,22,1,18,19,15,24,14,2,16,4,20,3],[1,13,21,17,9,23,11,10,22,5,6,7,12,8,19,15,24,3,14,4,18],[13,17,21,1,5,23,6,22,9,10,7,11,12,8,18,19,15,24,4,2,14,3,16,20],[21,5,23,6,22,17,1,13,9,11,7,10,12,8,19,14,15,24,4,2,18,20,3,16],[1,13,9,21,22,10,11,17,5,7,6,12,8,18,19,23,14,15,24,4,3,16],[13,1,5,17,9,10,7,6,11,12,8,21,23,22,19,14,15,24,4,3,18,16,2,20],[9,13,1,21,22,11,17,5,6,10,7,12,8,19,23,14,15,24,2,16,18,4,3,20],[9,5,11,7,6,10,12,8,1,13,21,23,22,17,18,19,14,15,24,4,3,16],[13,17,9,1,21,23,11,10,22,5,7,6,8,18,19,12,14,15,24,3,4,16,20],[21,9,23,10,22,1,13,5,7,11,6,8,17,18,19,12,14,15,24,2,4,16,20,3],[5,21,7,23,6,22,9,11,10,8,13,1,17,18,19,12,14,15,24,2,16,4,20,3],[5,21,7,23,6,22,13,9,11,10,12,8,1,17,18,19,14,15,24,2,3,16,20,4],[21,17,13,1,9,10,23,22,5,7,11,6,12,8,19,14,15,24,2,20,18,16,3],[21,13,17,5,22,7,1,9,11,10,6,12,8,18,19,23,15,24,3,16,14],[5,17,21,6,23,22,1,9,10,7,11,8,13,19,12,14,15,24,3,20,2,16],[5,17,9,6,10,11,7,12,8,21,22,1,13,19,23,15,24,2,16,14,3,20,4],[21,5,7,22,13,17,1,9,11,10,6,8,23,19,12,15,24,3,16,14,18,2],[9,5,10,6,7,11,12,8,17,21,22,1,13,19,23,15,24,3,18,14,16,20,4,2],[21,17,9,11,23,22,5,7,10,6,8,13,1,19,12,16,15,24,14,3,18,4],[5,17,21,6,23,7,22,1,9,10,11,12,8,13,18,19,15,24,3,14,16,4,2],[9,5,11,7,6,10,12,8,21,22,13,17,1,19,23,14,15,24,3,18,16,2],[17,13,5,9,7,10,6,11,12,8,1,21,22,18,19,23,15,24,3,14,16],[1,9,21,11,22,13,5,7,6,10,12,8,17,18,19,23,14,15,24,2,16,4,3],[5,1,13,9,6,11,10,7,8,17,21,22,23,19,12,14,15,24,4,3,18,16],[5,21,6,23,22,9,11,10,7,12,8,1,17,13,19,14,15,24,4,2,16,20,3,18],[1,17,13,5,9,10,7,11,6,8,21,23,22,18,19,12,14,15,24,4,3,16],[21,9,22,11,13,1,17,5,6,10,7,8,23,19,12,14,15,24,3,2,16,18,20,4],[21,5,23,6,22,17,1,9,10,11,7,12,8,13,18,19,15,24,3,16,14,4,2],[17,1,13,5,21,23,7,22,9,11,10,6,8,18,19,12,14,15,24,3,16,20,2],[13,21,1,9,11,23,10,22,5,7,6,12,8,17,18,19,15,24,3,14,2,16,20,4],[1,9,5,7,11,10,6,8,21,23,22,17,13,18,19,12,16,14,15,24,3,20,4],[9,13,5,7,11,6,10,12,8,1,21,23,22,17,18,19,15,24,2,14,16,4,3,20],[5,1,13,17,9,7,10,11,6,12,8,21,23,22,18,19,15,24,2,16,14,3,4,20],[9,13,21,23,10,22,17,5,6,11,7,8,1,19,12,14,15,24,3,18,20,2,16,4],[13,21,1,5,7,23,22,9,11,10,6,8,17,19,12,15,24,2,16,14,4,18,3],[21,5,22,6,1,17,13,9,11,10,7,12,8,18,19,23,15,24,3,16,14,2,20],[5,17,21,22,9,10,7,6,11,8,13,1,23,18,19,12,15,24,4,3,14,16,20],[13,17,21,5,6,22,1,9,10,11,7,12,8,19,23,15,24,3,16,14,20],[17,9,13,21,23,10,22,5,6,11,7,12,8,1,18,19,16,14,15,24,4,2,3,20],[21,5,22,6,1,17,13,9,10,7,11,12,8,19,23,15,24,3,20,16,18,14,2,4],[17,1,13,9,21,10,23,22,5,6,7,11,12,8,19,14,15,24,4,3,16,18],[5,13,9,6,11,10,7,12,8,1,18,17,19,21,23,22