{"problem_id":"Im0WMVeT8ZSYAOx","sigma":150,"alpha":10.000,"cost":0,"probabilities":"[0.19, 0.31, 0.33, 0.17]","payoff_matrix":"[[-180, -75, -226, -114, -41, -67], [154, 111, 154, 148, -213, -56], [-221, -326, 181, -174, -167, 7], [106, 319, -240, 15, -36, 64]]","uncovered":[[11,3,15,23,7,19,10,22,18,4,14,1,17,20,13,21,5,9,6,2,8,16,24,12],[3,19,15,11,7,23,22,10,17,13,1,8,12,6,21,18,14,4,24,2,9,5,16,20],[15,23,19,7,11,3,22,10,8,12,14,18,6,2,13,21,17,5,4,9,1,24,16],[15,23,7,3,19,11,10,22,12,18,13,1,24,9,21,14,16,6,2,4,8,5],[15,7,19,3,11,23,10,22,18,21,16,2,17,14,13,20,6,5,24,9,4,1,8],[7,19,11,15,3,23,10,22,17,20,16,13,9,2,24,21,6,4,1,18,8,14,5],[7,15,19,11,3,23,22,10,14,18,8,1,24,2,6,13,12,4,21,20,5,9,16],[11,3,19,7,23,15,22,10,14,20,18,24,9,13,21,1,6,12,16,2,8,5,4,17],[11,19,23,15,7,3,10,22,1,18,21,13,2,14,8,9,6,5,20,12,24,16,4,17],[7,3,15,23,11,19,10,22,24,12,18,14,13,1,21,5,17,20,4,8,2,6,9,16],[19,3,7,23,15,11,10,22,18,21,1,8,13,2,24,9,6,5,16,14,12],[7,3,19,23,15,11,22,10,2,17,9,13,24,16,21,4,1,18,6,12,14,5],[23,19,15,7,3,11,10,22,13,18,6,8,12,24,2,21,1,16,9,5,14,20],[3,15,23,11,19,7,10,22,20,8,18,21,16,2,5,12,14,9,13,1,6,24,4],[3,11,7,19,15,23,10,22,9,18,14,16,21,1,13,4,5,20,8,6,2,12,24,17],[7,11,23,15,3,19,22,10,16,6,24,2,14,17,18,1,9,21,13],[11,3,23,15,19,7,10,22,16,2,8,13,20,5,1,14,9,21,17,4,12,6,18,24],[7,11,3,23,19,15,22,10,4,16,17,1,9,24,14,18,21,13,8,6,12,5,2,20],[15,7,19,23,3,11,22,10,16,5,9,14,18,21,2,6,13,1,12,24],[11,15,19,3,23,7,10,22,20,13,4,1,12,17,21,5,14,9,18,24,2,16,8,6],[15,3,7,23,19,11,10,22,8,16,17,4,18,9,6,2,14,21,1,5,13,20,24],[15,7,11,19,3,23,10,22,20,6,16,1,21,13,14,18,17,8,2,9,12,5,24,4],[15,23,11,19,3,7,10,22,14,9,18,13,16,4,2,21,8,5,1,6,17,12,24,20],[19,7,11,3,15,23,22,10,12,18,13,4,2,21,1,6,24,9,14,16,5,17,20,8],[11,19,3,23,7,15,10,22,4,5,8,13,17,21,12,2,18,14,20,9,1,6,24,16],[19,11,7,15,3,23,22,10,12,14,18,16,21,2,6,5,4,9,1,13,24,8,17,20],[7,15,11,23,3,19,22,10,4,6,5,1,14,18,16,2,17,9,21,13,12,24,20],[23,3,19,7,15,11,22,10,13,12,18,24,1,21,6,4,14,2,16,17,9,20,8,5],[7,3,15,19,23,11,22,10,1,16,6,4,14,18,9,21,13,17,2,8,5,24],[23,7,15,11,3,19,22,10,20,16,1,5,14,13,17,8,4,9,24,6,12,21,18,2],[15,11,23,3,19,7,10,22,8,18,1,14,16,12,17,6,21,13,2,20,24,5,9,4],[15,19,3,11,23,7,22,10,13,9,18,24,2,21,1,5,20,4,16,12,14,6,8,17],[19,23,3,11,7,15,10,22,9,14,18,16,2,24,21,4,6,1,13,5,17],[3,11,15,23,7,19,10,22,17,8,6,1,16,5,21,18,13,2,24,14],[15,7,11,3,19,23,10,22,4,13,20,24,2,9,21,18,1,14,17,8,6,12,5,16],[15,3,19,23,7,11,10,22,18,8,6,4,14,12,2,24,13,21,9,1,5,16,17,20],[7,23,19,3,15,11,10,22,17,18,24,16,13,12,2,4,9,21,1,14,8,6,5],[23,19,11,3,15,7,10,22,24,20,16,9,14,2,18,1,21,13,5,12,17,6],[7,23,3,15,19,11,10,22,14,21,18,2,16,13,9,8,6,17,4,1,5,24],[19,11,7,3,23,15,10,22,16,20,5,21,1,14,24,12,13,18,8,9,6,2,17,4],[19,3,15,7,11,23,22,10,17,4,2,24,9,14,13,21,18,5,20,1,12,16,6],[11,19,3,7,15,23,22,10,21,20,24,1,5,2,13,8,12,18,16,9,6,14,4],[7,11,19,23,15,3,22,10,17,4,2,6,16,14,20,1,9,21,13,5,8,24,18,12],[3,23,19,11,15,7,22,10,17,14,9,13,2,18,21,4,1,6,5,12,24,16,20],[11,15,23,7,3,19,10,22,13,20,2,21,18,16,9,1,8,6,12,5,14,24],[11,7,15,23,3,19,10,22,8,2,9,14,18,24,6,16,21,13,4,1,5,12],[19,23,11,3,15,7,10,22,18,16,14,2,9,24,21,1,20,13,5,8,4,17,6,12],[15,11,3,23,7,19,10,22,18,12,14,13,2,24,21,4,17,1,9,5,16,6],[19,15,23,11,7,3,22,10,17,6,8,13,12,1,21,18,2,16,9,5,14,24,20,4],[11,15,3,23,19,7,22,10,24,2,18,1,16,6,12,14,21,13,17,9,5,20,8,4],[23,7,11,15,3,19,22,10,20,8,14,16,6,17,13,5,24,12,4,2,18,21,1],[19,3,23,15,11,7,10,22,4,20,21,13,18,24,17,1,5,14,16,9,2],[3,11,23,7,19,15,22,10,24,18,1,16,4,20,8,14,12,6,9,21,13,5,2,17],[3,23,15,11,19,7,10,22,6,20,8,4,13,1,9,21,18,5,14,17,2,12,24,16],[3,11,7,15,23,19,10,22,2,4,13,17,20,8,24,21,9,6,12,1,5,18,14,16],[23,15,7,19,11,3,10,22,8,2,14,24,1,6,13,17,9,21,18,12,5,16,20,4],[23,3,7,11,19,15,22,10,18,12,16,14,21,1,4,13,8,6,2,20,5,17,9,24],[15,23,11,19,7,3,22,10,17,14,2,13,6,24,20,9,21,18,5,1,12,16,4,8],[7,15,11,3,23,19,10,22,18,14,2,21,13,1,9,6,20,8,16,24,5,17],[19,23,7,11,3,15,10,22,17,13,6,20,4,5,1,16,18,14,8,9,21,24,12,2],[19,23,7,3,15,11,22,10,13,20,24,17,2,5,1,4,9,21,6,16,18,14,12,8],[23,19,11,3,7,15,22,10,20,21,24,9,14,13,18,1,2,17,16,8,6,5,4],[7,19,11,23,3,15,10,22,16,13,21,6,8,17,20,5,1,18,12,14,4,9,24,2],[7,3,19,15,11,23,22,10,16,13,18,14,1,4,12,21,2,24,8,6,17,5,20,9],[23,11,3,7,19,15,22,10,16,18,12,14,6,4,2,21,13,9,1,24,5],[7,3,15,19,11,23,22,10,20,9,14,16,1,24,21,17,2,13,5,6,8,4,18],[11,23,19,15,3,7,10,22,12,18,14,16,4,2,21,13,9,1,24,6,8,5],[23,11,3,7,15,19,22,10,14,24,21,9,20,13,1,18,8,6,5,12,16,2,4],[7,23,11,3,19,15,22,10,14,16,18,21,9,1,2,6,13,5,12,24,4,8,17],[19,23,3,15,11,7,10,22,9,18,14,21,13,2,4,8,6,16,1,24,12,5,17,20],[19,15,11,3,23,7,22,10,17,14,2,5,12,13,18,21,1,20,24,4,6,9,16,8],[7,19,3,15,23,11,10,22,13,18,2,20,6,14,4,17,16,12,21,9,1,24,5,8],[19,3,7,23,11,15,22,10,18,14,1,4,2,21,13,5,20,8,9,12,6,24,16],[19,3,11,23,15,7,22,10,12,13,18,21,2,14,4,5,6,1,20,16,24,17],[11,7,3,19,23,15,10,22,2,17,16,14,8,1,4,13,5,9,24,21,6,18,20,12],[3,11,7,19,15,23,10,22,17,16,4,24,12,2,14,21,1,18,9,13,6,5,8,20],[19,3,7,11,23,15,22,10,24,13,1,12,18,16,21,14,8,6,5,2,20,9,4],[19,11,23,15,3,7,10,22,17,24,9,14,13,2,18,21,4,12,1,8,6,5,16],[3,19,23,15,7,11,22,10,20,17,1,24,14,5,6,2,13,8,18,4,21,9,12,16],[11,3,19,23,15,7,10,22,18,16,14,5,2,13,1,9,21,12,24,8,6,17],[23,11,15,3,19,7,22,10,8,13,2,1,16,20,14,12,6,21,17,18,5,9,24,4],[7,19,23,3,15,11,22,10,1,14,16,17,12,24,6,18,9,21,13,2,20,5],[19,7,11,23,3,15,22,10,9,18,14,13,21,1,17,2,20,5,4,16,6,24],[7,15,23,11,19,3,22,10,14,18,13,17,21,9,2,1,8,6,20,5,16,4,12,24],[23,19,3,7,15,11,10,22,14,20,4,12,2,18,13,21,9,1,24,16,6,5],[3,19,7,23,15,11,22,10,17,12,13,2,4,24,21,1,18,14,8,6,20,5,9,16],[23,11,15,19,3,7,10,22,9,18,14,16,24,2,21,13,5,4,12,1,17,8,6,20],[19,3,23,7,11,15,10,22,16,24,20,1,14,17,18,4,8,12,6,9,21,13,5,2],[3,7,23,15,19,11,22,10,21,17,1,4,5,6,13,18,14,20,16,12,9,24,2],[7,15,3,19,11,23,10,22,2,24,13,1,17,8,5,6,20,12,9,21,18,14,16,4],[11,3,19,23,7,15,22,10,13,21,18,17,16,20,4,9,2,6,1,14,5,24,8],[3,11,19,15,23,7,10,22,4,1,5,20,14,12,13,21,18,24,2,17,6,8,9,16],[19,3,23,7,15,11,10,22,8,12,14,18,6,13,2,24,9,21,1,5,16,20,4],[15,11,19,7,3,23,10,22,20,14,5,12,13,1,18,24,9,21,16,2,8,6,17,4],[7,19,3,11,23,15,10,22,20,9,14,16,24,18,2,21,1,17,6,12,13,8,5,4],[19,23,3,15,11,7,10,22,8,2,18,16,21,14,6,24,1,5,13,17,4,9,20,12],[11,23,7,15,3,19,22,10,17,14,1,24,18,20,9,13,21,6,16,8,12,5,2,4],[11,19,23,15,7,3,10,22,24,14,1,21,16,13,20,5,9,18,4,8,12,6,2,17],[15,19,3,7,11,23,10,22,5,8,2,20,21,6,1,14,17,12,13,18,24,4,16,9],[3,11,23,19,15,7,10,22,18,20,16,6,12,14,4,2,21,1,13,8,9,5,24],[15,7,3,19,11,23,22,10,20,13,14,2,18,21,5,16,1,8,17,6,4,12,24,9],[19,15,11,7,23,3,22,10,2,13,24,18,16,12,21,1,14,9,5,4,6,8,20,17],[3,19,23,11,15,7,22,10,18,16,20,4,2,6,12,14,21,1,13,17,5,24,9],[19,15,7,3,11,23,22,10,14,4,18,1,21,5,16,6,13,12,8,9,24,2,17],[7,3,19,23,15,11,22,10,16,9,17,1,14,18,24,21,12,13,5,8,6,2,4],[15,11,23,7,19,3,22,10,18,17,16,9,14,21,2,8,6,13,4,1,12,5,24],[7,15,23,3,11,19,22,10,20,8,4,24,1,12,14,6,13,9,21,18,5,16,2,17],[19,15,3,11,23,7,22,10,12,17,14,21,13,2,4,18,1,5,20,9,24,16,6,8],[23,7,19,3,11,15,10,22,8,18,1,16,13,12,6,21,2,5,20,14,24,4,17,9],[7,15,23,3,19,11,22,10,5,18,24,21,20,16,1,4,13,9,6,8,14,2,12],[11,23,7,19,3,15,10,22,17,12,14,13,4,2,21,18,6,9,1,24,16,20,8,5],[11,19,7,23,15,3,10,22,18,12,14,1,16,24,9,21,13,8,6,5,2,20,17,4],[7,3,11,19,15,23,22,10,16,17,1,21,12,14,18,4,9,13,24,8,6,5,2,20],[19,15,23,11,3,7,22,10,14,2,20,13,1,21,24,17,5],[3,15,7,23,11,19,22,10,24,16,20,6,2,1,17,21,8,14,13,12,18,9,5],[7,23,15,3,11,19,10,22,16,18,1,21,12,14,9,13,24,6,5,2,20,4,17,8],[23,3,19,11,15,7,22,10,18,20,14,2,1,24,16,17,12,9,21,13,5,4,6],[11,23,7,15,19,3,10,22,18,9,14,24,13,2,21,4,1,8,6,5,20,12,16,17],[15,19,3,23,11,7,22,10,24,12,18,14,16,4,1,21,9,13,2,6,5,17,20],[11,3,7,15,23,19,10,22,6,1,16,18,13,17,20,4,21,5,12,2,24,9,14],[11,3,7,15,19,23,10,22,6,20,16,8,2,12,14,21,18,1,9,13,5,24],[3,7,19,15,11,23,10,22,17,12,14,13,2,24,16,18,8,6,21,1,20,5,9],[3,19,23,15,7,11,22,10,13,17,24,21,5,18,16,2,4,20,9,1,14],[15,11,19,3,23,7,10,22,8,13,20,4,18,9,6,24,2,21,1,14,5,17,16,12],[15,7,19,3,23,11,22,10,18,1,8,24,17,6,13,12,21,4,5,16,9,14,2,20],[11,7,19,15,23,3,22,10,13,2,24,9,18,21,1,6,20,12,14,16,8,5,4,17],[11,3,19,7,15,23,22,10,14,20,1,4,24,17,13,12,8,6,21,18,9,5,16,2],[7,11,19,15,3,23,10,22,20,17,9,14,16,24,1,13,21,18,5,12,4,2,8,6],[7,23,3,19,15,11,10,22,17,5,16,13,12,2,21,20,1,8,18,6,9,14,24,4],[15,3,23,7,19,11,10,22,4,16,2,24,13,17,9,21,20,1,18,6,5,12,14],[19,11,3,7,23,15,22,10,13,1,17,5,16,18,12,21,4,2,9,14,24,20,8,6],[11,3,19,23,7,15,22,10,14,18,17,2,9,21,13,1,8,6,5,16,4,24],[3,15,19,11,7,23,22,10,16,21,2,14,4,12,18,5,1,13,6,9,24,17],[7,15,19,3,11,23,22,10,16,18,17,2,20,13,8,24,6,9,21,1,14,5],[7,15,3,23,11,19,22,10,17,14,20,18,12,13,4,2,21,9,1,24,8,6,5,16],[23,11,19,3,7,15,22,10,4,9,18,14,16,2,24,21,13,1,5,20,17,12,8,6],[3,15,7,11,19,23,22,10,20,13,12,18,21,2,4,5,6,9,1,14,24,16,8],[7,15,3,11,23,19,10,22,20,13,8,2,24,9,6,18,4,21,1,12,5,14,16],[7,15,19,3,11,23,22,10,16,24,18,20,6,12,1,14,21,8,9,13,5,4,2,17],[3,19,11,23,7,15,22,10,18,4,13,14,17,21,8,24,2,5,20,9,1,16,6],[19,23,3,15,11,7,10,22,18,1,21,9,14,13,2,20,6,4,8,5,24,16,12],[19,3,11,7,23,15,10,22,17,13,16,20,12,2,21,1,5,18,8,6,9,14,24,4],[15,7,23,3,19,11,10,22,17,16,21,24,14,2,18,6,4,13,9,1,12,5,20,8],[11,15,3,7,23,19,10,22,18,14,5,12,21,1,13,24,9,16,2,20,8,6,4],[19,7,15,11,3,23,22,10,8,14,17,18,6,16,9,4,2,21,1,5,13,24,12],[11,3,7,15,19,23,22,10,2,18,5,14,9,16,24,4,21,1,12,13,6],[7,23,11,3,15,19,22,10,14,24,20,12,13,21,17,2,4,1,8,6,5,16,9,18],[11,7,23,15,19,3,22,10,13,9,18,24,21,2,6,4,17,12,1,14,16,8,5],[11,3,15,23,7,19,10,22,13,17,12,4,18,24,2,21,16,9,1,14,6,20,5,8],[19,11,7,3,15,23,22,10,13,1,8,18,5,16,6,21,17,4,14,9,20,24,12,2],[7,23,15,19,3,11,22,10,14,20,12,13,18,4,2,21,9,1,24,6,16,5,17],[19,11,7,3,15,23,22,10,21,18,12,14,16,1,9,13,8,6,5,24,4,2,20],[19,7,11,23,3,15,10,22,12,17,14,20,13,4,2,1,18,21,16,8,6,9,5,24],[3,23,11,7,19,15,10,22,14,20,12,13,21,4,2,17,16,9,1,18,24,8,6,5],[7,23,15,11,3,19,22,10,17,13,24,5,4,9,2,21,18,1,16,20,6,12,14],[23,3,19,11,7,15,22,10,16,24,14,20,13,2,17,12,21,1,5,18,9,6,4],[7,15,3,19,11,23,10,22,1,13,17,6,9,21,20,14,5,4,18,8,2,24,12,16],[7,23,11,19,3,15,10,22,17,13,18,20,2,16,24,9,4,1,21,6,12,14,5,8],[23,19,7,11,3,15,22,10,18,2,9,14,16,24,21,13,1,8,6,17,12,5,4],[11,3,15,7,19,23,22,10,24,4,14,20,17,12,2,16,21,18,1,6,9,13,5],[7,19,15,11,3,23,22,10,13,1,2,20,21,6,4,16,17,8,9,5,14,18,12,24],[3,23,19,11,7,15,22,10,2,13,21,20,9,17,18,6,4,1,14,24],[23,3,15,19,11,7,10,22,16,12,18,2,14,24,21,1,9,13,6,8,5,17,20],[15,3,7,19,23,11,10,22,5,20,16,13,14,1,6,12,18,24,21,4,9,2],[19,15,23,11,7,3,22,10,20,14,21,9,18,13,1,8,6,2,16,24,5,17],[15,3,11,23,7,19,10,22,13,1,2,20,16,21,5,6,24,18,14,8,17,4],[19,3,23,7,15,11,22,10,18,8,13,14,17,21,12,6,1,2,4,16,9,5,24,20],[23,7,11,3,19,15,22,10,2,16,4,12,18,14,24,1,9,21,13,6,8,5],[15,23,11,7,19,3,10,22,14,20,24,1,6,12,13,18,21,17,16,8,5,9,2,4],[3,15,19,11,7,23,10,22,12,17,14,13,2,4,1,21,18,5,6,16,9,24],[15,7,23,19,11,3,10,22,21,20,2,16,18,4,17,24,13,12,1,5,8,6,14,9],[19,23,7,3,15,11,10,22,14,6,18,17,4,12,2,16,24,9,21,1,13,8,5,20],[7,11,15,3,23,19,10,22,13,14,6,5,18,8,24,16,2,9,21,4,12,1,17],[7,19,11,3,23,15,10,22,14,17,4,1,24,18,13,5,2,6,21,8,9,16],[7,19,15,3,11,23,10,22,12,18,13,1,21,14,5,16,17,24,2,9,6],[11,3,19,7,15,23,10,22,5,14,18,21,13,2,9,1,20,17,4,6,24,8,16,12],[19,15,23,3,7,11,10,22,4,13,18,5,2,16,12,24,21,1,14,6,17],[23,19,7,15,11,3,10,22,18,5,16,24,6,17,2,21,4,20,13,1,12,14,9,8],[15,3,7,11,23,19,22,10,17,16,14,2,18,13,8,24,4,1,21,20,9,6,12,5],[19,3,15,23,7,11,10,22,14,18,12,13,21,4,2,5,1,6,8,16,9,24,17,20],[19,23,11,7,15,3,22,10,17,20,21,8,16,2,18,24,6,4,1,9,14,13,12,5],[19,7,15,3,23,11,10,22,13,17,9,1,21,18,8,6,4,16,24,5,12,14,2,20],[15,11,19,23,3,7,22,10,13,17,24,2,18,16,9,21,1,20,4,12,14,8,6,5],[19,15,11,23,7,3,10,22,21,2,16,24,14,9,18,4,13,1,5,17,8,12,6,20],[3,23,15,11,7,19,22,10,13,4,16,24,18,9,2,21,1,5,20,17,14,12,6],[11,23,19,15,3,7,22,10,1,12,18,14,13,24,8,6,9,21,5,16,2],[15,11,3,7,23,19,22,10,18,2,13,16,24,6,8,12,9,21,1,5,14,4,20,17],[11,3,15,7,19,23,10,22,9,20,14,18,16,21,2,4,13,1,17,8,6,12,5,24],[15,11,23,3,19,7,22,10,12,14,18,13,2,21,16,4,1,5,9,24,8,6,17,20],[23,7,3,19,11,15,22,10,16,9,18,14,1,24,13,21,20,12,6,2,4,5],[19,11,7,3,23,15,10,22,18,14,13,24,1,16,4,5,12,9,21,2,17,6,20,8],[23,15,7,19,3,11,22,10,21,5,4,20,6,17,8,16,14,2,13,12,18,1,9,24],[23,11,3,15,7,19,22,10,20,1,16,8,2,4,18,13,24,5,21,17],[15,19,11,23,3,7,22,10,20,14,1,18,17,21,24,6,16,12,13,4,2],[23,15,19,11,3,7,22,10,20,14,4,6,21,16,9,2,18,13,1,5,12,24,17],[15,23,7,11,19,3,22,10,20,1,13,24,14,5,12,18,9,21,16,6,2,4],[7,3,11,19,23,15,22,10,14,18,8,6,21,9,13,1,24,2,17,20,5,12,16,4],[7,3,11,23,19,15,10,22,1,13,20,16,4,17,6,2,12,24,21,8,9,5,18,14],[11,23,15,7,19,3,10,22,20,14,17,8,12,6,13,2,24,18,9,21,1,5,16,4],[7,23,15,11,19,3,22,10,14,9,18,13,1,24,21,8,6,5,2,20,12,16],[15,23,3,11,19,7,22,10,21,18,16,2,17,14,20,12,13,6,4,9,1,24,5],[15,11,23,3,7,19,22,10,17,20,14,2,18,1,4,8,24,16,13,9,6,21,5,12],[15,7,11,23,3,19,10,22,14,13,18,9,24,2,21,8,6,5,12,1,16,4],[7,3,15,23,19,11,22,10,2,8,13,1,4,20,21,6,14,18,17,12,5,16,9,24],[15,19,11,23,3,7,22,10,4,16,20,24,9,14,2,1,21,17,18,13,8,6,5],[15,11,23,7,3,19,22,10,13,16,18,17,4,24,9,2,21,1,6,14,5,12],[19,7,23,3,11,15,22,10,20,16,2,1,5,8,6,13,14,21,12,17,18,24,9],[7,19,3,11,23,15,22,10,14,12,18,13,21,2,5,1,9,24,16,20,8,6,17,4],[11,15,23,3,7,19,10,22,18,14,13,20,2,1,5,4,9,24,21,12,16,8,6,17],[11,15,7,3,23,19,22,10,18,14,8,16,5,6,24,9,4,2,21,1,13,12,20,17],[23,15,7,19,3,11,22,10,16,2,12,18,21,14,9,13,1,24,5,6,8,17],[19,23,7,11,15,3,22,10,18,2,21,24,16,13,4,12,17,9,1,14,6,5,20],[7,15,19,23,11,3,10,22,17,1,16,6,4,21,2,12,14,18,9,13,24,20,8,5],[7,19,3,23,11,15,10,22,13,1,24,20,6,21,14,12,18,9,5,16,2,17,4],[7,15,11,23,3,19,10,22,9,14,20,13,4,1,21,18,2,8,6,16,12,5,24,17],[11,15,23,19,7,3,22,10,2,16,1,5,20,14,9,21,18,12,13,24,8,6,4,17],[11,19,3,15,23,7,22,10,9,18,14,16,21,2,1,5,12,13,24,6],[3,11,19,15,23,7,22,10,20,9,13,2,18,1,24,21,6,14,12,16,4,5,8],[3,23,11,15,19,7,10,22,13,17,18,21,14,12,2,8,6,1,16,9,5,24,4],[11,3,23,19,15,7,22,10,14,16,21,9,18,2,1,8,6,20,13,4,12,5,24],[3,19,23,7,11,15,10,22,5,16,13,20,24,8,17,18,4,2,12,6,9,21,1,14],[11,19,23,3,7,15,22,10,16,17,20,5,1,12,24,14,9,21,13,18,2,6,8],[19,15,23,7,11,3,10,22,20,21,4,14,2,16,13,8,18,6,5,1],[11,7,23,3,19,15,22,10,18,13,5,21,20,6,12,4,2,9,1,14,24,16,8,17],[3,19,11,15,7,23,10,22,12,18,14,13,4,2,24,21,9,1,16,5,6],[15,3,11,23,7,19,22,10,12,18,13,21,2,4,8,6,9,1,5,14,24,16],[7,19,23,15,11,3,22,10,18,8,16,2,24,1,5,6,13,20,4,9,21,14],[15,23,7,3,11,19,10,22,1,16,21,12,18,14,13,2,6,20,8,4,24,9,5],[3,11,15,7,19,23,22,10,17,4,16,6,2,24,8,21,13,5,9,18,1,20,12,14],[11,19,7,3,15,23,22,10,6,20,9,16,14,21,2,13,1,18,5,12,24,4],[23,15,11,7,19,3,22,10,18,4,5,13,12,1,21,14,8,6,2,20,9,24,16],[11,23,19,3,7,15,22,10,14,6,18,20,1,17,24,13,5,2,9,21,4,16,8],[7,15,19,23,3,11,22,10,20,2,21,4,16,9,14,18,1,13,8,6,5],[19,23,11,3,7,15,22,10,4,2,18,14,17,12,16,21,20,9,1,13,24,5,6,8],[11,3,15,23,19,7,10,22,8,24,16,12,18,5,14,2,1,9,21,13,6,4,20],[11,23,15,3,19,7,22,10,1,14,9,18,16,21,13,8,6,12,5,24,2,17,4],[15,7,11,23,19,3,10,22,17,1,24,9,14,13,21,18,2,6,12,16,5],[3,23,15,19,11,7,10,22,18,20,16,24,9,14,2,1,21,12,13,6,5,17],[3,15,23,19,11,7,10,22,5,14,21,20,24,8,1,13,17,18,6,12,9,2,16,4],[19,7,3,11,15,23,22,10,20,18,13,9,1,21,24,2,17,14,4,6,16,5,8,12],[19,23,7,11,3,15,22,10,18,20,16,12,24,14,4,2,9,21,1,13,8,6,5],[23,15,7,19,3,11,22,10,14,8,24,20,1,9,16,6,18,21,13,4,2,12,5],[11,7,3,15,19,23,22,10,17,4,6,13,12,21,2,18,1,14,9,24,16,20,8,5],[23,11,7,3,15,19,10,22,13,24,17,6,12,21,18,2,8,14,4,1,5,9,16,20],[23,19,11,7,3,15,22,10,17,6,14,1,12,24,16,18,9,21,13,2,20,8,5],[3,15,23,7,19,11,10,22,5,17,16,1,14,8,20,24,6,4,9,21,18,13,2,12],[23,15,11,19,7,3,22,10,18,5,6,13,16,9,21,4,2,14,1,24,12,17,8,20],[23,19,7,15,11,3,10,22,20,4,14,24,12,2,16,18,9,21,1,13,8,6,5],[11,3,19,23,7,15,22,10,14,12,18,1,13,21,4,9,24,2,5,16,6,20,8,17],[19,15,3,23,7,11,10,22,21,1,13,24,17,6,18,2,12,9,14,16,5,4,20],[23,7,11,19,3,15,10,22,20,5,1,13,18,14,2,12,24,9,21,16,6,17,4,8],[19,15,3,11,7,23,10,22,13,20,5,21,9,1,17,18,12,14,24,16,2,6,8,4],[15,19,11,7,23,3,22,10,4,17,2,12,14,13,9,1,21,18,24,5,16,8,6],[11,15,19,3,23,7,22,10,4,17,16,21,12,2,14,20,9,1,13,18,24,8,6,5],[23,15,19,11,7,3,22,10,16,17,12,21,14,18,1,13,24,8,6,4,5,9,2],[15,3,7,19,23,11,10,22,17,21,13,1,2,20,18,9,16,8,6,5,24,4,14,12],[15,19,23,3,7,11,22,10,17,14,20,2,21,4,5,9,13,1,8,6,12,18,24,16],[19,15,7,11,23,3,22,10,21,13,2,17,8,9,6,18,5,4,14,1,24],[7,15,3,11,19,23,22,10,16,17,1,21,18,4,2,13,5,14,24,12,20,9,6],[23,7,19,15,3,11,10,22,2,18,13,9,21,14,4,1,17,6,8,12,5,24,16],[11,23,15,7,3,19,22,10,14,18,21,16,13,9,4,2,6,1,12,24,8,5,17,20],[23,15,19,11,3,7,10,22,6,17,14,16,21,12,2,20,1,9,13,18,24,5,4,8],[19,11,23,3,15,7,22,10,4,14,13,8,18,21,24,12,2,5,1,9,6,16,17],[3,19,7,15,11,23,10,22,18,16,6,13,4,12,2,21,9,1,14,24,8,5],[3,19,7,15,23,11,10,22,13,12,18,4,21,2,9,1,14,24,8,6,5,16,20],[15,11,3,23,19,7,22,10,17,24,4,21,20,14,9,13,2,1,18,16,8,6,5,12],[19,15,3,7,23,11,10,22,24,5,20,16,4,13,8,12,2,18,21,14,9,1,6],[3,7,15,19,11,23,10,22,5,12,16,18,14,21,13,4,2,9,1,24,8,6],[15,19,7,11,23,3,22,10,18,14,4,2,21,9,13,1,6,12,24,16,17,5,8,20],[3,7,19,23,11,15,22,10,14,17,4,16,18,2,20,12,21,8,6,24,1,5,9,13],[19,23,7,11,3,15,10,22,16,21,5,14,24,8,9,18,2,4,1,12,13,6,20,17],[3,15,23,11,7,19,22,10,1,16,14,18,9,21,13,2,5,4,20,24,12,6,8],[11,3,19,15,7,23,10,22,8,20,5,1,13,12,21,18,2,6,24,14,9,16],[15,7,3,19,11,23,10,22,16,18,8,1,2,24,14,5,4,21,20,13,9,6,12,17],[23,11,19,15,7,3,22,10,5,18,2,16,4,12,14,17,21,1,9,13,24,6],[15,7,11,19,3,23,10,22,18,13,24,17,5,20,1,14,12,9,21,16,2,6,8],[19,15,23,3,11,7,10,22,16,13,14,5,6,17,24,4,12,2,18,9,21,1,20],[3,19,11,23,15,7,10,22,24,18,21,2,4,13,16,9,1,6,8,14,5],[3,19,23,15,11,7,10,22,14,17,6,2,8,16,9,21,18,1,5,13,4,24,20,12],[11,7,3,19,15,23,22,10,18,8,6,9,14,13,21,2,12,1,5,24,16,17,20],[19,3,11,7,15,23,10,22,20,14,18,16,13,1,8,5,2,4,12,21,9,6,24],[23,15,7,11,19,3,22,10,13,12,18,2,21,4,9,1,14,24,6,16,20,17,5,8],[15,19,7,23,3,11,22,10,12,18,14,2,13,21,20,9,1,24,8,6,5,16,4,17],[3,19,7,11,23,15,22,10,14,4,20,17,18,1,8,5,24,9,13,21,6,16,2],[19,3,23,11,15,7,10,22,18,2,21,13,8,20,9,6,14,1,16,24,17,12,5,4],[7,15,11,19,3,23,10,22,5,4,13,1,9,18,24,21,14,16,2,17,20,8,6],[19,3,23,15,7,11,22,10,13,2,6,16,17,8,14,1,9,21,20,18,5,4,12,24],[3,23,7,19,15,11,22,10,18,16,14,20,4,5,24,2,9,21,13,12,1,6],[23,15,3,19,11,7,10,22,14,18,8,9,16,6,24,2,21,13,1,17,4,5,12,20],[23,7,3,19,15,11,10,22,14,18,1,16,17,2,5,24,20,12,9,21,13,8,6],[11,15,23,19,3,7,10,22,2,21,18,6,14,1,17,13,4,9,16,20,8,5,12,24],[19,3,23,11,7,15,10,22,13,24,20,9,2,18,21,1,14,16,4,6,5,17,12,8],[23,7,11,19,3,15,22,10,1,20,17,12,14,13,24,21,18,5,8,9,6,16,2,4],[11,15,23,19,7,3,22,10,4,5,18,13,9,24,2,14,1,21,12,16,17,6,20,8],[23,7,15,3,19,11,22,10,14,17,2,6,20,4,13,5,16,21,12,9,1,18,24,8],[23,15,11,19,3,7,22,10,2,21,5,9,18,14,13,4,1,8,6,17],[15,7,23,3,19,11,22,10,24,18,13,2,5,14,17,1,12,16,21,9,6],[15,3,23,19,11,7,10,22,20,4,9,14,13,2,21,18,1,24,17,5,16,6,12,8],[23,19,15,11,3,7,22,10,12,14,18,13,24,2,21,5,4,1,8,16,9,6,20,17],[7,11,23,19,15,3,22,10,6,14,13,20,5,16,17,9,21,1,24,8,18,12,2,4],[7,23,19,15,11,3,10,22,14,24,18,4,6,13,16,12,2,9,21,1,20,5,17,8],[3,15,7,11,19,23,10,22,21,6,8,1,17,14,9,16,18,13,12,5,24,2],[11,23,15,7,19,3,10,22,5,13,4,17,8,20,2,9,24,1,21,6,18,16,14],[15,3,19,7,23,11,10,22,16,20,6,12,14,17,1,21,4,13,18,5,9,24,2],[19,3,23,15,11,7,22,10,13,12,20,18,24,2,21,1,9,14,5,16,6],[15,23,3,11,19,7,22,10,17,4,16,2,21,12,14,1,18,9,13,24,5,6,8],[19,15,11,3,23,7,10,22,8,2,14,21,17,6,24,9,13,1,18,12,5,16],[7,15,3,23,11,19,10,22,20,16,2,21,13,24,12,18,4,6,1,14,9,5],[19,11,15,7,23,3,22,10,14,17,13,6,4,18,5,2,24,9,21,1,12,16],[3,23,19,7,11,15,22,10,13,4,20,6,2,9,18,21,1,5,17,16,8,14,24],[11,3,7,23,15,19,10,22,4,17,20,14,24,21,12,16,2,18,1,13,9,8,6,5],[23,3,11,19,15,7,10,22,1,16,12,18,14,21,13,9,24,5,6,2],[23,3,11,15,7,19,10,22,16,18,5,4,20,9,2,14,24,21,13,1,8,12,6,17],[11,19,23,7,3,15,22,10,20,18,17,21,12,14,13,1,5,2,24,8,6,9,16],[19,23,11,15,3,7,10,22,20,17,8,6,14,9,13,21,1,4,12,5,18,24,2,16],[7,3,11,15,19,23,10,22,18,4,20,9,14,2,16,21,24,8,6,13,1,12,5],[23,7,3,15,11,19,10,22,1,13,17,16,18,12,21,14,9,24,6,2,5,8,4,20],[15,7,11,23,19,3,10,22,13,18,2,9,21,6,1,14,20,17,12,24,16,5,8,4],[3,15,23,7,19,11,10,22,14,24,17,21,5,9,13,2,4,20,1,18,6,12,16],[23,11,15,3,19,7,22,10,16,14,1,4,5,20,2,18,8,24,6,13,12,21,9],[19,15,3,23,7,11,10,22,13,5,1,20,6,8,4,12,17,24,21,18,2,9,14,16],[23,11,15,19,7,3,22,10,13,17,2,5,14,24,9,18,21,4,1,16,8,20,12,6],[11,7,3,23,15,19,10,22,14,17,13,8,20,12,21,6,4,2,5,9,1,18,24,16],[15,19,7,11,3,23,10,22,16,24,9,18,14,2,4,21,1,5,13,12,6,8,17,20],[3,11,15,19,7,23,10,22,20,14,2,17,1,21,18,5,13,6,12,4,16,24],[19,3,15,23,7,11,10,22,24,4,14,16,13,21,20,9,2,18,6,1,17,5,8,12],[11,7,3,19,23,15,22,10,24,17,6,14,5,2,16,12,9,21,13,1,18,20,8],[23,15,7,11,19,3,22,10,16,12,18,14,21,1,9,13,24,6,2,5,20,8,4,17],[23,11,19,7,15,3,22,10,2,24,17,18,8,9,14,6,16,4,1,21,13,12,5],[15,11,3,23,7,19,22,10,21,13,6,17,12,2,18,1,8,14,24,16,20,4,5,9],[7,11,19,23,15,3,22,10,13,24,12,18,2,9,21,1,14,6,16,17,5],[23,19,11,3,15,7,10,22,14,21,8,17,1,16,12,6,5,20,9,13,18,24,2],[7,19,11,15,23,3,22,10,18,9,13,21,1,14,6,24,4,8,12,5,16,2,20],[23,19,15,7,3,11,10,22,13,18,1,20,8,16,4,21,6,5,17,14,12,24,9,2],[11,15,7,23,3,19,10,22,14,20,5,24,1,18,8,16,17,12,13,21,6,2],[19,15,11,3,23,7,22,10,1,14,13,17,6,20,8,5,12,21,24,4,18,2,9,16],[7,3,15,23,19,11,10,22,18,2,16,14,1,20,4,21,5,24,13,12,8,6,9,17],[7,11,3,23,19,15,22,10,17,1,16,14,9,21,18,13,5,2,12,24,8,6],[15,19,7,3,11,23,10,22,17,16,8,2,20,12,6,14,21,1,9,13,5,18,24],[23,11,7,3,19,15,10,22,4,18,14,16,5,12,2,21,1,13,24,9,6],[19,3,23,15,7,11,10,22,18,6,1,12,16,14,21,9,13,24,2,5,17,8,20],[11,7,15,23,19,3,10,22,14,24,20,2,16,8,6,9,18,21,4,1,13,5],[11,15,19,7,3,23,22,10,9,17,14,16,2,24,18,21,4,1,12,13,8,6,5,20],[15,7,19,11,3,23,10,22,18,4,16,2,24,14,5,12,9,21,1,13,6,8,17],[19,15,23,3,7,11,10,22,16,5,14,18,2,4,6,24,17,8,12,13,21,1,9,20],[7,19,23,3,15,11,10,22,20,14,5,21,9,13,1,18,6,16,8,17,12,24,2],[11,7,3,15,23,19,10,22,20,2,1,5,14,18,4,9,13,24,21,16,17,12,6,8],[11,15,7,23,3,19,22,10,16,17,1,4,2,9,14,21,6,18,24,13,12,8,5,20],[7,23,19,3,11,15,22,10,9,18,14,13,2,21,4,1,6,16,12,24,5],[15,19,23,11,7,3,22,10,12,18,14,1,13,24,9,21,6,16,8,5,4,2],[23,19,11,15,7,3,10,22,2,6,14,18,9,13,24,21,4,1,12,16,5,8,17,20],[11,19,15,7,23,3,22,10,16,9,18,14,24,1,21,5,13,20,12,2,4,8,6,17],[7,15,23,3,19,11,10,22,13,20,14,9,18,21,2,1,5,24,6,17,16,12,4,8],[7,3,11,23,15,19,22,10,13,20,2,9,21,18,4,14,1,5,16,12,24,17,6,8],[7,11,15,23,3,19,10,22,14,20,24,18,1,9,13,21,8,6,4,12,5,16,2],[3,19,23,11,7,15,22,10,17,5,16,18,20,4,13,6,2,12,21,1,9,14,24,8],[15,3,19,7,23,11,22,10,20,14,16,8,21,6,12,4,2,18,13,1,9,5,24],[11,23,3,19,15,7,22,10,20,16,5,9,13,21,18,1,4,12,14,24,2,6,8,17],[7,19,23,15,11,3,10,22,16,20,13,24,9,18,1,21,2,8,6,14,4,12,5,17],[11,7,23,15,3,19,22,10,8,9,18,14,6,13,21,2,4,1,24,12,5,16],[15,7,19,11,23,3,22,10,16,14,17,8,6,18,1,24,9,21,5,13,12,2,4],[15,23,3,19,11,7,10,22,18,1,20,13,24,12,9,21,14,6,16,2,8,5,17,4],[15,19,11,23,3,7,10,22,16,17,4,14,8,1,2,20,6,18,21,9,13,5,24],[7,23,15,3,19,11,10,22,14,5,18,2,21,9,13,4,20,1,12,24,16,6],[7,11,15,23,19,3,10,22,14,20,24,17,12,13,4,2,18,21,9,1,5,16,6,8],[3,7,15,11,19,23,10,22,12,18,16,14,2,21,8,6,1,13,4,9,5,24,20,17],[3,23,19,7,15,11,10,22,14,24,5,18,9,13,4,2,21,12,1,16,20,6,8,17],[15,23,7,3,19,11,22,10,9,14,18,24,2,13,21,4,16,1,6,8,20,17,5],[3,7,23,11,19,15,22,10,9,18,14,13,1,24,6,21,4,16,12,2,8,5,20],[3,11,23,19,7,15,10,22,16,4,17,12,14,2,24,9,21,1,13,18,5,6,20],[7,19,15,11,23,3,10,22,8,20,13,17,6,18,4,2,12,21,16,9,1,5,14,24],[15,7,3,11,19,23,22,10,20,4,16,14,13,2,8,24,12,6,18,21,9,1,5,17],[19,23,15,7,11,3,10,22,2,16,4,20,13,24,5,8,12,1,18,9,21,6,14,17],[7,19,23,15,11,3,22,10,17,20,13,9,2,21,5,1,12,18,14,24,16,6],[15,11,3,23,19,7,22,10,13,24,17,4,9,2,18,21,1,6,12,14,16,20,5],[7,3,19,15,23,11,10,22,18,6,1,14,5,2,21,8,4,13,24,20,17,9,12,16],[3,19,11,15,23,7,10,22,2,24,20,16,18,13,21,9,4,6,1,17,14],[15,19,7,23,3,11,10,22,9,18,14,13,21,1,6,12,24,16,2,5],[7,3,19,11,15,23,10,22,16,17,1,13,21,18,8,4,12,6,14,20,2,9,5,24],[23,3,7,11,19,15,22,10,14,5,2,21,18,20,12,13,1,17,4,9,24,16,8,6],[11,23,3,19,7,15,22,10,20,13,2,24,1,6,5,9,18,14,21,12,16,8],[7,19,23,11,3,15,10,22,18,8,13,9,6,21,2,14,1,24,16,17,20,5,4,12],[15,11,3,23,7,19,22,10,17,12,16,14,2,21,1,18,9,13,24,6,8,5],[19,7,23,3,11,15,10,22,18,21,13,9,4,2,1,20,14,12,24,16,8,6,5,17],[11,23,7,3,19,15,10,22,14,5,16,4,1,21,20,9,17,13,18,12,24,2,6],[3,7,15,19,11,23,10,22,17,16,14,8,20,12,24,6,2,21,9,13,1,5,18,4],[11,7,19,15,3,23,22,10,21,20,5,12,14,13,18,2,4,1,17,16,9,24,6],[19,23,11,3,15,7,22,10,4,14,6,8,18,13,2,1,20,5,17,9,24,21,12,16],[11,3,7,23,19,15,10,22,20,24,18,2,16,12,14,9,21,13,1,6,4,8,5,17],[3,15,19,7,23,11,22,10,17,20,14,9,13,2,21,8,6,4,1,5,18,12,24,16],[15,7,3,19,23,11,22,10,12,14,18,13,21,2,9,1,24,16,5],[7,11,19,15,23,3,22,10,20,5,18,16,24,2,14,9,21,4,13,1],[7,15,19,11,23,3,10,22,20,21,18,1,16,13,4],[19,7,23,3,15,11,22,10,4,14,1,17,24,12,9,21,13,18,6,16,2,20,8,5],[3,15,19,23,11,7,22,10,6,16,4,13,17,2,20,18,14,24,5,12,9,21,1],[11,3,23,7,19,15,10,22,18,13,6,14,1,21,8,17,24,2,12,5,16,9,4,20],[3,15,23,19,11,7,22,10,14,18,24,5,9,1,13,21,12,16,2,6],[11,15,3,19,7,23,22,10,21,9,14,18,16,4,2,6,12,1,13,24,5,17,8],[3,19,15,11,23,7,22,10,20,14,18,9,13,21,2,8,6,4,1,24,12,5,16],[7,15,11,3,23,19,22,10,20,12,14,24,13,18,2,21,8,6,1,4,16,17,9,5],[15,19,11,7,23,3,10,22,4,18,13,1,24,12,16,9,21,14,6,2,17,20,5,8],[11,23,7,3,19,15,10,22,18,14,6,1,5,21,24,13,17,9,16,12,2],[23,19,7,3,11,15,22,10,1,12,18,14,13,21,6,9,24,16,4,2,5,17,20,8],[7,23,11,15,19,3,10,22,13,4,6,18,2,1,8,16,5,9,24,21,17,14,20,12],[19,15,23,11,3,7,22,10,18,13,6,1,14,17,12,21,4,2,9,24,16,5,20],[15,23,7,11,19,3,22,10,13,21,5,17,2,18,14,4,12,1,20,16,9,24,6],[19,23,11,15,3,7,10,22,14,17,24,13,4,5,6,21,20,12,2,1,18,9,16],[19,7,11,23,3,15,22,10,20,2,14,1,16,18,21,9,13,8,6,17,4,12,5,24],[19,3,15,23,11,7,10,22,14,18,16,8,12,6,21,20,1,9,13,5,24,2,4],[19,15,23,7,3,11,10,22,16,12,18,2,14,24,9,21,13,1,6,8,5,17,4,20],[3,7,11,19,15,23,22,10,17,9,13,24,2,1,21,6,20,18,16,12,14,5,8],[19,3,15,23,11,7,10,22,17,1,14,20,8,4,9,24,6,13,21,5,16,18,12,2],[19,7,15,23,3,11,22,10,13,14,18,21,9,4,2,1,20,8,6,16,5,24,12,17],[19,23,3,7,15,11,10,22,5,14,21,17,18,2,9,13,1,20,4,24,8,6,12,16],[15,23,3,7,19,11,22,10,9,18,13,21,1,17,20,6,14,2,12,24,16,8,5,4],[15,19,3,7,11,23,10,22,9,18,14,16,21,4,2,1,13,17,6,12,24,8,5,20],[23,3,15,11,19,7,22,10,17,16,6,21,4,14,1,5,13,8,2,9,18,12,24],[19,7,11,15,23,3,10,22,14,24,16,6,20,8,12,2,17,21,13,18,1,9,5,4],[15,3,11,19,23,7,22,10,14,12,18,13,4,2,24,21,8,6,5,9,1,16,17],[23,7,15,3,11,19,22,10,6,24,12,20,14,16,18,9,21,13,2,1,5],[19,7,23,15,3,11,10,22,8,13,21,12,18,6,1,2,5,14,16,4,20,17,24,9],[23,11,7,3,15,19,22,10,20,24,14,2,16,4,1,9,18,12,21,13,6,5],[3,15,23,19,7,11,10,22,14,6,4,16,17,13,18,20,9,2,21,1,5,12,24,8],[11,19,23,15,7,3,22,10,24,2,14,9,18,16,21,6,4,8,13,12,1,5,17,20],[23,15,11,7,3,19,10,22,13,2,1,20,6,5,18,9,24,21,14,12,16,4,8],[3,7,19,15,11,23,10,22,14,1,24,18,8,6,4,12,13,9,21,5,2,16],[19,11,3,15,23,7,10,22,16,17,20,9,14,2,24,21,6,4,13,1,18,12,5,8],[15,7,19,3,23,11,10,22,9,18,14,21,13,2,4,12,1,24,6,16,5,17,8,20],[15,23,11,3,7,19,10,22,4,12,14,18,2,24,13,1,9,21,8,6,5,16],[7,11,23,15,3,19,10,22,8,18,20,13,12,6,24,9,21,5,2,1,14,16,4,17],[7,15,11,19,3,23,22,10,14,9,18,13,2,24,21,4,6,20,17,1,8,16,5,12],[7,15,19,23,3,11,22,10,14,16,4,18,1,20,9,21,13,12,24,6,2,5],[23,19,11,3,7,15,10,22,18,5,9,14,16,1,21,2,13,24,17,20,8,6,12,4],[11,19,23,3,15,7,10,22,16,17,6,18,9,14,24,21,2,13,1],[15,19,23,3,11,7,22,10,1,17,14,18,6,20,5,24,21,13,12,4,16,9,2],[7,3,23,19,11,15,10,22,14,24,9,18,13,2,21,5,4,1,12,16,6],[11,15,7,3,23,19,22,10,16,20,12,14,21,2,18,13,1,5,24,6,4,8,17,9],[19,3,7,23,15,11,22,10,9,18,14,13,4,2,21,1,20,5,24,6,12,16],[15,23,11,19,3,7,22,10,2,9,18,14,13,24,21,4,1,8,6,5,16],[7,15,19,3,11,23,22,10,24,9,18,14,13,1,21,2,17,16,12,6,5,8],[7,19,11,3,23,15,22,10,16,13,6,20,21,14,4,1,9,18,12,24,2,5],[3,7,23,15,19,11,10,22,18,14,2,9,16,24,21,1,20,13,8,6,12,5,17,4],[11,3,23,7,15,19,10,22,5,24,20,12,13,2,17,18,9,21,1,14,16,6,8],[23,7,3,11,19,15,10,22,9,18,14,16,24,1,5,21,8,13,17,2,4,20,6,12],[3,11,7,19,15,23,22,10,17,18,8,14,13,5,9,21,1,12,6,24,16,4,2,20],[23,11,19,7,3,15,10,22,9,18,14,13,2,21,1,4,20,8,6,16,12,5,24],[7,19,23,15,11,3,10,22,18,1,16,6,8,5,14,20,9,21,2,12,13,24,17],[15,11,23,7,19,3,22,10,9,18,14,13,21,4,2,1,16,24,17,8,6,20,5],[15,11,19,3,23,7,22,10,2,18,24,21,6,14,4,8,16,17,20,12,1,13,9,5],[15,7,23,19,3,11,10,22,12,14,18,13,24,4,2,9,21,1,16,8,6,5],[3,11,23,19,15,7,10,22,5,13,1,17,20,6,9,21,4,18,14,24,16,12,2],[11,7,3,15,23,19,22,10,20,21,13,17,18,2,12,1,16,24,14,4,8,6,9,5],[15,3,7,11,19,23,10,22,13,18,17,6,12,21,4,2,1,20,14,16,9,24,5,8],[11,23,19,7,3,15,22,10,2,13,4,5,17,12,18,21,9,1,14,24,16,20,8,6],[11,23,19,7,15,3,22,10,20,8,24,2,18,21,13,9,16,6,4,1,14,5],[23,7,3,15,11,19,22,10,8,9,17,14,6,13,18,21,4,2,1,24,12,5,16,20],[7,23,3,15,11,19,10,22,18,13,20,12,21,4,2,9,1,14,24,6,16,8,5,17],[11,15,19,7,3,23,10,22,14,12,18,13,21,1,5,20,8,9,6,24,16,2,4],[15,7,19,23,3,11,10,22,16,8,1,20,5,17,14,13,4,12,24,9,21,6,18,2],[15,7,3,23,11,19,10,22,18,9,14,13,24,1,21,6,4,20,5,16,17,2,8],[15,3,11,19,7,23,22,10,20,14,5,16,8,21,17,12,2,13,4,9,1,6,18,24],[3,19,11,23,7,15,10,22,14,18,1,21,17,12,13,6,24,2,9,16,8,5,20,4],[15,11,19,7,3,23,10,22,18,24,16,9,14,21,1,6,12,13,4,2,5,17,8],[3,11,15,23,19,7,22,10,20,1,13,17,9,21,18,4,6,14,16,5,2,12,24,8],[23,7,3,19,11,15,22,10,2,18,20,13,17,1,8,4,12,6,24,9,21,5,14,16],[11,3,7,15,23,19,22,10,20,14,9,16,2,18,21,4,1,6,13],[15,7,11,3,23,19,10,22,13,17,21,6,1,18,12,14,9,24,16,2,5,8],[23,3,19,15,11,7,22,10,14,4,21,20,13,2,9,1,17,8,6,18,5,24,16],[7,23,19,11,15,3,10,22,13,2,5,18,1,12,21,16,17,24,14,20,6,9],[7,19,3,11,23,15,10,22,18,9,14,13,2,21,1,6,24,17,20,4,8,5,16],[11,19,15,7,23,3,22,10,18,12,14,16,21,1,9,13,24,6,20,2,5,8,17],[23,15,11,7,19,3,22,10,20,14,4,2,8,5,9,21,13,1,18,6,12,24,16,17],[15,19,11,23,7,3,22,10,12,18,14,13,4,2,21,9,1,24,5,16,8,6,20,17],[7,15,23,3,19,11,10,22,18,13,8,24,5,14,12,21,1,4,16,17,6,2,20],[23,11,7,19,15,3,10,22,20,13,6,24,2,9,18,1,21,14,5,4,12,16,8,17],[7,11,19,3,23,15,10,22,20,14,12,2,13,18,24,9,21,1,6,16,4,5,8,17],[23,7,19,15,11,3,10,22,14,21,17,24,20,18,8,6,13,4,16,9,2,1,5],[19,7,15,11,3,23,10,22,12,18,14,21,13,1,2,20,8,6,5,24,4,9,16,17],[19,3,11,23,15,7,22,10,18,16,12,14,21,4,2,13,1,6,5,20,9,24],[3,15,7,19,11,23,22,10,2,14,16,18,24,9,4,21,13,1,12,6,5,17,20],[15,7,11,19,3,23,10,22,24,14,2,12,18,13,1,9,21,6,16,5,17],[15,3,23,11,7,19,10,22,21,4,1,20,14,2,9,16,18,12,13,24,6,8,5],[3,23,15,19,7,11,10,22,17,6,24,13,4,8,16,14,5,18,1,21],[3,11,23,7,15,19,22,10,17,2,9,14,16,21,18,1,5,13,12,24,20,8,6,4],[19,23,15,7,3,11,22,10,17,4,12,14,13,2,21,9,1,18,24,6,16,20,5,8],[11,23,7,19,3,15,10,22,21,20,4,13,6,18,9,2,1,16,5,24,14,12,8],[23,19,15,7,3,11,22,10,4,16,1,17,24,20,8,18,5,14,9,21,6,12,13,2],[15,11,3,23,19,7,22,10,18,21,13,9,4,2,1,16,12,14,24,6,20,8,5,17],[15,3,23,7,19,11,10,22,16,13,12,18,2,21,9,1,14,24,8,6,5,20,4],[15,23,11,7,19,3,10,22,14,9,18,24,13,21,2,12,1,5,16,4,8,6,17,20],[3,11,7,23,19,15,22,10,8,21,20,6,17,14,1,24,18,5,16,4,12,13,9,2],[3,15,23,19,11,7,10,22,1,13,17,24,12,18,14,9,21,8,6,5,16,2,4,20],[23,7,11,19,3,15,10,22,17,13,1,8,2,24,14,20,12,6,18,9,21,5,16,4],[23,19,15,11,3,7,10,22,14,5,21,17,20,8,13,16,24,2,9,1,6,18,4],[23,3,19,11,7,15,22,10,8,24,2,4,14,13,9,18,5,1,6,21],[19,15,11,7,3,23,10,22,13,6,16,17,18,1,20,4,14,12,21,5,2],[23,11,15,19,3,7,22,10,16,2,20,14,13,4,12,21,1,18,6,17,5,24,9],[19,15,23,3,7,11,10,22,21,18,2,17,4,9,13,5,1,16,14,6,20,12,24,8],[11,23,7,15,3,19,22,10,17,20,4,16,1,21,5,9,14,13,18,2,12,24,8,6],[7,19,3,23,11,15,22,10,13,20,1,8,5,4,24,12,18,9,21,6,14,16,2],[11,19,3,15,23,7,22,10,6,2,13,16,18,8,1,20,17,14,9,24,21,5,4],[11,15,19,3,23,7,22,10,8,5,16,2,18,24,20,12,14,21,6,9,13,1,17],[19,11,15,7,3,23,10,22,17,14,12,13,2,21,18,5,1,16,8,6,9,24],[15,3,23,7,11,19,10,22,9,18,14,13,21,2,1,16,8,6,24,5,20,17],[11,15,7,23,3,19,22,10,21,13,8,6,1,16,17,9,18,24,14,5,4,2],[7,19,3,11,15,23,22,10,20,9,14,2,13,21,18,4,1,6,17,24,12,16,5],[7,11,19,15,3,23,22,10,17,14,16,24,13,18,21,6,5,20,2,4,9,1,8,12],[7,19,15,23,11,3,10,22,18,5,2,13,12,24,9,21,1,14,16,6,8,20,4,17],[11,19,3,23,7,15,22,10,16,13,9,18,24,1,21,8,5,14,12,6,20,4,2,17],[7,15,3,11,19,23,10,22,16,5,17,24,1,2,18,14,21,20,13,8,9,6,4,12],[23,11,7,3,19,15,22,10,20,14,6,21,4,13,2,12,18,9,1,24,16,8,5],[3,19,23,11,7,15,22,10,8,18,14,2,6,1,17,5,9,13,24,4,21,12,16],[11,23,15,7,19,3,22,10,20,18,14,17,13,8,2,4,5,16,6,1,9,21,12,24],[11,3,23,15,7,19,10,22,4,13,17,8,16,12,6,2,24,9,21,1,5,18,14],[3,15,19,23,11,7,10,22,1,14,12,18,13,24,21,5,6,9,16,4,2,17,8,20],[11,3,15,7,19,23,10,22,6,16,20,24,12,14,18,9,21,13,2,1,5,17,4],[15,23,7,3,11,19,10,22,18,2,20,17,16,4,12,14,21,13,1,5,8,24,6],[19,15,11,3,23,7,10,22,14,18,13,17,16,9,2,21,6,4,1,24,5,20,12,8],[15,7,11,23,19,3,22,10,13,17,1,6,18,4,8,24,14,12,21,16,9,5,2,20],[7,3,19,23,15,11,22,10,1,9,17,14,16,21,18,8,6,24,13,5,20,2,12,4],[7,19,11,3,15,23,22,10,13,6,5,17,8,1,16,18,12,21,9,14,24,4,2,20],[7,3,15,23,19,11,10,22,18,16,8,17,6,20,2,4,1,21,24,14,12,9,13,5],[23,3,19,11,7,15,22,10,2,6,17,4,13,16,20,12,14,21,1,8,18,9,5,24],[15,19,7,23,11,3,10,22,18,12,14,21,13,2,1,6,4,5,9,24,16],[11,23,3,7,15,19,10,22,9,18,14,13,21,4,2,16,1,6,20,24,17,8,5,12],[11,7,15,19,23,3,22,10,24,18,13,8,4,6,14,20,12,2,9,21,1,5,16,17],[11,23,15,3,7,19,10,22,6,20,21,1,8,16,17,24,9,14,13,18,12,5,4,2],[3,19,11,23,15,7,10,22,20,2,12,14,16,18,24,13,1,21,8,6,17,9,5,4],[7,3,15,11,19,23,10,22,5,20,17,13,16,21,1,4,12,9,18,14,24,2,6],[3,11,15,7,19,23,22,10,8,9,18,14,6,13,21,1,20,17,4,2,24,12,5,16],[11,23,7,3,19,15,10,22,2,1,14,6,8,20,9,16,21,18,13,12,5,24,17,4],[11,23,3,7,19,15,22,10,14,18,2,9,16,24,1,21,12,13,6,17,8,5,4,20],[19,23,11,15,7,3,10,22,13,14,20,2,1,12,21,18,8,6,9,5,24,16,4],[15,11,3,7,19,23,22,10,13,18,20,17,4,12,2,21,6,5,1,16,9,14,24,8],[11,7,19,23,15,3,22,10,18,1,12,16,14,24,9,21,13,6,2,5],[7,3,11,15,19,23,22,10,4,17,24,12,14,2,16,1,9,21,13,18,5,8,6],[7,19,15,23,11,3,22,10,9,18,14,13,1,24,21,2,12,16,8,6,5,20,4],[11,23,7,3,19,15,10,22,5,16,13,17,14,2,9,21,20,18,1,8,6,24,4,12],[19,3,11,7,15,23,10,22,17,6,14,16,21,5,18,4,12,2,13,9,1,24,8,20],[11,3,19,23,7,15,22,10,1,20,6,16,8,17,9,14,24,21,5,18,2,4,13,12],[15,11,7,3,19,23,22,10,20,12,13,17,8,2,6,24,9,21,1,5,18,14,16],[7,23,15,11,19,3,10,22,18,9,14,16,21,2,8,6,4,13,1,20,24,17,5,12],[7,15,3,23,11,19,22,10,13,1,14,20,5,4,8,9,18,24,21,6,2,17,12,16],[19,11,15,3,7,23,22,10,18,13,4,9,21,2,1,14,17,8,6,5,24,12,16,20],[19,7,3,11,23,15,22,10,1,20,14,18,24,9,13,21,8,6,12,5,16,17,2,4],[3,7,23,15,11,19,22,10,18,8,5,13,16,24,1,17,2,12,21,6,14,9],[15,23,11,19,7,3,10,22,1,16,5,18,20,24,17,13,4,9,21,8,6,14,12,2],[19,23,3,15,7,11,22,10,6,5,17,16,9,14,18,21,4,2,1,13,24,8,12,20],[7,3,11,15,19,23,22,10,12,17,14,13,18,8,6,2,21,4,9,1,5,24,16],[23,15,11,19,7,3,10,22,13,18,14,17,6,21,20,12,1,2,9,24,16,5,8],[19,15,23,3,7,11,10,22,17,14,5,21,2,24,1,12,13,18,9,16,8,6],[3,23,15,19,7,11,22,10,20,8,5,2,21,14,17,1,18,24,6,16,9,13],[11,15,23,3,7,19,10,22,18,21,2,13,14,6,4,24,12,1,17,9,16,8,5,20],[3,7,15,23,19,11,22,10,18,4,6,20,1,13,5,17,12,21,16,14,9,24,2,8],[3,19,15,11,7,23,10,22,14,20,2,8,9,6,18,13,21,1,17,24,16,4,5],[15,7,11,19,23,3,10,22,17,14,24,8,5,2,20,12,16,9,21,13,1,6,18,4],[7,15,11,3,19,23,22,10,20,8,21,12,6,14,13,2,18,1,9,5,24,16,4,17],[3,11,23,7,19,15,22,10,4,17,6,5,16,12,14,2,1,9,21,13,18,24,20,8],[3,23,19,7,11,15,10,22,16,17,9,13,21,18,2,20,1,8,6,12,5,14,24,4],[15,23,19,7,3,11,22,10,4,20,14,13,18,6,21,2,1,16,17,12,8,9,5,24],[15,7,23,19,11,3,22,10,20,24,16,18,21,14,1,6,5,9,13,12,2],[3,15,7,23,11,19,22,10,17,9,14,13,24,1,21,18,16,12,6,2,5,20,4,8],[15,3,7,19,23,11,10,22,20,13,6,1,5,21,14,9,18,4,17,2,24,16],[3,19,7,11,23,15,10,22,14,18,12,24,13,2,16,9,21,1,6,4,5,8],[19,3,15,23,11,7,10,22,17,16,4,13,1,6,20,21,18,12,14,2,24,9,8,5],[7,11,3,15,23,19,10,22,14,18,24,8,20,21,5,1,6,12,16,9,13,2],[23,19,15,11,7,3,10,22,20,21,4,13,14,12,1,5,18,9,24,2,16,8,6],[23,15,7,3,11,19,22,10,4,18,8,14,6,17,9,2,13,24,21,1,12,5,16],[23,11,3,19,7,15,10,22,20,16,17,24,13,21,1,8,12,6,18,14,5,9,4,2],[7,19,11,3,15,23,10,22,21,14,9,18,16,2,4,13,1,12,24,6,20,8,5],[19,23,3,7,11,15,10,22,16,12,18,14,2,13,24,21,4,6,9,1,5,8],[3,19,15,11,23,7,22,10,18,8,16,14,4,6,9,2,24,21,1,13,20,17,5],[7,19,11,15,3,23,22,10,17,13,6,5,14,16,2,12,21,18,4,1,20,9,24],[19,7,3,23,15,11,22,10,18,14,4,5,2,24,16,21,6,20,12,9,1,13],[19,7,11,15,23,3,22,10,20,24,16,18,8,6,4,9,2,14,1,21,13,12,5,17],[11,23,15,3,7,19,22,10,8,6,14,18,5,16,12,21,4,2,1,13,24,9],[3,15,23,11,19,7,10,22,2,4,5,16,20,17,6,1,12,14,21,9,13,18,24,8],[3,7,11,23,15,19,22,10,9,18,14,16,6,2,21,1,5,12,13,24,8,20,4,17],[19,3,23,7,11,15,22,10,13,18,24,20,4,8,12,6,2,9,21,1,5,14,16],[11,3,15,7,19,23,10,22,17,13,16,18,1,12,21,9,14,24,5,2,6,8,4],[3,15,19,23,11,7,22,10,17,16,9,2,14,24,1,21,18,13,12,5,6,20,8,4],[19,11,7,3,23,15,22,10,1,17,21,12,16,14,18,24,5,4,9,13,2,8,6,20],[15,3,7,23,11,19,22,10,20,21,1,13,16,4,9,18,6,8,14,5,12,24,2,17],[7,3,15,19,23,11,22,10,13,1,9,18,21,16,12,14,24,6,2,5,8,17,4,20],[3,15,11,7,23,19,10,22,13,14,20,17,2,1,5,4,12,21,18,24,9,16,6],[11,7,23,19,15,3,22,10,1,17,14,9,13,24,21,20,5,18,16,2,6,12,8],[7,23,11,3,15,19,10,22,18,14,2,24,5,12,21,16,8,1,9,13,6],[23,15,7,3,19,11,22,10,18,14,13,4,6,24,8,5,12,2,21,1,20,16,9,17],[7,3,15,19,11,23,22,10,14,16,4,20,5,6,9,2,18,21,1,13,17,8,12,24],[23,19,7,3,11,15,10,22,18,13,4,8,5,17,12,1,21,2,14,20,9,6,24,16],[3,23,19,11,7,15,22,10,12,18,14,13,1,16,21,17,8,6,2,5,4,20,9,24],[11,7,3,23,15,19,10,22,18,20,2,14,8,9,6,21,13,1,24,12,5,16],[3,15,23,7,19,11,10,22,24,17,9,13,21,4,2,14,18,12,1,16,6,8,5,20],[19,3,7,11,23,15,22,10,2,13,8,5,20,24,12,9,21,1,18,6,14,16],[19,15,23,3,11,7,10,22,13,20,5,12,21,2,17,1,4,14,24,8,18,6,9,16],[15,3,23,7,19,11,10,22,2,4,13,24,17,14,12,18,1,9,21,16,5,20,8,6],[11,23,7,3,19,15,22,10,4,16,18,24,8,14,17,9,6,2,1,21,20,5,13],[7,11,3,19,23,15,22,10,12,20,13,21,2,17,6,1,18,14,4,5,8,16,9,24],[23,15,11,19,7,3,10,22,13,14,5,1,17,8,24,9,18,21,6,4,12,2,16,20],[23,3,11,15,19,7,10,22,16,14,17,2,24,18,21,4,1,13,9,5,8,12,6,20],[15,11,23,3,7,19,22,10,14,4,9,18,2,13,24,1,21,6,12,16,5],[7,11,23,3,15,19,10,22,6,13,17,1,20,12,24,21,9,18,14,16,2,8,5],[19,15,11,23,7,3,10,22,16,14,13,17,4,6,9,21,2,1,18,12,24,5,8],[15,7,19,23,3,11,22,10,1,16,24,18,6,9,14,21,13,5,20,4,17,2],[11,3,7,15,19,23,22,10,16,1,18,24,4,2,14,12,21,13,20,6,9,8,5],[23,19,3,15,7,11,10,22,2,13,1,17,5,4,21,16,18],[19,3,23,11,15,7,10,22,13,18,2,12,24,9,21,1,14,6,16,8,5,4],[19,23,15,7,11,3,22,10,20,13,21,8,5,12,18,4,2,9,1,6,14,24,16,17],[15,11,3,19,7,23,22,10,8,2,9,18,14,13,6,24,1,21,12,5,16],[19,23,3,15,7,11,22,10,4,17,8,18,21,14,13,16,2,24,6,9,1,5,20],[7,23,11,15,3,19,10,22,16,6,20,21,8,2,5,14,13,12,17,4,1,18,9,24],[11,15,7,23,3,19,22,10,16,5,24,13,17,20,9,21,2,6,4,1,14,18,8,12],[11,15,3,19,7,23,22,10,21,13,20,9,18,1,14,6,24,12,16,2,5,17],[7,15,23,3,11,19,22,10,20,13,9,21,4,2,18,1,16,8,6,12,5,14,24],[23,19,15,11,3,7,10,22,9,14,18,13,2,21,1,6,5,12,24,16,4,20,17],[3,7,19,15,23,11,10,22,5,17,20,14,8,1,9,13,24,21,6,2,12,18,16,4],[15,23,3,19,11,7,10,22,5,17,4,20,1,16,8,13,2,9,21,18,6,24,12,14],[19,7,3,23,11,15,22,10,1,18,17,13,12,20,24,9,21,14,16,6,8,5,2],[23,15,3,7,19,11,22,10,20,13,4,9,2,18,24,21,16,1,6,14,8,17,12,5],[7,19,15,11,23,3,10,22,4,12,18,14,13,1,24,21,20,8,6,17,5,9,2,16],[23,15,11,7,3,19,22,10,1,9,18,14,16,21,13,4,6,5,20,8,12,24,2],[19,7,23,3,15,11,22,10,14,12,18,2,16,13,21,17,1,6,8,9,5,24,4],[3,15,11,19,23,7,10,22,14,2,20,8,1,24,12,13,6,18,9,21,5,16,17,4],[7,3,23,19,15,11,22,10,14,4,5,20,13,6,18,1,2,9,21,24,8,16],[7,3,19,23,11,15,22,10,18,17,2,14,16,5,12,21,13,9,1,24,8,6,4],[23,19,11,15,3,7,22,10,20,13,9,21,18,2,1,8,6,14,5,16,12,24,4],[7,3,11,23,19,15,10,22,17,4,13,2,5,12,9,1,21,18,14,24,16,20,6,8],[11,23,15,19,3,7,10,22,18,12,13,5,2,21,14,20,6,4,1,9,24,16],[19,7,11,23,3,15,10,22,6,14,9,18,13,24,21,1,8,2,20,12,5,16,4,17],[23,19,15,11,7,3,10,22,24,12,18,13,4,2,1,21,14,6,17,9,16,8,5,20],[19,11,15,23,3,7,22,10,2,13,12,18,24,14,1,21,16,8,6,4,5,20,9],[19,11,7,3,15,23,22,10,12,20,14,24,16,1,18,9,21,13,8,6,5,2],[23,11,19,3,7,15,10,22,18,13,16,5,2,1,9,21,14,17,8,6,20,12,24,4],