{"problem_id":"KmJVF2O061O9wka","sigma":150,"alpha":10.000,"cost":0,"probabilities":"[0.25, 0.34, 0.19, 0.22]","payoff_matrix":"[[-21, -49, -259, 146, -24, 261], [-17, 168, 198, 119, 119, 115], [-201, -69, -392, 102, 123, 41], [245, 156, 58, 115, -45, -5]]","uncovered":[[14,10,13,9,2,22,21,16,24,23,15,6,5,18,17,8,7,19,20,4,1,3,12],[14,18,13,17,22,21,24,16,15,23,2,6,5,10,9,8,7,19,20,4,1,3,12],[14,6,5,13,8,16,7,2,15,10,9,22,21,24,23,18,17,20,3,1,4,12,19],[2,18,22,17,21,10,9,6,5,14,13,24,16,23,15,7,20,3,12,4,1,11,8,19],[22,10,21,9,6,5,14,13,16,24,15,23,18,17,2,8,7,20,1,3,4,11],[2,10,22,9,6,21,5,14,13,16,24,15,23,18,17,8,7,20,4,1,11,19,12,3],[6,10,9,18,17,5,8,2,22,21,24,23,7,14,13,16,15,20,3,11,19,1,4],[14,18,17,13,6,5,16,22,21,24,15,23,10,9,2,8,7,19,20,3,12,11,1],[18,6,5,17,8,2,14,13,16,7,15,22,21,24,23,10,9,19,20,3,1,12],[6,2,22,5,21,10,9,18,17,14,13,16,24,15,23,8,7,4,1,20,12,3],[18,6,17,5,20,10,9,22,21,14,13,16,24,15,23,2,8,7,3,19,12,1],[2,14,6,5,13,16,18,17,10,9,22,21,24,15,23,8,7,20,1,3,19,11],[2,22,6,21,5,14,13,16,24,23,15,10,9,18,17,8,7,20,3,12,11,1,19,4],[14,2,18,17,13,6,5,8,16,15,7,22,21,24,23,10,9,20,4,1,3,19,12],[14,2,18,13,17,10,9,22,21,24,16,15,23,6,5,8,7,19,20,4,1],[14,22,13,21,24,16,23,15,2,10,9,6,5,18,17,8,7,19,20,4,1,3,12],[10,22,9,14,21,13,24,16,23,15,18,17,6,5,2,8,7,20,4,1,11,3,12,19],[10,2,14,13,9,18,17,6,5,8,16,15,7,22,21,24,23,19,20,1,4,3,11,12],[14,2,10,13,9,6,5,8,16,15,7,22,21,24,23,18,17,20,3,19,12,4,1,11],[18,22,17,21,6,5,14,13,16,24,15,23,2,10,9,8,7,20,1,11,12,4,3,19],[10,2,22,9,14,21,13,24,16,15,23,18,17,6,5,8,7,20,4,1,3,12,19],[22,2,18,17,21,14,13,16,24,23,15,10,9,6,5,8,7,20,1,19,11,3,4],[2,14,6,13,5,16,22,21,24,23,15,10,9,18,17,8,7,20,4,1,12,3,19,11],[14,18,17,13,6,5,16,2,10,9,22,21,24,23,15,8,7,19,20,3,12],[2,22,6,21,5,10,9,14,13,24,16,15,23,18,17,7,20,1,19,8,12,4,3,11],[22,6,21,5,18,17,2,10,9,14,13,24,16,15,23,7,20,4,1,8,3,11],[10,14,9,22,13,21,24,16,15,23,2,6,5,18,17,8,7,20,4,1,3,11,12],[22,18,21,17,2,10,9,14,13,24,16,23,15,6,5,8,7,20,4,1,11,3],[6,2,14,5,13,8,16,15,7,18,17,22,21,24,23,10,9,20,4,1,12,3],[10,14,13,9,2,22,21,24,16,23,15,6,5,18,17,8,7,20,11,4,1,3],[18,6,17,5,8,14,13,16,15,7,10,9,2,22,21,24,23,20,4,1,12,3],[10,2,18,17,9,22,21,14,13,24,16,23,15,6,5,8,7,20,3,1,12],[2,10,22,21,9,6,5,18,17,14,13,16,24,15,23,8,7,20,4,1,19,3,12,11],[2,18,14,17,13,22,21,24,16,23,15,10,9,6,5,8,7,20,4,1,3,19,11],[18,14,17,13,10,9,22,21,16,24,15,23,6,5,2,8,7,20,1,11,4,3],[6,14,5,13,8,16,7,18,17,15,22,21,24,23,2,10,9,20,1,11,19,3],[18,22,17,21,6,5,10,9,14,13,24,16,15,23,2,8,7,20,4,1,12],[6,18,5,17,20,14,13,8,16,7,15,22,21,24,23,2,10,9,4,1,11,3,19],[2,22,18,17,21,6,5,14,13,24,16,23,15,10,9,8,7,20,3,1,11],[2,10,14,13,9,6,5,16,22,21,24,15,23,18,17,8,7,20,3,12,19,4,1,11],[10,22,21,9,2,14,13,16,24,15,23,6,5,18,17,8,7,20,1,4,3,12,11,19],[10,2,6,9,14,13,5,8,16,15,7,22,21,24,23,18,17,20,1,11,19,12,4,3],[2,14,10,13,9,18,17,22,21,24,16,15,23,6,5,8,7,19,20,4,1,3,12],[14,10,9,2,18,17,13,22,21,16,24,15,23,6,5,8,7,20,1,11,4,3,12,19],[18,14,13,17,22,21,16,24,23,15,10,9,6,5,2,8,7,20,1,11,19,4,3],[10,22,9,14,13,21,16,24,15,23,2,6,5,18,17,8,7,20,4,1,11,12,3,19],[22,2,10,21,9,14,13,24,16,23,15,6,5,18,17,8,7,20,3,19,11,4,12,1],[6,10,5,9,18,17,20,14,13,16,22,21,24,15,23,2,8,7,1,11,12,19,4,3],[2,22,6,21,5,10,9,18,17,14,13,24,16,15,23,8,7,20,4,1,12,3,11,19],[14,18,13,17,2,10,9,6,5,16,22,21,24,23,15,8,7,20,1,11,3,4,19],[2,10,14,13,9,22,21,24,16,23,15,6,5,18,17,8,7,20,3,12],[2,6,18,5,17,8,14,13,16,7,15,10,9,22,21,24,23,19,20,1,4,12,3],[6,10,9,22,5,21,14,13,16,24,15,23,18,17,2,8,7,4,1,20,3,11,12],[14,6,5,13,16,22,21,24,15,23,10,9,18,17,2,8,7,20,3,19,1,11,4,12],[2,14,10,9,18,13,17,22,21,24,16,15,23,6,5,8,7,4,1,20,12,19,3,11],[2,22,14,13,21,16,24,23,15,10,9,6,5,18,17,8,7,20,11,1,3],[6,10,5,9,2,14,13,8,16,15,7,18,17,22,21,24,23,19,20,3,12],[22,10,21,9,18,17,14,13,16,24,23,15,2,6,5,8,7,20,3,1,4,12],[2,6,22,21,5,14,13,24,16,23,15,18,17,10,9,8,7,20,4,1,11,19,3],[2,22,6,5,21,14,13,16,24,23,15,10,9,18,17,8,7,20,4,1,3,11,12],[2,18,6,17,5,20,22,21,10,9,14,13,24,16,23,15,8,7,1,12,19,4,3,11],[10,18,17,9,6,5,20,22,21,14,13,24,16,15,23,2,8,7,1,3,12,11,19,4],[10,6,9,22,5,21,14,13,24,16,15,23,2,18,17,8,7,20,4,1,3,12],[2,10,18,17,9,14,13,6,5,8,16,7,22,21,24,23,15,20,1,4,3,11,19],[22,2,10,21,9,14,13,24,16,15,23,6,5,18,17,8,7,19,20,3,4,1,12],[14,18,17,13,2,22,21,24,16,15,23,10,9,6,5,8,7,20,4,1,11,3,19,12],[2,18,10,17,9,6,5,20,14,13,8,16,15,7,22,21,24,23,4,1,3,12,19],[18,10,17,9,6,5,8,2,22,21,24,7,14,13,16,15,23,20,1,12,4,3,11,19],[2,18,22,21,17,14,13,24,16,23,15,10,9,6,5,8,7,20,1,12,4,3,11,19],[18,10,17,9,6,5,8,2,22,21,24,7,14,13,16,15,23,20,4,1,12],[6,22,5,21,2,10,9,18,17,14,13,16,24,15,23,8,7,20,3,4,12,19,1,11],[22,10,9,6,21,5,2,18,17,14,13,16,24,15,23,8,7,20,1,11,3,4],[22,10,21,9,14,13,16,24,23,15,2,18,17,6,5,8,7,19,20,3,12,1,4,11],[10,14,13,9,6,5,8,16,7,18,17,15,22,21,24,23,2,19,20,1,12,3,4],[6,22,21,5,2,14,13,16,24,23,15,10,9,18,17,8,7,1,20,11,12,19,4,3],[18,6,5,17,20,22,21,14,13,16,24,15,23,10,9,2,8,7,1,12,19,4,3],[18,6,5,17,20,22,21,10,9,14,13,16,24,23,15,2,8,7,4,1,12,3,11,19],[6,18,17,5,8,2,14,13,16,15,7,10,9,22,21,24,23,20,3,1,11,19],[10,18,17,9,6,5,20,14,13,16,2,22,21,24,23,15,8,7,4,1,3,12,11,19],[10,22,9,6,5,21,14,13,16,24,15,23,18,17,2,8,7,20,1,11,19,4,12,3],[10,18,9,22,17,21,6,5,2,14,13,24,16,15,23,8,7,20,4,1,3,12,11,19],[22,10,9,6,21,5,2,18,17,14,13,24,16,15,23,8,7,4,1,20,11,3,19],[6,10,9,22,5,21,14,13,24,16,23,15,18,17,2,8,7,20,3,19,12],[18,2,6,5,17,20,22,21,14,13,24,16,23,15,10,9,8,7,1,12,3,11,4,19],[2,18,22,21,17,10,9,14,13,16,24,23,15,6,5,8,7,20,4,1,3,11],[14,22,21,13,16,24,23,15,2,10,9,18,17,6,5,8,7,20,1,12,3,19,4],[6,22,5,21,2,10,9,18,17,14,13,16,24,15,23,8,7,20,1,12,11,19,3,4],[22,10,21,9,18,17,2,6,5,14,13,16,24,15,23,8,7,20,4,1,3,11],[18,10,9,2,22,21,17,14,13,16,24,23,15,6,5,8,7,20,3,12,4,11,1],[14,10,9,18,17,13,6,5,16,22,21,24,23,15,2,8,7,20,3,4,12,1,11,19],[18,6,17,5,20,14,13,8,16,7,2,10,9,22,21,24,15,23,1,11,19,3,4,12],[10,14,13,9,18,17,22,21,16,24,15,23,6,5,2,8,7,20,3,11,12,1,4],[22,14,13,21,16,24,23,15,6,5,18,17,10,9,2,8,7,20,3,4,12,1,19],[14,22,21,13,24,16,15,23,18,17,6,5,10,9,2,8,7,20,4,1,12,3,11],[14,10,13,9,18,17,22,21,24,16,15,23,2,6,5,8,7,19,20,3,12,1],[2,22,10,9,14,21,13,16,24,23,15,18,17,6,5,8,7,19,20,1,3,12,4,11],[10,18,9,6,17,5,20,14,13,8,16,15,7,22,24,2,21,23,1,3,19,4,11],[2,18,6,17,5,8,22,21,24,23,7,14,13,16,15,10,9,20,3,11,12,4,1],[10,14,13,9,6,5,8,16,15,7,18,17,2,22,21,24,23,20,1,4,3,12,19],[2,22,10,21,9,14,13,16,24,23,15,6,5,18,17,8,7,20,1,19,11],[14,2,22,21,13,16,24,15,23,10,9,6,5,18,17,8,7,19,20,3,11,12],[6,18,17,5,8,2,10,9,14,13,16,7,15,22,21,24,23,20,3,11,12,1,19],[18,6,17,5,20,10,9,22,21,14,13,24,16,23,15,2,8,7,4,1,11,3],[14,22,21,13,24,16,15,23,10,9,6,5,18,17,2,8,7,20,1,3,11,19,4,12],[2,6,14,13,5,8,16,15,7,18,17,10,9,22,21,24,23,20,1,12,11,19,4,3],[10,14,13,9,22,21,24,16,23,15,19,18,17,2,6,5,20,8,7,1,12,4,11,3],[22,14,21,13,16,24,15,23,18,17,10,9,2,6,5,8,7,19,20,4,1,11,3,12],[18,14,13,17,6,5,8,16,15,7,10,9,2,22,21,24,23,20,1,12,3,4,19],[18,22,17,21,10,9,6,5,2,14,13,16,24,15,23,8,7,20,3,1,19,12],[18,22,17,21,14,13,16,24,23,15,10,9,6,5,2,8,7,20,1,4,3,19,11,12],[6,18,5,17,20,14,13,8,16,15,7,2,22,21,24,23,10,9,1,3,11,19],[18,10,9,6,5,17,20,2,14,13,8,16,15,7,22,21,24,23,4,1,12,3,19,11],[22,2,10,9,6,21,5,18,17,14,13,24,16,23,15,8,7,19,20,4,1,3,12],[6,2,10,5,9,18,17,20,22,21,14,13,24,16,15,23,8,7,3,1,12,4,11,19],[14,6,13,5,16,22,21,24,23,15,18,17,2,10,9,8,7,20,1,11],[2,6,22,5,21,14,13,24,16,23,15,10,9,18,17,8,7,20,1,3,12,11,4],[2,6,18,17,5,20,14,13,16,22,21,24,23,15,10,9,8,7,1,12,11,19,3,4],[10,2,22,9,18,17,21,6,5,14,13,24,16,15,23,8,7,20,3],[10,6,9,14,13,5,16,18,17,2,22,21,24,15,23,8,7,20,3,12,11],[14,6,5,13,16,18,17,2,22,21,24,23,15,10,9,8,7,20,4,1,11,3,19],[6,18,17,5,20,22,21,2,10,9,14,13,16,24,15,23,8,7,4,1,3,12],[22,18,21,17,2,6,5,14,13,24,16,15,23,10,9,8,7,20,4,1,3],[14,6,13,5,8,16,7,15,18,17,2,10,9,22,21,24,23,20,1,12,11,4],[10,22,9,14,21,13,16,24,23,15,6,5,18,17,2,8,7,20,3,12,1],[18,6,17,5,8,14,13,16,15,7,10,9,22,21,24,23,2,20,1,11,4,3],[10,6,5,9,14,13,16,2,22,21,24,15,23,20,18,8,7,17,4,1,11,19,3],[2,10,14,13,9,18,17,22,21,24,16,23,15,6,5,8,7,19,20,4,1,3,12],[6,22,5,21,18,17,2,10,9,14,13,16,24,15,23,8,7,20,1,11,4,3,12,19],[14,2,10,9,6,5,13,8,16,7,18,17,15,22,21,24,23,19,20,1,11,3],[14,10,13,9,6,5,16,2,18,17,22,21,24,23,15,8,7,3,20,12],[6,2,14,5,13,8,16,7,18,17,22,21,24,23,15,10,9,19,20,12,1],[2,10,18,9,14,17,13,22,21,16,24,15,23,6,5,8,7,20,1,12,3,19,4],[14,10,9,18,17,13,2,6,5,8,16,15,7,22,21,24,23,20,1,12,11,4,3,19],[22,2,10,21,9,6,5,14,13,24,16,23,15,18,17,8,7,20,3,12,11,1],[6,18,17,5,8,2,22,21,24,7,14,13,16,15,23,10,9,20,1,11,3,19],[18,6,17,5,8,22,21,24,23,7,10,9,14,13,16,15,2,20,4,1,11,3,12,19],[18,10,17,9,22,21,2,6,5,14,13,24,16,15,23,8,7,20,1,19,12,3],[10,22,21,9,14,13,24,16,15,23,2,18,17,6,5,8,7,20,4,1,19,3,12],[14,10,9,6,13,5,8,16,15,7,2,22,21,24,23,18,17,20,4,1,19,11,12,3],[2,6,18,5,17,8,14,13,16,15,7,10,9,22,21,24,23,20,1,4,3,12,11],[22,6,21,5,14,13,16,24,15,23,10,9,18,17,2,8,7,20,12,3,11,19,4],[14,10,13,9,22,21,24,16,15,23,6,5,2,18,17,8,7,20,1,4,3,11,19,12],[2,14,18,17,13,22,21,24,16,15,23,6,5,10,9,8,7,19,20,4,1,12,11,3],[14,22,13,21,16,24,15,23,2,6,5,10,9,18,17,8,7,20,3,11,4,19,12],[18,10,9,2,14,13,17,6,5,16,22,21,24,15,23,8,7,19,20,3,11,12,1],[6,18,17,5,8,14,13,16,7,22,21,24,23,15,2,10,9,20,1,11,4,3,12],[6,22,21,5,10,9,14,13,16,24,15,23,2,18,17,8,7,19,20,4,1,12,11,3],[6,2,10,5,9,22,21,14,13,16,24,15,23,18,17,8,7,20,4,1,3,12],[10,14,9,22,13,21,24,16,23,15,6,5,18,17,2,8,7,20,3,4,11,1,19],[18,14,13,17,10,9,2,6,5,8,16,7,15,22,21,24,23,20,4,1,3,11,19],[18,6,5,17,20,10,9,14,13,8,16,7,22,21,24,23,15,2,3,12,1,19,11],[22,2,10,21,9,18,17,6,5,14,13,16,24,15,23,8,7,19,20,3,1,4,11],[22,6,21,5,10,9,2,18,17,14,13,24,16,23,15,8,7,20,4,1,3,12,19],[2,18,6,5,17,20,14,13,8,16,7,10,9,15,22,21,24,23,3,11,12],[2,6,18,17,5,8,14,13,16,7,10,9,22,21,24,15,23,20,3,12,11,19,1],[2,14,22,21,13,16,24,15,23,10,9,6,5,18,17,8,7,20,3,4,11,1],[2,14,6,5,13,8,16,7,15,18,17,10,9,22,21,24,23,20,4,1,19,3,12],[18,22,17,21,6,5,2,14,13,24,16,15,23,10,9,8,7,20,3,12,1,11,4],[10,18,9,6,5,17,20,14,13,8,16,7,15,22,21,24,23,2,1,3,12,19],[2,6,14,5,13,8,16,15,7,10,9,22,18,17,21,24,23,20,1,19,12,4,3,11],[6,14,5,13,16,10,9,18,17,2,22,21,24,23,15,8,7,20,1,3,11,12,4,19],[2,18,14,17,13,10,9,6,5,16,22,21,24,23,15,8,7,19,20,3,1,11,4,12],[18,10,17,9,6,5,20,22,21,14,13,24,16,23,15,2,7,4,1,3,12,8,11],[14,18,13,17,6,5,8,16,15,7,10,9,2,22,21,24,23,19,20,4,1,11,3],[18,6,17,5,20,22,21,10,9,14,13,16,24,15,23,2,7,1,8,11,4,12,3],[14,6,5,13,16,22,21,24,23,15,18,17,2,10,9,7,20,4,1,11,8,19,3,12],[14,6,13,5,16,2,18,17,10,9,22,21,24,15,23,8,7,20,1,11,3,19],[6,10,9,2,22,5,21,18,17,14,13,16,24,15,23,8,7,20,3,19,11],[18,6,5,17,20,10,9,2,22,21,14,13,24,16,15,23,8,7,1,12,3,19,4],[6,10,9,18,17,5,20,22,21,2,14,13,16,24,23,15,8,7,1,12,19,4,3],[6,14,5,13,8,16,7,22,21,24,23,15,18,17,10,9,2,19,20,3,4,12],[2,10,14,13,9,18,17,22,21,24,16,15,23,6,5,8,7,20,3,19,12],[10,18,9,22,17,21,2,6,5,14,13,24,16,23,15,8,7,20,4,1,3,11,12,19],[6,14,13,5,8,16,7,18,17,22,21,24,23,15,2,10,9,20,1,12,19,3,11,4],[6,14,13,5,8,16,15,7,22,21,24,23,18,17,10,9,2,20,4,1,19,11,3],[18,6,17,5,20,14,13,16,10,9,2,22,21,24,15,23,8,7,3,11,19],[22,18,21,17,10,9,2,6,5,14,13,16,24,23,15,8,7,1,20,4,12,19,3],[2,6,14,5,13,16,18,17,22,21,24,23,15,10,9,8,7,20,1,19,12,3,4,11],[18,22,21,17,14,13,24,16,15,23,2,6,5,10,9,8,7,19,20,4,1],[2,6,14,13,5,16,22,21,24,15,23,10,9,18,17,8,7,20,3,11],[2,6,18,17,5,20,10,9,22,21,14,13,16,24,15,23,8,7,4,1,19,3,11],[14,10,13,9,2,22,21,24,16,15,23,6,5,18,17,8,7,20,4,1,3,12],[10,14,9,6,13,5,8,16,15,7,18,17,22,21,24,23,2,20,1,11,3,19,4],[22,2,10,9,6,21,5,18,17,14,13,16,24,23,15,8,7,20,4,1,12,3],[14,6,13,5,16,18,17,10,9,2,22,21,24,15,23,8,7,20,4,1,3,12,19,11],[22,10,9,6,21,5,2,18,17,14,13,24,16,23,15,8,7,20,4,1,11,3,19,12],[10,6,5,9,22,21,2,14,13,16,24,15,23,18,17,8,7,20,1,11,3,4,19,12],[14,18,13,17,22,21,16,24,15,23,2,6,5,10,9,8,7,4,1,20,3,12,11],[22,10,21,9,18,17,6,5,2,14,13,16,24,15,23,8,7,20,1],[22,6,5,21,10,9,2,14,13,24,16,23,15,18,17,8,7,20,4,1,12,3],[18,6,5,17,20,2,10,9,22,21,14,13,24,16,15,23,8,7,1,12,11,3],[10,22,21,9,18,17,2,6,5,14,13,16,24,15,23,8,7,20,1,12,4,11,19,3],[2,10,14,13,9,18,17,6,5,16,22,21,24,23,15,8,7,20,3,4,11],[6,14,5,13,16,18,17,22,21,24,23,15,10,9,2,8,7,20,4,1,11,19,12,3],[14,22,13,21,24,16,23,15,18,17,2,6,5,10,9,8,7,20,1,3,12],[6,18,5,17,20,22,21,2,10,9,14,13,16,24,15,23,8,7,4,1,19,3,12],[22,2,18,17,21,10,9,14,13,16,24,23,15,6,5,8,7,19,20,4,1,12,3,11],[6,14,13,5,16,2,10,9,22,21,24,15,23,18,17,7,20,12,4,1,8,11,3],[18,10,9,22,17,21,6,5,14,13,16,24,23,15,2,8,7,1,20,11],[18,22,21,17,10,9,2,6,5,14,13,16,24,23,15,8,7,19,20,3,1,4,12],[22,10,21,9,2,6,5,14,13,24,16,15,23,18,17,7,20,1,8,12,4,11,3,19],[22,14,13,21,16,24,15,23,18,6,5,17,2,10,9,7,19,20,3,8,12],[14,10,13,9,6,5,16,18,17,22,21,24,15,23,2,8,7,20,1,4,11,3,12],[2,22,18,17,21,10,9,14,13,24,16,15,23,6,5,8,7,20,3,11,4,12,19,1],[10,22,21,9,14,13,24,16,23,15,2,6,5,18,17,8,7,19,20,3,11,4,1],[6,18,5,17,20,2,22,21,14,13,16,24,15,23,10,9,7,1,3,8,11,12,19,4],[18,14,13,17,6,5,16,22,21,24,15,23,2,10,9,8,7,20,4,1,11,12,3],[10,18,9,2,22,21,17,6,5,14,13,24,16,23,15,8,7,4,1,20,11,3,19],[10,18,17,9,22,21,14,13,16,24,15,23,6,5,2,8,7,20,4,1,11,3,12],[18,2,6,17,5,8,14,13,16,15,7,22,21,24,23,10,9,20,4,1,3,12,19,11],[10,22,21,9,18,17,2,6,5,14,13,24,16,15,23,8,7,19,20,1,11,4,3,12],[14,22,13,21,24,16,23,15,18,17,6,5,2,10,9,8,7,19,20,3,12,4,1],[6,22,5,21,18,17,10,9,2,14,13,24,16,23,15,8,7,20,1,12,4,3],[10,14,9,2,18,17,13,6,5,16,22,21,24,15,23,8,7,20,4,1,12,3,19,11],[14,2,6,5,13,8,16,15,7,10,9,22,21,24,23,18,17,20,1,11,12,4,19,3],[2,10,6,9,22,21,5,14,13,16,24,15,23,18,17,8,7,20,1,19,12,4,3,11],[18,10,17,9,22,21,14,13,24,16,23,15,6,5,2,8,7,20,1,3,11],[14,6,5,13,16,22,21,24,15,23,2,10,9,18,17,8,7,20,3,11],[18,2,14,13,17,6,5,8,16,7,10,9,22,21,24,15,23,20,3,4,12,1],[22,6,5,21,10,9,14,13,24,16,15,23,18,17,2,8,7,20,3,12,19],[18,22,21,17,10,9,6,5,2,14,13,16,24,15,23,8,7,20,3,1,4,19,11],[6,2,18,5,17,20,10,9,14,13,8,16,7,22,21,24,23,15,4,1,3,11],[14,6,13,5,8,16,15,7,22,21,24,23,2,18,17,10,9,20,4,1,3,11],[18,14,17,13,6,5,16,22,21,24,15,23,2,10,9,8,7,19,20,4,1,11,3,12],[10,14,13,9,18,17,6,5,16,22,21,24,23,15,2,8,7,20,1,12,3,19,4,11],[6,10,9,2,22,5,21,18,17,14,13,16,24,23,15,8,7,20,3,12],[6,18,5,17,8,14,13,16,15,7,22,21,24,23,2,10,9,19,20,4,1,3,12],[10,6,9,22,5,21,18,17,14,13,16,24,23,15,2,8,7,20,1,12,11,19,3],[10,22,21,9,18,17,14,13,24,16,15,23,2,6,5,8,7,20,4,1,3,11,19,12],[22,14,13,21,24,16,15,23,6,5,10,9,18,19,17,2,20,8,7,3,1,12],[14,2,22,13,21,24,16,23,15,10,9,18,17,6,5,8,7,19,20,3,12,11,4],[10,6,9,22,5,21,2,14,13,16,24,23,15,18,17,8,7,20,1,4,12,19,11,3],[22,6,21,5,18,17,10,9,2,14,13,16,24,15,23,8,7,20,3,11,1,19,4],[10,18,17,9,2,22,21,6,5,14,13,24,16,23,15,8,7,3,20,12,11],[18,10,9,14,13,17,22,21,16,24,23,15,2,6,5,8,7,20,1,19,12,11],[6,18,5,17,8,10,9,22,21,24,7,2,14,13,16,23,15,20,4,1,11,19,3,12],[22,10,9,18,21,17,2,14,13,24,16,23,15,6,5,8,7,19,20,4,1,12,3,11],[14,6,5,13,16,18,17,10,9,22,21,24,15,23,2,8,7,20,1,11,4,12,3,19],[18,10,9,22,17,21,6,5,14,13,16,24,15,23,2,8,7,20,3,12,1],[6,14,13,5,8,16,7,18,17,10,9,2,15,22,21,24,23,20,4,1,12],[2,6,18,17,5,20,10,9,22,21,14,13,24,16,23,15,8,7,1,12,4,3,19],[2,18,10,9,22,21,17,14,13,16,24,15,23,6,5,8,7,20,3,4,19,1,11,12],[2,22,18,21,17,10,9,14,13,16,24,23,15,6,5,8,7,20,3,11],[14,10,9,18,13,17,2,6,5,8,16,15,7,22,21,24,23,20,1,19,12,3,4],[14,2,10,9,22,13,21,24,16,15,23,6,5,19,18,17,20,8,7,3,4,12,11,1],[2,6,10,9,14,13,5,16,18,17,22,21,24,15,23,8,7,20,3,12,4,1,19,11],[22,2,10,9,18,17,21,14,13,24,16,15,23,6,5,8,7,19,20,4,1,11,3],[14,6,5,13,8,16,15,7,10,9,2,18,17,22,21,24,23,20,1,4,12,11,3,19],[18,2,14,13,17,10,9,6,5,8,16,7,15,22,21,24,23,20,4,1,19,3,11],[10,22,21,9,18,17,2,14,13,24,16,15,23,6,5,8,7,20,3,12,4,1,11,19],[22,6,5,21,14,13,24,16,23,15,2,18,17,10,9,8,7,20,3,1,11,12,4],[2,10,22,9,6,5,21,14,13,16,24,15,23,18,17,8,7,20,3,12,11,1,19,4],[6,2,18,5,17,20,22,21,14,13,16,24,23,15,10,9,8,7,1,11,3,4,12,19],[10,22,21,9,18,17,6,5,14,13,16,24,23,15,2,8,7,20,4,1,12,3,11,19],[10,6,5,9,2,18,17,20,14,13,8,16,7,22,21,24,23,15,1,19,4,3,12],[6,18,17,5,20,14,13,16,10,9,2,22,21,24,15,23,8,7,1,11,19,4,3],[10,6,5,9,2,22,21,14,13,24,16,23,15,19,18,17,8,7,20,3,12,11,1,4],[14,2,22,21,13,16,24,15,23,6,5,18,17,10,9,7,20,3,19,8,11],[6,22,5,21,10,9,18,17,2,14,13,24,16,15,23,8,7,20,3,12],[14,22,13,21,24,16,23,15,18,17,6,5,10,9,2,8,7,20,1,12,19,4,3],[10,22,21,9,14,13,24,16,23,15,6,5,18,17,2,8,7,20,3,1,19,4],[6,18,17,5,8,14,13,16,15,7,2,10,9,22,21,24,23,19,20,1,11,4,3,12],[2,10,18,17,9,22,21,6,5,14,13,24,16,15,23,8,7,19,20,3,12,1,11,4],[14,18,13,17,22,21,16,24,23,15,2,10,9,6,5,8,7,19,20,1,3,4,11,12],[14,2,22,21,13,16,24,15,23,10,9,18,17,6,5,8,7,20,3,19,12],[22,2,14,13,21,24,16,15,23,6,5,18,17,10,9,8,7,20,1],[2,22,10,9,14,13,21,16,24,15,23,18,17,6,5,8,7,1,19,20,4,11,3,12],[2,14,10,13,9,22,21,16,24,23,15,6,5,18,17,8,7,20,1,19,12,11,3,4],[2,10,22,9,14,13,21,16,24,15,23,18,17,6,5,8,7,20,1,12,3],[10,6,5,9,22,21,18,17,14,13,16,24,15,23,2,8,7,20,1,12,19,3,4,11],[18,6,17,5,20,10,9,2,14,13,16,22,21,24,15,23,8,7,4,1,11,3],[22,14,21,13,16,24,15,23,18,17,2,10,9,6,5,8,7,20,3,1,4,12],[14,10,9,2,18,17,13,22,21,24,16,15,23,6,5,8,7,19,20,4,1,3,12,11],[22,14,13,21,16,24,15,23,10,9,6,5,2,18,17,8,7,20,1,19,3,12],[10,14,13,9,18,17,22,21,16,24,23,15,6,5,2,8,7,20,3,4,1,12,19],[2,10,14,9,22,21,13,16,24,15,23,6,5,18,17,8,7,20,1,3,4,11],[18,2,14,13,17,10,9,22,21,24,16,15,23,6,5,8,7,20,4,1,3,19,11,12],[2,14,22,13,21,24,16,15,23,18,17,6,5,10,9,8,7,20,1,19,11,12,4,3],[18,22,21,17,2,14,13,24,16,23,15,6,5,10,9,7,20,1,12,19,8,11],[2,18,14,13,17,10,9,6,5,16,22,21,24,23,15,8,7,20,3,12],[10,2,14,9,22,21,13,24,16,23,15,18,17,6,5,8,7,19,20,3,12,4,1],[10,6,5,9,18,17,20,2,22,21,14,13,16,24,15,23,7,4,1,8,11,3,19,12],[22,6,21,5,10,9,2,14,13,24,16,15,23,18,17,8,7,19,20,1,11,4,3,12],[14,6,5,13,8,16,15,7,18,17,2,22,21,24,23,10,9,20,4,1,19,11,3],[14,2,22,21,13,24,16,23,15,18,17,10,9,6,5,8,7,20,1,19,12,11],[10,2,18,9,22,17,21,6,5,14,13,24,16,23,15,8,7,20,1,19,12,3,4],[2,14,18,17,13,6,5,16,22,21,24,23,15,10,9,7,20,4,1,8,3,11,12,19],[2,10,18,17,9,22,21,14,13,16,24,23,15,6,5,8,7,20,4,1,11,12,3],[18,22,21,17,10,9,2,14,13,24,16,15,23,6,5,8,7,20,1,11,4,12,3,19],[18,2,22,17,21,14,13,16,24,23,15,10,9,6,5,8,7,20,3,12,19,1],[2,18,10,17,9,14,13,22,21,16,24,23,15,6,5,8,7,20,3,1,12,4],[14,2,10,13,9,6,5,16,18,17,22,21,24,15,23,8,7,20,1,12,19,3,4,11],[2,6,18,17,5,20,10,9,14,13,16,22,21,24,15,23,8,7,3,12],[6,14,13,5,16,18,17,2,10,9,22,21,24,23,15,8,7,20,1,12,3,4,19,11],[22,2,10,21,9,14,13,16,24,15,23,6,5,18,17,7,19,20,4,1,12,8],[10,18,9,6,17,5,20,2,22,21,14,13,24,16,15,23,8,7,3,11,12,19,1,4],[2,14,10,13,9,18,17,22,21,24,16,23,15,6,5,8,7,20,1,12,4,3,19,11],[10,14,9,22,13,21,16,24,15,23,2,18,17,6,5,8,7,20,1,12,19,11,3],[6,10,9,18,17,5,20,22,21,14,13,24,16,15,23,2,8,7,3,11,19],[2,14,18,17,13,22,21,16,24,23,15,6,5,10,9,8,7,20,3,19,11,4,12,1],[10,18,17,9,2,14,13,22,21,16,24,23,15,6,5,8,7,19,20,3,12],[10,6,9,2,18,17,5,20,22,21,14,13,24,16,23,15,8,7,4,1,12],[22,2,10,21,9,6,5,18,17,14,13,16,24,23,15,8,7,20,4,1,11,3],[14,18,13,17,22,21,24,16,23,15,12,10,9,6,5,2,8,7,20,1,4,3,19],[10,6,9,2,14,5,13,16,22,21,24,23,15,18,17,8,7,19,20,3,11,1,4,12],[10,2,18,17,9,6,5,8,22,21,24,7,14,13,16,23,15,3,20,1,11,19],[2,10,14,9,22,13,21,16,24,15,23,18,17,6,5,8,7,19,20,4,1,3,11,12],[14,22,13,21,16,24,23,15,6,5,2,10,9,18,17,8,7,19,20,3,4,1,12],[2,14,10,9,18,17,13,22,21,24,16,15,23,6,5,8,7,20,1,4,3,11,12],[2,18,14,13,17,22,21,24,16,15,23,6,5,10,9,8,7,20,3,19,12],[10,6,9,14,13,5,16,22,21,24,23,15,2,18,17,7,20,1,11,8,19,4,3],[6,18,17,5,20,14,13,8,16,15,7,22,21,24,23,2,10,9,4,1,19,3,12,11],[2,10,18,9,22,21,17,14,13,16,24,23,15,6,5,8,7,20,4,1,12,3],[6,14,13,5,8,16,15,7,2,22,21,24,23,10,9,18,17,20,3,19,11,12,1],[10,22,9,2,6,5,21,14,13,24,16,23,15,18,17,7,20,4,1,8,12,3,19],[6,14,5,13,16,18,17,10,9,22,21,24,15,23,2,8,7,20,4,1,3,19,12],[22,10,21,9,2,6,5,18,17,14,13,16,24,23,15,8,7,20,1,19,12,11,4,3],[18,14,13,17,10,9,6,5,16,22,21,24,15,23,2,8,7,19,20,1,12,3],[14,22,21,13,24,16,15,23,10,9,18,17,2,6,5,8,7,20,4,1,3,19,11],[6,14,5,13,8,16,7,15,10,9,2,22,21,24,23,18,17,20,4,1,3,11,19,12],[22,14,21,13,16,24,23,15,6,5,10,9,18,17,2,8,7,20,1,3,11],[18,14,13,17,10,9,2,22,21,24,16,15,23,6,5,8,7,20,3,1],[6,18,5,17,8,10,9,22,21,24,23,7,14,13,16,15,2,20,1,4,3,12,19],[14,6,13,5,16,18,17,2,22,21,24,15,23,10,9,8,7,20,3,19,12,4,1],[2,22,18,17,21,14,13,24,16,15,23,6,5,10,9,8,7,20,1,12,4,19,3,11],[18,6,17,5,20,2,14,13,8,16,7,15,10,9,22,21,24,23,3,19,1,11,4,12],[10,2,18,9,14,13,17,6,5,8,16,7,22,21,24,15,23,19,20,3,4,12,1],[22,6,5,21,14,13,16,24,23,15,10,9,2,18,17,8,7,20,1,11,3,4,12,19],[18,2,10,9,6,17,5,8,22,21,24,23,7,14,13,16,15,1,20,12,11],[6,22,5,21,18,17,10,9,2,14,13,16,24,23,15,8,7,20,3,19,12],[14,18,17,13,2,10,9,6,5,8,16,7,15,22,21,24,23,20,3,11,1,19],[18,6,17,5,20,22,21,2,14,13,16,24,15,23,10,9,8,7,1,19,3,4,11,12],[10,14,9,6,13,5,16,22,21,24,15,23,18,17,2,8,7,20,4,1,3,12,11,19],[18,2,22,17,21,10,9,14,13,16,24,23,15,6,5,8,7,20,1,12,3,11,19,4],[6,2,22,5,21,14,13,16,24,15,23,18,17,10,9,8,7,20,3,12,19,4],[6,18,17,5,20,10,9,2,14,13,8,16,15,7,22,21,24,23,4,1,12,11,3,19],[6,14,5,13,16,22,21,24,15,23,2,10,9,18,17,8,7,20,1,3,4,11,12,19],[6,10,5,9,22,21,18,17,2,14,13,16,24,23,15,8,7,19,20,1,3,12,4],[22,2,10,9,14,13,21,24,16,23,15,18,17,6,5,8,7,20,1,12,4,11,3,19],[22,18,17,21,10,9,14,13,24,16,15,23,2,6,5,8,7,20,1,12,3,19,11],[14,2,10,13,9,6,5,16,22,21,24,15,23,18,17,8,7,20,4,1,11,3],[14,10,9,2,18,13,17,6,5,16,22,21,24,23,15,8,7,1,20,12,4,3,19,11],[22,6,21,5,2,14,13,24,16,15,23,10,9,18,17,8,7,19,20,4,1,11,3],[18,22,17,21,14,13,16,24,15,23,2,10,9,6,5,8,7,20,1,3,11],[14,10,9,2,6,5,13,8,16,7,18,17,15,22,21,24,23,20,3,19,12,11],[2,6,14,5,13,16,22,21,24,15,23,10,9,18,17,8,7,19,20,1,3,4,12,11],[2,18,22,21,17,14,13,24,16,15,23,10,9,6,5,8,7,20,4,1,3],[2,14,6,13,5,8,16,15,7,18,17,10,9,22,21,24,23,20,11,4,1,19],[18,14,13,17,10,9,2,6,5,8,16,7,22,21,24,23,15,19,20,3,11,12,4,1],[2,14,10,9,6,13,5,16,18,17,22,21,24,15,23,8,7,20,4,1,19,11],[6,22,5,21,14,13,24,16,23,15,10,9,2,18,17,8,7,19,20,4,1,11,3],[6,22,21,5,2,10,9,18,17,14,13,16,24,15,23,8,7,20,4,1,19,11,3],[6,2,18,5,17,20,22,21,14,13,24,16,15,23,10,9,8,7,4,1,3,11,19],[10,2,22,21,9,14,13,24,16,15,23,6,5,18,17,8,7,20,4,1,12,3],[22,2,14,21,13,24,16,23,15,18,17,10,9,6,5,8,7,20,3,4,19,12,1],[2,18,22,17,21,6,5,10,9,14,13,24,16,23,15,8,7,20,3,12],[22,14,21,13,24,16,23,15,10,9,6,5,18,17,2,8,7,19,20,4,1],[14,22,21,13,16,24,15,23,2,6,5,10,9,18,17,8,7,19,20,3,4,1,12],[2,10,18,17,9,22,21,6,5,14,13,24,16,15,23,8,7,20,4,1,11,3,12],[18,10,9,14,13,17,6,5,16,2,22,21,24,23,15,8,7,20,1,12,4,19,3,11],[10,18,9,22,17,21,2,6,5,14,13,16,24,23,15,8,7,1,20,11,4,19],[6,14,5,13,16,10,9,18,17,22,21,24,23,15,2,8,7,19,20,3,12,11,1,4],[18,2,14,17,13,22,21,24,16,23,15,6,5,10,9,8,7,20,4,1,12,11,3,19],[10,2,18,9,6,5,17,20,22,21,14,13,16,24,23,15,8,7,1,12,4,11,3],[6,18,5,17,20,14,13,16,2,10,9,22,21,24,15,23,8,7,4,1,11,19,3,12],[22,14,21,13,24,16,23,15,18,17,6,5,2,10,9,8,7,20,4,1,3,12],[10,14,9,22,21,13,24,16,15,23,18,17,6,5,2,8,7,19,20,1,3,12],[2,14,22,21,13,24,16,23,15,10,9,6,5,18,17,8,7,19,20,3,12,4,11],[2,10,22,21,9,18,17,6,5,14,13,16,24,23,15,8,7,20,3],[10,22,9,2,14,21,13,16,24,15,23,6,5,18,17,8,7,20,4,1,11,12,3],[22,18,21,17,10,9,6,5,2,14,13,24,16,23,15,8,7,20,4,1,3,11,19,12],[14,6,13,5,8,16,7,18,17,2,10,9,15,22,21,24,23,20,3,4,12,19,11,1],[6,18,17,5,8,14,13,16,7,15,2,10,9,22,21,24,23,20,3,1,12],[22,2,6,5,21,10,9,14,13,24,16,23,15,18,17,8,7,19,20,4,1,11,3,12],[18,14,13,17,10,9,22,21,16,24,23,15,6,5,2,8,7,20,19,3,1,11,12],[14,2,6,13,5,8,16,15,7,10,9,22,21,24,23,18,17,19,20,3,11,4],[18,22,17,21,14,13,16,24,23,15,2,6,5,10,9,8,7,20,3,12,19,4,11,1],[22,14,21,13,16,24,23,15,10,9,2,18,17,6,5,8,7,19,20,3,11],[6,18,17,5,8,10,9,22,21,24,23,7,14,13,16,15,2,20,3,11,1,19,4,12],[18,6,17,5,20,10,9,2,14,13,8,16,7,15,22,21,24,23,12,3,19,1,4,11],[22,10,21,9,18,17,2,14,13,24,16,15,23,6,5,8,7,20,4,1,3,19,12,11],[22,14,13,21,16,24,15,23,2,18,17,10,9,6,5,8,7,20,1,11,12,19,4,3],[2,14,10,9,6,5,13,16,18,17,22,21,24,23,15,8,7,4,1,20,12,3,19,11],[22,6,21,5,18,17,2,10,9,14,13,16,24,23,15,8,7,20,3,11,1],[22,10,9,18,17,21,2,14,13,24,16,23,15,6,5,8,7,20,1,3,12,4,11],[22,14,13,21,24,16,15,23,18,17,6,5,2,10,9,8,7,19,20,3,1,11,12],[10,2,22,21,9,18,17,14,13,16,24,15,23,6,5,8,7,20,1,19],[22,6,21,5,2,14,13,24,16,15,23,10,9,18,17,8,7,20,3,4,11,1,19],[6,14,13,5,8,16,7,2,15,22,21,24,23,18,17,10,9,19,20,1,11],[14,2,18,17,13,10,9,22,21,16,24,23,15,6,5,8,7,20,1,12,19,3],[18,22,21,17,10,9,2,6,5,14,13,16,24,23,15,8,7,19,20,1,11],[6,2,18,5,17,8,10,9,14,13,16,7,15,22,21,24,23,20,1,11,19,12,3,4],[22,2,6,5,21,10,9,14,13,24,16,23,15,18,17,8,7,20,1,12,19,3,11],[18,22,17,21,14,13,24,16,23,15,6,5,10,9,2,7,19,20,1,8,12,11,3,4],[14,22,21,13,24,16,23,15,10,9,6,5,18,17,2,8,7,19,20,4,1,11,3],[6,22,5,21,18,17,2,10,9,14,13,24,16,15,23,8,7,19,20,1,12,3,11],[2,6,18,5,17,8,14,13,16,15,7,10,9,22,21,24,23,20,1,12,3,19],[14,6,5,13,8,16,15,7,22,21,24,23,2,18,17,10,9,19,20,1,11,4],[18,6,17,5,20,22,21,2,10,9,14,13,16,24,15,23,8,7,3,19,12,4,11,1],[10,2,22,9,14,21,13,24,16,15,23,18,17,6,5,8,7,19,20,1,11,4],[6,10,5,9,14,13,16,2,22,21,24,15,23,17,8,7,18,20,1,12,4,11,19,3],[2,10,6,5,9,14,13,16,18,17,22,21,24,23,15,8,7,20,3,12],[18,14,17,13,6,5,16,22,21,24,15,23,2,10,9,8,7,20,1,11,19,3,4,12],[6,2,10,9,22,21,5,18,17,14,13,16,24,23,15,7,20,3,4,12,8],[18,2,6,5,17,20,14,13,16,10,9,22,21,24,15,23,8,7,3,11,1,19],[18,6,5,17,20,2,14,13,16,10,9,22,21,24,23,15,8,7,4,1,12,19,3],[22,10,9,2,18,17,21,14,13,24,16,15,23,6,5,8,7,19,20,4,1,3,11,12],[10,22,9,2,14,13,21,16,24,23,15,6,5,18,17,8,7,20,3,11,4,12,19,1],[14,2,18,13,17,22,21,16,24,23,15,6,5,10,9,8,7,19,20,3,12,11,1,4],[18,10,9,2,22,17,21,14,13,24,16,23,15,6,5,8,7,20,1,19,11,12,3,4],[22,18,21,17,14,13,24,16,15,23,6,5,10,9,2,8,7,20,4,1,3,12,19],[22,18,17,21,14,13,16,24,23,15,6,5,2,10,9,8,7,19,20,4,1,3,12,11],[18,6,5,17,20,2,14,13,16,10,9,22,21,24,23,15,8,7,1,3,19,11,12,4],[14,6,5,13,8,16,15,7,2,18,17,22,21,24,23,10,9,20,1,11,19,12,3],[18,14,17,13,2,6,5,16,22,21,24,15,23,10,9,8,7,20,4,1,11],[22,18,17,21,6,5,2,10,9,14,13,24,16,23,15,8,7,20,1,3,11,4,12,19],[10,6,9,2,22,5,21,18,17,14,13,24,16,23,15,8,7,20,3,19,1,11,12,4],[18,10,9,6,5,17,8,14,13,16,15,7,22,21,24,23,2,19,20,4,1,11,3],[2,10,18,9,22,21,17,14,13,24,16,15,23,6,5,8,7,20,1,11,3,12,19],[14,22,21,13,24,16,23,15,2,6,5,18,17,10,9,8,7,20,1,4,19,11,3],[14,22,21,13,16,24,23,15,6,5,10,9,2,18,17,8,7,20,1,11],[18,14,17,13,2,6,5,8,16,7,22,21,24,15,23,10,9,20,3,11,4,1,19],[18,6,17,5,20,22,21,14,13,24,16,23,15,10,9,2,8,7,4,1,3,12],[22,18,21,17,6,5,10,9,14,13,16,24,23,15,2,8,7,20,3,4,11,19,1,12],[14,2,10,9,22,13,21,24,16,23,15,6,5,18,17,8,7,20,4,1,11,3,12],[14,18,17,13,6,5,8,16,7,15,2,10,9,22,21,24,23,20,3,4,1,12],[22,14,21,13,24,16,23,15,10,9,18,17,6,5,2,8,7,20,3,19,1,12,11,4],[10,22,9,6,5,21,14,13,24,16,23,15,18,17,2,8,7,20,4,1,11,3,19],[2,14,22,13,21,24,16,15,23,6,5,18,17,10,9,8,7,20,1,11],[22,2,6,5,21,10,9,18,17,14,13,16,24,15,23,8,7,19,20,4,1,3,11],[10,6,9,14,13,5,8,16,15,7,18,17,2,22,21,24,23,20,3,4,1,12,11,19],[2,6,14,13,5,16,10,9,18,17,22,21,24,23,15,8,7,20,4,1,12,3],[2,18,22,17,21,6,5,10,9,14,13,16,24,23,15,8,7,20,19,1,11,4,3],[22,14,21,13,24,16,23,15,18,17,2,10,9,6,5,8,7,20,1,11,19,3],[18,14,13,17,22,21,16,24,23,15,6,5,2,10,9,8,7,20,3,12,11,4,1,19],[2,22,18,17,21,14,13,16,24,15,23,6,5,10,9,8,7,20,4,1,12,19,3,11],[18,22,17,21,2,10,9,6,5,14,13,16,24,15,23,8,7,19,20,4,1,11,3,12],[2,6,22,5,21,18,17,10,9,14,13,16,24,15,23,8,7,20,1,19,12,11,3,4],[10,18,9,6,5,17,8,22,21,24,7,2,14,13,16,15,23,19,20,3],[10,2,6,5,9,22,21,14,13,16,24,15,23,18,17,8,7,20,3,12],[14,18,13,17,22,21,24,16,15,23,10,9,2,6,5,8,7,20,1,12,3,11,19],[18,10,17,9,14,13,22,21,24,16,15,23,2,6,5,8,7,20,4,1,11],[2,14,22,21,13,16,24,15,23,18,17,10,9,6,5,8,7,20,1,12,4,3],[18,2,14,17,13,10,9,6,5,16,22,21,24,15,23,8,7,20,1,12],[6,10,9,18,17,5,20,22,21,14,13,24,16,23,15,2,8,7,3,1],[10,18,9,2,6,5,17,8,22,21,24,7,14,13,16,23,15,20,1,11,4,3,19],[6,14,5,13,16,18,17,10,9,22,21,24,23,15,2,8,7,20,4,1,19,3,11,12],[22,10,21,9,18,17,14,13,24,16,15,23,6,5,2,8,7,19,20,3,1,11,12,4],[10,6,5,9,14,13,8,16,7,15,2,22,21,24,23,18,17,4,1,20,3,11],[22,6,5,21,10,9,14,13,24,16,23,15,18,17,2,8,7,20,1,12,4,3,19,11],[2,18,22,17,21,14,13,16,24,23,15,10,9,6,5,8,7,19,20,3,11,12,1],[2,6,22,5,21,18,17,14,13,16,24,15,23,10,9,8,7,20,4,1,3,12,19],[14,2,10,9,22,13,21,24,16,23,15,18,17,6,5,8,7,20,3,19,12,1,4],[6,2,10,9,22,21,5,14,13,24,16,15,23,18,17,8,7,11,20,4,1,19,3],[2,10,14,13,9,18,17,6,5,8,16,15,7,22,21,24,23,4,1,20,12,3,19,11],[2,18,10,17,9,6,5,20,22,21,14,13,16,24,15,23,8,7,1,11,19,12,4,3],[18,14,17,13,2,6,5,16,10,9,22,21,24,15,23,8,7,20,3,19,11],[6,10,5,9,18,17,20,22,21,14,13,16,24,15,23,2,8,7,3,11],[18,2,14,13,17,10,9,22,21,24,16,23,15,6,5,8,7,20,3,11,19,12],[14,10,13,9,6,5,8,16,7,2,15,22,21,24,23,18,17,3,20,12,1],[10,6,9,22,21,5,18,17,14,13,24,16,15,23,2,7,19,20,4,1,11,3,8,12],[2,10,22,21,9,18,17,14,13,24,16,15,23,6,5,8,7,20,1,11,19,3],[14,6,13,5,16,2,18,17,22,21,24,15,23,10,9,8,7,20,4,1,3,11,12,19],[2,22,10,21,9,18,17,6,5,14,13,24,16,23,15,8,7,19,20,3,11,12,1],[6,2,10,9,22,5,21,18,17,14,13,16,24,23,15,8,7,20,3,1,12,11],[6,2,22,5,21,18,17,14,13,24,16,15,23,10,9,8,7,20,4,1,3,11],[14,2,18,13,17,10,9,6,5,16,22,21,24,15,23,7,19,20,4,1,3,8,11,12],[18,6,17,5,8,22,21,24,7,10,9,23,2,14,13,16,15,1,20,12],[6,2,10,5,9,18,17,20,22,21,14,13,24,16,15,23,8,7,4,1,12,19,3,11],[14,10,13,9,6,5,16,22,21,24,15,23,18,17,2,8,7,20,4,1,11,3,12],[10,2,14,13,9,6,5,8,16,15,7,18,17,22,21,24,23,20,3,11,19,1,4],[2,18,10,17,9,22,21,6,5,14,13,16,24,23,15,8,7,20,4,1,3,12,11,19],[22,6,5,21,14,13,16,24,23,15,18,17,2,10,9,8,7,20,4,1,3,19,11],[14,2,22,21,13,24,16,23,15,10,9,18,17,6,5,8,7,20,1,11,4,12,3],[18,6,5,17,8,10,9,2,14,13,16,7,22,21,24,23,15,3,20,1,11,12,19,4],[6,18,17,5,20,2,14,13,16,22,21,24,15,23,10,9,8,7,4,1,3,19,11,12],[14,2,6,13,5,16,18,17,10,9,22,21,24,23,15,8,7,20,3,12,1],[22,18,17,21,14,13,24,16,15,23,2,10,9,6,5,8,7,19,20,3,1,12,4,11],[22,6,21,5,10,9,18,17,14,13,16,24,23,15,2,8,7,20,1,11,4],[10,18,9,6,5,17,8,14,13,16,7,2,15,22,21,24,23,19,20,4,1,3,12,11],[14,6,13,5,8,16,15,7,10,9,22,21,24,23,18,17,2,3,20,11,12,4,1,19],[14,18,13,17,2,22,21,24,16,15,23,10,9,6,5,8,7,20,12,3,1,4,11,19],[10,22,9,18,21,17,2,6,5,14,13,16,24,23,15,8,7,20,4,1,11,3,19],[6,10,9,2,14,13,5,16,18,17,22,21,24,23,15,7,19,20,4,1,8,11,3],[2,22,14,21,13,16,24,23,15,6,5,10,9,18,17,8,7,20,3,1,11,4,12,19],[18,22,17,21,2,14,13,24,16,15,23,6,5,10,9,8,7,20,3,19,4,1,12],[6,22,21,5,10,9,14,13,16,24,23,15,18,17,2,8,7,19,20,3,11,4,1],[22,10,21,9,6,5,14,13,16,24,23,15,18,17,2,8,7,19,20,4,1,12,3],[18,10,17,9,2,22,21,14,13,24,16,23,15,6,5,8,7,20,4,1,11,3,12,19],[18,6,5,17,20,22,21,10,9,2,14,13,16,24,15,23,8,7,1,12,3,11],[18,14,17,13,6,5,16,22,21,24,23,15,2,10,9,8,7,20,4,1,3,12,19,11],[2,18,10,9,22,21,17,6,5,14,13,16,24,15,23,8,7,20,1,19,11,12,3],[6,14,13,5,16,2,18,17,22,21,24,15,23,10,9,8,7,20,1,19,4,3,12,11],[14,18,17,13,6,5,16,2,10,9,22,21,24,15,23,8,7,19,20,4,1,3,11,12],[22,10,21,9,6,5,18,17,14,13,16,24,15,23,2,8,7,20,3,11,1,12],[18,2,6,17,5,20,10,9,22,21,14,13,16,24,15,23,8,7,4,1,12,3,11],[6,10,5,9,18,17,8,2,22,21,24,7,14,13,16,15,23,19,20,4,1,11],[14,22,13,21,24,16,23,15,6,5,18,17,2,10,9,8,7,20,4,1,3,12,11],[22,18,17,21,2,14,13,16,24,23,15,11,6,5,8,7,20,3,10,9],[10,22,9,2,6,21,5,18,17,14,13,24,16,15,23,8,7,19,20,1,4,11,3,12],[10,2,22,21,9,14,13,24,16,23,15,6,5,18,17,8,7,19,20,3,1,12,4,11],[6,18,5,17,20,22,21,10,9,2,14,13,24,16,15,23,8,7,1,12],[22,14,13,21,16,24,15,23,6,5,10,9,2,18,17,8,7,20,1,4,19,11,3],[14,22,21,13,16,24,15,23,6,5,10,9,18,17,2,8,7,20,1,11],[2,10,22,9,18,17,21,6,5,14,13,16,24,23,15,8,7,19,20,4,1,12,3],[6,2,18,17,5,20,14,13,8,16,7,10,9,22,21,24,23,15,3,19,12,4],[6,22,21,5,14,13,16,24,23,15,2,10,9,18,17,8,7,20,3,11,4,1],[2,14,18,13,17,6,5,16,22,21,24,15,23,10,9,8,7,20,1,4,3,12,19,11],[22,18,17,21,14,13,16,24,15,23,2,6,5,10,9,8,7,20,4,1,19,3,11,12],[10,2,6,5,9,18,17,20,14,13,16,22,21,24,23,15,7,4,1,11,8,3,12,19],[14,10,13,9,6,5,16,18,17,2,22,21,24,23,15,8,7,20,1,12,3,4,11],[6,22,21,5,18,17,2,10,9,14,13,24,16,15,23,8,7,20,4,1,11,19,12,3],[18,14,13,17,6,5,16,10,9,2,22,21,24,15,23,8,7,20,1,4,12,3,19,11],[6,14,13,5,8,16,15,7,10,9,18,17,22,21,24,23,2,19,20,4,1,11,3],[10,2,18,17,9,6,5,8,22,21,24,7,14,13,16,23,15,20,1,12,11,19,3],[22,18,17,21,6,5,10,9,14,13,16,24,15,23,2,8,7,1,20,12],[14,2,22,13,21,24,16,15,23,18,17,6,5,10,9,8,7,3,20,12],[10,22,9,18,17,21,14,13,16,24,15,23,6,5,2,8,7,20,4,1,3,11,12,19],[18,2,6,17,5,8,22,21,24,7,10,9,14,13,16,23,15,19,20,1,3],[14,2,18,17,13,10,9,6,5,16,22,21,24,23,15,8,7,20,4,1,3,12],[10,18,9,6,17,5,20,2,22,21,14,13,24,16,23,15,7,4,1,19,8,3,12,11],[18,10,9,6,17,5,8,14,13,16,7,15,22,21,24,23,2,20,3,12,1,4,19],[22,6,5,21,18,17,10,9,2,14,13,16,24,23,15,8,7,20,4,1,3,11,12,19],[2,18,10,9,22,17,21,14,13,24,16,23,15,6,5,8,7,19,20,1,12,4,3],[10,2,22,9,6,5,21,18,17,14,13,24,16,23,15,8,7,20,3,1,12,19],[2,6,14,13,5,8,16,7,18,17,22,21,24,23,15,10,9,20,3,11,19,4,1,12],[6,22,21,5,2,14,13,16,24,15,23,10,9,18,17,8,7,20,4,1,3,11,19],[10,2,14,13,9,22,21,16,24,15,23,6,5,18,17,8,7,20,1,4,19,12,3,11],[6,14,5,13,16,2,10,9,18,17,22,21,24,15,23,8,7,20,1,19,3,11,12],[14,10,9,18,13,17,22,21,24,16,15,23,2,6,5,8,7,4,1,19,20,12,3],[6,22,5,21,14,13,16,24,23,15,18,17,10,9,2,8,7,20,4,1,12,3],[14,2,18,17,13,10,9,22,21,24,16,23,15,6,5,8,7,19,20,4,1,3,12],[2,22,10,9,6,5,21,18,17,14,13,16,24,15,23,8,7,20,3,12,11,19],[14,2,6,13,5,16,10,9,22,21,24,23,15,18,17,8,7,19,20,1,11,12,3],[6,18,17,5,8,14,13,16,15,7,2,22,21,24,23,10,9,20,3,11,1,12],[14,2,10,13,9,18,17,22,21,24,16,15,23,6,5,8,7,20,1,19,11,4,3],[6,10,5,9,22,21,2,14,13,16,24,23,15,18,17,8,7,20,3,4,11],[2,6,14,5,13,16,22,21,24,23,15,18,17,10,9,8,7,19,20,1,11,12,4,3],[18,14,17,13,10,9,2,22,21,16,24,23,15,6,5,8,7,20,3,11,12,1,4,19],[18,2,6,5,17,20,10,9,14,13,16,22,21,24,23,15,8,7,3,1,12,4,11],[2,10,22,9,6,5,21,18,17,14,13,24,16,15,23,8,7,20,1,3,12,4,11],[2,14,10,9,22,21,13,16,24,23,15,18,17,6,5,8,7,20,3,19,4,11,12,1],[10,6,5,9,18,17,20,14,13,16,22,21,24,23,15,2,8,7,1],[22,2,10,21,9,14,13,24,16,23,15,18,17,6,5,8,7,20,4,1,3,12,11],[10,22,21,9,14,13,24,16,23,15,2,6,5,18,17,8,7,20,1,19,11,4,3],[18,6,17,5,20,14,13,16,10,9,22,21,24,15,23,2,7,1,3,11,8,4],[10,2,14,9,18,17,13,22,21,24,16,23,15,6,5,8,7,20,1],[2,22,18,21,17,10,9,6,5,14,13,16,24,23,15,8,7,19,20,3,12,11],[22,10,9,6,21,5,2,18,17,14,13,24,16,23,15,8,7,20,3,11,4,19,1],[18,10,9,6,17,5,8,22,21,24,7,14,13,16,15,23,2,20,4,1,11,3,12],[2,18,14,13,17,10,9,6,5,8,16,15,7,22,21,24,23,19,20,4,1,3,11,12],[22,14,13,21,24,16,23,15,10,9,6,5,18,17,2,8,7,20,3,1,11,12,19,4],[6,2,10,5,9,18,17,8,22,21,24,23,7,14,13,16,15,20,4,1,19,12,3,11],[14,2,22,13,21,24,16,23,15,18,17,10,9,6,5,8,7,20,1,12,3,4,19,11],[22,2,6,21,5,14,13,24,16,15,23,10,9,18,17,8,7,19,20,1,11,3],[18,10,17,9,2,14,13,22,21,16,24,23,15,6,5,7,20,8,4,1,3,11],[18,22,17,21,2,14,13,16,24,23,15,5,10,9,6,8,7,19,20,4,1,11,3],[10,6,5,9,2,14,13,16,18,17,22,21,24,23,15,8,7,20,1,4,19,12,3,11],[6,22,5,21,18,17,10,9,2,14,13,16,24,15,23,8,7,19,20,1,12],[6,18,17,5,8,22,21,24,23,7,14,13,16,15,10,9,2,20,4,1,3,12,19,11],[6,14,5,13,8,16,7,15,22,21,24,23,2,18,17,10,9,20,4,1,19,11,3,12],[22,14,13,21,16,24,15,23,6,5,10,9,2,18,17,8,7,20,1,3,12,4],[6,18,5,17,20,14,13,8,16,15,7,2,10,9,22,21,24,23,1,11,3],[2,14,22,21,13,16,24,15,23,18,17,6,5,10,9,8,7,20,3,19,4,12,1],[18,10,9,2,22,21,17,14,13,16,24,23,15,6,5,8,7,20,1,11,4,3,12,19],[10,6,9,18,5,17,8,14,13,16,7,15,22,21,24,23,2,20,4,1,3,11,12],[18,14,17,13,10,9,2,6,5,16,22,21,24,23,15,8,7,20,4,1,3,12,11,19],[10,2,18,9,6,17,5,8,22,21,24,23,7,14,13,16,15,20,3,1,19,12],[10,2,18,17,9,6,5,8,22,21,24,23,7,14,13,16,15,20,3,12,1,19],[18,2,10,17,9,6,5,20,22,21,14,13,24,16,15,23,8,7,1,3,12,11,4,19],[14,6,5,13,16,22,21,24,23,15,2,18,17,10,9,8,7,20,3,11],[2,10,22,21,9,18,17,14,13,16,24,15,23,6,5,8,7,20,3,11,1,4],[6,22,5,21,2,14,13,24,16,23,15,10,9,18,17,8,7,20,3,11,1,19,4,12],[6,18,17,5,20,14,13,8,16,15,7,2,10,9,22,21,24,23,4,1,19,12,11,3],[2,14,6,13,5,16,18,17,22,21,24,15,23,10,9,8,7,20,3,11,19,12,4,1],[10,6,9,22,21,5,14,13,24,16,15,23,18,17,2,8,7,20,1,3,11,4,19,12],[6,10,5,9,18,17,8,22,21,24,23,7,14,13,16,15,2,19,20,4,1,11,12,3],[22,14,21,13,16,24,15,23,6,5,10,9,18,17,2,8,7,20,4,1,3,12,19,11],[2,14,22,21,13,24,16,23,15,6,5,10,9,18,17,8,7,20,1,19,12,11,4,3],[6,22,21,5,10,9,18,17,14,13,24,16,15,23,2,8,7,20,4,1,12,3,11,19],[22,14,21,13,24,16,15,23,18,17,10,9,6,5,2,8,7,20,4,1,3,12,11,19],[14,6,13,5,16,22,21,24,15,23,2,18,17,10,9,8,7,20,1,12,3],[2,14,22,13,21,24,16,23,15,18,17,6,5,10,9,8,7,20,4,1,3,11,12,19],[22,10,9,2,14,13,21,16,24,15,23,6,5,18,17,8,7,20,4,1,3],[14,22,21,13,16,24,15,23,18,17,6,5,1,10,9,2,8,7,20,3,11,19,12,4],[18,6,17,5,8,10,9,2,22,21,24,7,14,13,16,23,15,1,20,12],[6,18,5,17,8,2,10,9,14,13,16,15,7,22,21,24,23,19,20,4,1,12,3],[18,2,22,17,21,10,9,14,13,24,16,15,23,6,5,8,7,19,20,1,4,11],[14,22,13,21,16,24,15,23,2,11,6,5,18,17,8,7,1,20,12,9,19,10],[2,18,22,21,17,6,5,14,13,24,16,15,23,10,9,8,7,20,1,12,3,4],[6,22,5,21,14,13,16,24,23,15,10,9,2,18,17,8,7,20,3,19,11,1,4,12],[14,2,6,5,13,16,10,9,22,21,24,23,15,18,17,8,7,20,3,19,12,1,4],[2,18,6,17,5,8,22,21,24,7,14,13,16,23,15,10,9,20,1,19,4,12,3],[2,6,14,5,13,16,18,17,22,21,24,15,23,10,9,8,7,20,1,12],[6,22,21,5,14,13,16,24,23,15,18,17,2,10,9,8,7,20,3,19,12,4,1,11],[18,2,10,17,9,22,21,14,13,24,16,23,15,6,5,8,7,19,20,3,11,1],[14,6,13,5,16,18,17,2,22,21,24,23,15,10,9,8,7,20,1,12,11,3,19,4],[6,10,9,22,21,5,2,14,13,24,16,15,23,18,17,7,19,20,4,1,12,8,3,11],[2,6,22,21,5,10,9,18,17,14,13,24,16,23,15,8,7,19,20,4,1,3,11,12],[22,10,9,2,6,21,5,18,17,14,13,16,24,23,15,8,7,20,4,1,11,3,19,12],[10,2,6,5,9,18,17,20,14,13,16,22,21,24,15,23,8,7,4,1,11,3,19],[18,14,13,17,22,21,16,24,15,23,2,6,5,10,9,8,7,19,20,4,1,3,11,12],[18,22,21,17,6,5,10,9,2,14,13,24,16,23,15,8,7,20,1,3,12,4,11,19],[2,10,22,9,18,21,17,14,13,24,16,23,15,6,5,8,7,20,3,4,11,12,19],[10,14,9,22,13,21,16,24,15,23,18,17,6,5,2,8,7,19,20,1,12],[22,14,13,21,16,24,23,15,10,9,6,5,2,18,17,8,7,20,1,19,11],[18,10,17,9,22,21,6,5,2,14,13,24,16,15,23,8,7,20,3,11,4,1,19],[14,6,13,5,8,16,7,22,21,24,23,15,2,18,17,10,9,20,4,1,11,3,19],[2,22,14,21,13,24,16,15,23,10,9,6,5,18,17,8,7,20,4,1,12,3],[6,2,18,5,17,8,22,21,24,7,14,13,16,15,23,10,9,20,1,12,3],[2,6,18,5,17,8,14,13,16,15,7,22,21,24,23,10,9,20,4,1,3,12],[10,22,21,9,14,13,16,24,15,23,6,5,2,18,17,8,7,20,1,12,3],[14,10,13,9,6,5,16,18,17,22,21,24,15,23,2,8,7,20,4,1,11,3,19],[2,22,18,17,21,6,5,14,13,24,16,23,15,10,9,8,7,20,4,1,12,3],[18,14,17,13,10,9,6,5,16,22,21,24,23,15,2,8,7,20,1,4,11,3,19],[10,2,18,17,9,6,5,8,14,13,16,7,22,21,24,15,23,20,1,12,4,3,19,11],[14,10,13,9,18,17,22,21,16,24,15,23,6,5,2,8,7,20,3,1,4,12,11],[6,22,5,21,2,14,13,16,24,15,23,10,9,18,17,8,7,3,20,19,12,1,4,11],[2,22,18,17,21,10,9,14,13,24,16,23,15,6,5,8,7,20,1,11,4,12,3],[18,22,17,21,2,6,5,14,13,24,16,15,23,10,9,8,7,20,1,19,11],[18,10,9,14,13,17,6,5,16,2,22,21,24,15,23,8,7,20,4,1,3,12,11],[22,18,21,17,14,13,24,16,15,23,2,10,9,6,5,8,7,20,1,4,3,11,19],[14,10,9,22,21,13,24,16,23,15,18,17,2,6,5,8,7,1,19,20,12,3,4,11],[18,2,6,5,17,20,22,21,10,9,14,13,24,16,23,15,8,7,1,12,3,4,11,19],[18,2,22,21,17,10,9,6,5,14,13,24,16,23,15,8,7,1,19,20,12,3,11],[14,2,22,13,21,16,24,23,15,6,5,18,17,10,9,8,7,20,1,11,19,3,12,4],[14,22,13,21,24,16,15,23,6,5,18,17,2,10,9,8,7,20,3,1,12,4,19],[14,22,13,21,24,16,23,15,10,9,2,18,17,6,5,8,7,20,4,1,19,3,11],[22,14,13,21,16,24,23,15,2,10,9,18,17,6,5,7,20,1,19,3,12,8,4],[18,6,5,17,20,2,14,13,16,22,21,24,15,23,10,9,8,7,4,1,12,19,3,11],[6,10,5,9,22,21,14,13,24,16,15,23,18,17,2,8,7,1,20,11,12,4,3,19],[22,18,17,21,6,5,14,13,16,24,23,15,2,10,9,8,7,20,1,19,11,3],[10,18,17,9,6,5,20,14,13,16,2,22,21,24,15,23,8,7,3,12,19,1],[14,10,9,6,13,5,8,16,7,2,22,21,24,15,23,18,17,20,4,1,11,19,12,3],[10,18,9,2,14,13,17,6,5,16,22,21,24,23,15,8,7,20,1,4,19,3,11],[2,22,14,13,21,24,16,15,23,18,17,6,5,10,9,8,7,20,4,1,11],[18,10,9,2,6,17,5,8,22,21,24,7,14,13,16,23,15,20,3,12,4,1,19,11],[10,22,9,2,18,21,17,6,5,14,13,16,24,23,15,8,7,20,4,1,3,11],[22,14,13,21,24,16,15,23,10,9,6,5,2,18,17,8,7,19,20,3,1,11],[18,2,6,17,5,20,10,9,14,13,8,16,15,7,22,21,24,23,3,11,1,19],[14,22,21,13,24,16,15,23,2,18,17,10,9,6,5,8,7,19,20,3,11,12],[18,10,17,9,2,6,5,20,14,13,8,16,15,7,22,21,24,23,3,1,11,19],[22,6,21,5,10,9,2,18,17,14,13,24,16,23,15,8,7,20,3,12,1