{"problem_id":"lcfXaR6QfcKDJzs","sigma":75,"alpha":0.100,"cost":0,"probabilities":"[0.03000000000000001, 0.01, 0.23, 0.73]","payoff_matrix":"[[128, 26, 20, 25, 133, -127], [108, 2, -46, -12, -18, 102], [-104, 14, -22, 77, 55, 178], [8, -28, 37, -43, -44, 73]]","uncovered":[[20,12,4,8,24,16,11,23],[24,16,20,12,4,8,11,23,5],[4,24,8,12,20,16,23],[4,24,12,20,16,8,11,23],[4,12,24,16,20,8,23],[8,12,24,4,16,20,11,23,17],[8,24,16,20,4,12,11,23],[4,12,8,16,24,20,11,23],[20,8,16,24,4,12,23],[24,20,12,16,4,8,23,18],[24,12,8,20,4,16,11,23],[24,8,20,4,12,16,11,23],[24,16,20,4,8,12,11,23],[24,20,8,16,12,4,23],[8,4,24,16,12,20,11,23],[16,8,4,20,24,12,23],[20,16,12,4,8,24,11,23],[8,20,4,12,24,16,23],[24,12,20,8,4,16,11,23],[24,8,4,16,12,20,23],[12,16,4,8,24,20,23],[24,20,12,8,4,16,23],[4,16,12,8,20,24,23],[12,8,24,20,4,16,11,23],[20,16,8,12,24,4,23],[12,20,8,4,24,16,11,23],[24,8,20,4,16,12,11,23],[20,12,24,16,4,8,11,23],[16,4,20,8,24,12,23],[20,8,16,12,24,4,23],[8,24,20,4,16,12,23],[24,16,8,4,20,12,11,23,10],[20,12,24,4,16,8,23],[4,20,8,12,24,16,23],[16,8,24,4,20,12,23],[8,12,16,4,24,20,11,23],[4,20,24,8,16,12,23],[20,16,12,8,4,24,11,23],[12,16,8,20,24,4,11,23],[4,8,24,16,20,12,11,23],[4,12,24,16,20,8,11,23],[16,8,4,12,24,20,11,23],[8,20,12,16,24,4,23,2],[4,24,16,20,8,12,11,23],[16,24,4,12,20,8,11,23],[8,16,4,24,20,12,11,23],[12,20,16,8,4,24,11,23],[12,24,20,8,4,16,11,23],[20,24,12,4,8,16,11,23],[20,12,16,8,4,24,11,23],[8,12,16,20,24,4,23],[4,12,20,8,16,24,11,23],[16,8,24,20,12,4,23],[4,8,24,20,12,16,11,23],[4,20,24,8,12,16,23],[8,12,24,4,16,20,11,23],[8,16,12,24,4,20,23],[24,4,20,8,12,16,11,23],[8,16,20,24,12,4,11,23],[24,16,8,4,12,20,11,23],[16,4,20,12,24,8,11,23],[4,8,24,12,20,16,23],[24,8,16,4,12,20,11,23],[8,20,24,12,16,4,23],[8,20,4,16,24,12,23,17],[12,8,20,16,24,4,23],[12,4,20,8,16,24,23,10],[20,24,12,8,16,4,23],[20,4,12,16,8,24,23],[20,4,12,8,16,24,11,23],[12,4,20,16,24,8,11,23,17,7],[4,12,24,20,16,8,11,23],[20,12,4,16,24,8,23,7],[20,16,4,24,12,8,11,23],[12,16,8,4,20,24,23],[12,8,16,24,4,20,23],[16,24,12,4,20,8,11,23],[12,24,20,16,4,8,11,23],[4,20,12,8,16,24,11,23],[20,8,4,12,16,24,11,23],[16,12,24,8,20,4,23],[8,12,16,20,24,4,23,6],[20,24,12,16,8,4,11,23],[20,4,12,24,16,8,23],[20,12,24,8,16,4,11,23],[8,4,24,16,12,20,23],[16,24,4,8,12,20,23,19],[24,12,4,8,16,20,23],[12,24,8,16,4,20,23],[12,24,20,8,4,16,23],[4,24,16,20,12,8,23],[16,20,12,4,24,8,11,23],[8,20,12,16,4,24,23,10],[20,8,16,12,24,4,23],[24,8,20,12,16,4,11,23],[16,8,12,20,24,4,23],[16,4,20,8,12,24,11,23],[24,20,12,4,8,16,23],[24,20,4,8,16,12,11,23],[24,4,16,8,20,12,23],[8,4,16,12,24,20,11,23],[8,20,12,16,4,24,23],[24,20,8,16,12,4,23],[8,24,20,4,12,16,23],[12,4,8,24,20,16,23],[12,8,4,16,20,24,11,23],[12,20,16,24,4,8,11,23],[16,20,24,8,12,4,11,23],[12,8,4,24,16,20,23],[24,12,8,4,16,20,11,23],[20,4,12,24,8,16,11,23],[16,4,8,20,12,24,23],[12,4,20,24,16,8,23],[24,20,8,16,12,4,11,23],[16,4,24,8,20,12,23],[20,12,8,4,24,16,11,23],[12,8,20,24,4,16,23,6],[12,8,24,16,20,4,23],[8,12,24,16,4,20,11,23],[8,20,24,12,4,16,23],[20,12,24,16,4,8,11,23],[24,12,16,8,4,20,11,23,1],[20,8,12,16,4,24,11,23],[12,24,4,8,20,16,23],[12,24,16,4,20,8,11,23],[24,12,4,8,20,16,11,23],[24,8,4,12,20,16,11,23],[20,16,24,8,12,4,11,23],[4,12,20,8,16,24,11,23],[20,16,4,8,24,12,23],[20,16,4,24,8,12,11,23,21],[12,24,4,16,8,20,11,23],[4,20,24,8,12,16,23],[12,8,20,4,16,24,23],[20,4,24,12,8,16,11,23],[8,20,24,16,4,12,23,13],[20,24,4,12,16,8,23],[12,20,24,16,8,4,11,23],[20,12,16,8,4,24,11,23],[20,24,8,4,16,12,23],[16,12,24,4,8,20,23],[12,20,16,24,4,8,11,23],[12,24,20,16,8,4,23],[12,24,20,16,4,8,23],[16,20,4,8,24,12,11,23,13],[16,24,12,4,8,20,23],[12,20,24,8,4,16,23],[16,24,20,4,12,8,23],[24,12,20,8,4,16,23],[20,4,8,12,24,16,23,11],[12,20,16,4,24,8,11,23,2],[16,24,12,8,20,4,11,23],[8,16,20,12,4,24,23],[24,20,8,16,4,12,23],[20,4,12,8,16,24,23],[24,4,12,16,8,20,11,23],[24,16,12,20,8,4,11,23],[12,20,24,8,4,16,11,23],[12,20,16,8,24,4,11,23],[8,4,20,24,12,16,23],[12,8,20,4,16,24,23],[8,20,4,16,24,12,11,23],[12,16,8,4,20,24,11,23],[16,24,4,20,8,12,11,23],[16,8,4,24,20,12,23],[12,24,8,16,20,4,11,23],[24,12,8,16,4,20,11,23],[24,4,16,20,8,12,23],[24,8,16,20,4,12,23],[8,24,20,4,12,16,11,23],[20,4,16,8,24,12,23,9,15],[4,20,16,12,8,24,11,23],[16,4,20,12,8,24,11,23],[8,20,24,16,4,12,11,23],[12,8,4,20,16,24,23,15],[8,4,12,20,16,24,23],[24,20,4,16,12,8,11,23],[20,8,4,24,12,16,23],[8,16,24,4,20,12,23],[4,12,8,24,20,16,23],[4,20,24,16,8,12,11,23],[20,16,4,12,24,8,23],[4,24,12,16,20,8,11,23],[20,16,4,24,8,12,11,23],[20,4,24,16,8,12,11,23],[24,12,4,8,16,20,23],[12,24,8,20,16,4,23],[24,16,4,8,20,12,23],[16,8,24,12,20,4,23,15],[4,8,24,16,20,12,23,7],[12,8,24,16,20,4,23],[4,16,20,24,12,8,11,23],[20,16,4,24,8,12,23],[12,4,16,20,24,8,23],[4,12,8,16,24,20,23],[16,4,8,20,24,12,23],[4,20,24,8,16,12,23],[24,8,12,4,16,20,23],[8,4,16,12,24,20,23],[24,12,8,4,16,20,23],[4,24,20,8,16,12,11,23],[20,16,4,8,24,12,11,23,13],[8,12,20,24,16,4,11,22,23],[24,16,8,12,4,20,23],[4,8,12,24,16,20,23],[24,12,4,20,8,16,11,23,18],[4,8,12,20,24,16,23],[24,4,16,20,8,12,23],[12,8,20,4,16,24,11,23],[24,8,12,4,16,20,11,23],[20,8,24,4,12,16,23],[20,24,16,4,12,8,23],[16,20,24,4,12,8,11,23],[20,4,8,24,12,16,23],[24,12,16,4,20,8,11,23,19],[20,16,8,12,4,24,11,23],[4,8,24,12,16,20,11,23],[24,4,16,20,12,8,11,23],[8,20,16,4,12,24,23],[24,16,20,12,4,8,11,22,23],[16,24,12,20,8,4,23],[24,20,8,16,4,12,23],[12,20,8,4,16,24,23],[16,24,8,12,20,4,11,23],[20,24,12,4,8,16,11,23],[20,12,4,16,8,24,11,23],[12,4,24,8,20,16,11,23],[8,4,24,16,20,12,11,23],[12,4,24,16,8,20,23],[20,8,4,24,12,16,23],[12,20,4,8,16,24,11,23],[24,4,8,12,16,20,23],[8,4,20,24,12,16,11,23],[12,4,24,8,20,16,11,23],[8,12,20,4,16,24,23],[24,20,16,4,8,12,23],[24,12,4,20,8,16,11,23],[20,8,4,16,12,24,23,15],[12,24,16,4,8,20,11,23],[16,4,12,8,20,24,11,23],[20,8,24,16,12,4,23],[12,20,4,8,24,16,11,23],[24,16,8,12,4,20,11,23],[16,8,12,20,24,4,11,23],[8,4,20,12,16,24,23],[20,16,24,4,12,8,23],[8,4,16,20,12,24,11,23],[24,4,16,12,20,8,23],[12,4,8,16,20,24,23],[24,4,20,8,16,12,11,23],[8,20,24,16,12,4,11,23],[12,16,20,24,4,8,23],[20,12,4,16,24,8,23,18,15],[4,20,16,8,24,12,11,23],[12,4,8,24,16,20,23],[24,12,20,16,4,8,11,23],[24,16,4,12,20,8,11,21,23],[12,4,8,20,24,16,23],[20,24,8,12,4,16,23,19,5],[8,24,20,4,16,12,23],[16,4,8,12,20,24,23],[20,24,12,16,8,4,11,23],[20,12,24,4,8,16,23],[12,8,20,4,24,16,23,9],[8,12,24,16,4,20,23],[12,8,24,16,4,20,23],[8,4,16,20,12,24,23,3],[20,16,24,4,8,12,23],[16,8,4,24,12,20,11,23],[4,20,24,8,12,16,11,23],[20,4,16,12,24,8,23],[16,24,12,8,20,4,23],[20,8,12,4,16,24,23,3],[12,20,24,4,16,8,11,23],[20,24,16,12,8,4,11,23],[12,8,4,24,20,16,23],[12,20,8,16,24,4,23],[24,4,12,16,8,20,11,23],[24,20,4,12,8,16,23,2],[8,24,12,4,20,16,23],[8,24,16,12,4,20,23],[20,12,8,16,24,4,23],[12,4,16,8,24,20,11,23],[4,20,16,24,8,12,11,23],[8,20,4,16,24,12,23,6],[4,16,20,12,8,24,23],[8,24,4,20,16,12,11,23],[16,4,24,20,12,8,11,23],[16,24,8,4,20,12,11,23,10],[4,24,20,12,8,16,23],[8,12,16,4,24,20,11,23],[12,24,20,8,4,16,11,23],[16,20,24,4,8,12,11,23],[8,12,16,4,24,20,11,23],[8,4,20,16,24,12,23],[24,12,8,20,4,16,23],[24,16,4,12,20,8,11,23],[4,8,20,16,24,12,11,23],[24,4,8,12,16,20,11,23],[20,16,12,24,4,8,11,23],[24,16,20,8,4,12,11,23],[8,24,4,16,12,20,11,23],[24,16,4,20,8,12,23],[20,16,8,12,4,24,11,23],[8,24,12,4,20,16,11,23],[20,16,12,8,24,4,11,23],[12,4,20,16,24,8,23],[20,4,16,12,24,8,11,23],[8,4,16,12,24,20,11,23],[12,4,8,16,24,20,23],[20,12,24,4,16,8,11,23],[24,4,8,12,20,16,23],[16,20,8,4,12,24,23],[12,8,20,16,4,24,11,23],[8,16,20,12,24,4,11,23],[12,16,20,8,4,24,23],[24,8,16,4,20,12,23],[16,4,20,8,12,24,23],[16,12,4,8,24,20,11,23],[24,16,20,4,8,12,23],[20,16,8,4,24,12,11,23],[8,4,12,24,20,16,23],[16,24,4,20,12,8,11,23],[16,8,12,4,24,20,23],[4,12,16,20,24,8,11,23],[8,4,20,12,24,16,23],[12,16,20,4,24,8,23],[4,8,20,16,12,24,11,23],[4,24,12,20,8,16,11,23],[24,4,12,20,16,8,11,23],[12,16,20,4,8,24,23],[20,12,24,4,8,16,23],[8,24,12,16,4,20,11,23],[16,24,4,12,8,20,11,23],[24,4,20,16,12,8,11,23],[24,20,4,16,12,8,23],[16,8,20,4,12,24,11,23],[8,4,12,24,20,16,23],[20,24,8,16,4,12,11,23],[16,4,12,8,20,24,11,23],[8,20,12,24,16,4,11,23],[24,20,8,4,16,12,11,23,1],[8,4,24,16,12,20,23],[20,12,4,16,24,8,23],[24,8,12,4,20,16,23],[12,8,24,20,4,16,11,23],[24,16,12,8,20,4,23],[12,16,24,8,4,20,11,23],[8,4,20,24,12,16,23],[16,8,4,24,20,12,23],[4,8,12,24,20,16,23],[12,20,4,16,24,8,11,23,6],[16,20,8,4,12,24,23,11,22],[12,16,8,24,20,4,23],[4,24,16,8,20,12,11,23],[16,12,24,8,20,4,11,23],[24,20,12,4,16,8,11,23],[24,4,8,16,20,12,11,23],[24,12,4,20,8,16,11,23],[4,20,12,24,8,16,11,23],[8,20,24,16,4,12,11,23],[8,16,12,20,24,4,11,23],[4,24,12,20,8,16,11,23],[8,12,24,20,4,16,23],[12,20,4,16,8,24,11,23],[16,8,12,20,4,24,23],[24,4,12,8,20,16,23],[12,20,24,4,8,16,23,14],[20,4,8,16,12,24,23],[8,16,12,4,24,20,23],[20,24,12,16,8,4,23],[24,16,12,4,20,8,11,23],[20,12,16,4,24,8,23],[8,4,16,24,20,12,11,23],[24,16,20,4,8,12,23],[20,12,24,4,8,16,23],[4,20,8,16,12,24,11,23],[4,12,24,20,8,16,23],[24,20,8,16,12,4,11,23],[4,12,16,24,20,8,11,23],[8,24,20,12,16,4,11,23],[24,4,8,16,20,12,23],[16,24,8,4,20,12,11,23,1],[24,12,20,8,4,16,11,23],[20,8,24,16,4,12,23],[20,4,12,16,8,24,11,23],[20,16,8,4,24,12,11,23,17],[12,4,16,24,20,8,23],[20,24,8,4,16,12,23,9],[16,8,20,4,12,24,11,23],[4,8,12,16,20,24,23],[8,12,4,20,24,16,11,23],[20,4,24,8,12,16,23],[8,12,24,20,4,16,11,23],[8,12,20,4,16,24,23],[16,12,4,20,8,24,23],[12,4,8,16,20,24,11,23,13],[20,4,8,16,24,12,23],[12,16,24,4,20,8,11,23],[12,16,20,8,4,24,23],[20,24,8,12,4,16,23],[24,20,4,12,16,8,23],[16,4,8,12,20,24,23],[20,4,8,24,16,12,23],[4,20,16,24,8,12,23],[4,24,20,16,12,8,11,23],[8,4,12,16,24,20,23,9],[8,4,12,16,24,20,11,23],[8,4,16,24,12,20,23],[12,20,8,16,24,4,23],[12,16,20,8,4,24,23],[24,8,20,4,12,16,23],[8,4,12,20,24,16,11,23],[4,8,16,12,24,20,11,23],[4,20,24,12,16,8,23],[12,4,24,16,20,8,23,11],[4,8,24,20,12,16,11,23,1,7],[24,16,8,4,12,20,23],[24,12,4,16,8,20,11,23],[24,12,8,4,20,16,11,23],[16,24,4,8,12,20,23],[20,16,12,4,24,8,11,23],[20,16,8,12,4,24,11,23],[16,4,24,12,20,8,11,23],[20,4,8,24,12,16,11,23],[24,20,8,4,12,16,23],[4,20,8,16,12,24,23],[4,20,24,12,8,16,11,23],[16,8,4,20,12,24,11,23],[24,16,20,8,12,4,11,23],[4,24,8,12,20,16,11,23],[4,16,24,12,20,8,11,23],[12,20,8,16,24,4,11,23,21],[20,4,8,24,16,12,11,23],[16,12,24,4,8,20,23],[24,16,8,12,4,20,23],[16,4,8,24,12,20,11,23],[12,4,24,8,16,20,11,23],[8,4,16,20,24,12,23],[12,20,8,24,16,4,23],[12,24,16,4,8,20,11,23],[8,4,16,12,24,20,11,23],[4,8,12,20,16,24,23],[8,20,24,12,4,16,11,23],[24,16,4,20,12,8,11,23],[24,20,4,12,8,16,11,23],[4,8,20,16,24,12,23],[16,12,4,24,20,8,11,23],[12,16,4,8,20,24,23],[24,12,16,4,8,20,11,23],[20,12,8,4,16,24,23],[20,4,16,8,12,24,23],[24,20,4,16,8,12,11,23],[8,16,12,20,4,24,11,23],[8,12,24,16,4,20,23],[24,12,16,8,20,4,11,23],[8,12,16,4,24,20,23],[24,4,12,8,20,16,11,23],[20,12,16,4,8,24,11,23],[20,12,8,24,4,16,23],[4,16,12,8,20,24,11,23],[4,16,20,12,8,24,11,23],[4,12,8,24,20,16,23],[16,8,24,4,20,12,23],[20,12,4,16,8,24,11,23],[20,16,4,12,8,24,11,23],[16,8,12,24,4,20,23],[12,24,16,8,4,20,11,23],[16,24,20,8,4,12,11,22,23],[20,8,16,4,24,12,11,23],[12,16,20,24,8,4,11,23,2],[4,12,8,24,20,16,11,23],[16,12,8,20,4,24,23],[12,4,20,8,24,16,23],[4,12,20,24,16,8,23],[4,24,16,20,8,12,11,23],[12,4,20,16,24,8,11,23],[12,4,20,8,16,24,23],[4,8,20,24,12,16,11,23],[12,8,4,24,16,20,11,23],[16,24,12,8,20,4,11,23],[16,4,12,20,8,24,11,23,5],[24,20,8,12,4,16,11,23],[24,8,16,12,4,20,23],[16,24,4,12,8,20,23],[8,12,24,4,16,20,11,23],[20,16,12,8,24,4,11,23],[12,8,24,20,16,4,11,23],[12,16,20,24,8,4,23],[16,20,12,4,24,8,11,23],[20,24,4,12,8,16,23],[16,24,20,4,12,8,11,23],[24,8,4,16,12,20,23],[16,4,8,12,24,20,23,19],[8,4,12,20,16,24,23],[24,20,4,16,12,8,23],[4,8,20,12,16,24,11,23],[20,8,4,16,12,24,23,14],[20,12,24,4,8,16,23],[8,12,20,24,16,4,11,23],[24,8,20,12,16,4,11,23],[12,4,8,24,16,20,23],[24,8,20,4,12,16,11,23],[4,16,8,20,12,24,23],[20,4,24,16,8,12,11,23],[16,12,24,4,8,20,23],[12,8,20,4,16,24,11,23],[8,16,24,20,4,12,11,23],[24,8,4,20,16,12,23],[24,8,12,4,16,20,23],[4,12,20,8,24,16,11,23],[24,20,8,4,12,16,11,23],[24,4,8,12,20,16,11,23],[12,8,4,16,24,20,11,23],[4,24,16,20,12,8,11,23],[4,8,24,16,12,20,11,23],[24,20,8,12,16,4,11,23],[8,20,16,12,24,4,11,23],[4,24,16,8,20,12,23],[20,24,12,8,16,4,23],[24,20,8,4,16,12,11,23],[12,24,8,16,4,20,11,23],[4,24,16,8,12,20,11,23],[20,8,12,24,16,4,23],[24,20,12,4,8,16,23],[16,8,12,20,4,24,23],[12,4,24,8,16,20,11,23],[24,16,8,20,12,4,11,23],[20,24,16,12,4,8,11,23,18],[24,16,12,20,4,8,23],[4,12,16,24,20,8,11,23],[4,8,24,16,20,12,23],[12,20,8,4,16,24,11,23],[8,20,24,12,4,16,23],[8,16,20,4,24,12,23,22],[24,4,20,12,16,8,11,23],[4,16,20,12,24,8,23],[16,12,20,8,24,4,11,23],[4,20,12,8,24,16,23],[12,16,4,20,8,24,11,23],[24,8,20,4,16,12,11,23],[4,12,16,24,8,20,11,23],[16,8,12,20,24,4,11,23],[24,12,8,16,20,4,23],[20,12,16,4,8,24,11,23],[4,20,16,8,12,24,23],[20,24,8,12,4,16,23],[24,16,8,4,20,12,23,13],[8,16,24,4,20,12,23],[4,12,16,24,20,8,11,23,14],[12,24,16,20,4,8,11,23],[20,12,16,4,8,24,23],[12,16,8,24,4,20,11,23],[20,4,24,12,16,8,11,23],[20,16,12,8,24,4,11,23],[24,8,20,12,16,4,23],[8,24,20,16,4,12,23],[16,8,24,4,20,12,23],[12,20,8,4,16,24,23],[16,12,4,24,8,20,11,23],[12,24,16,8,4,20,11,23],[16,8,24,12,20,4,11,23],[8,4,12,16,20,24,23],[12,16,24,8,20,4,23],[24,12,20,8,16,4,23,21],[4,16,8,24,12,20,11,23],[24,12,16,20,4,8,23],[24,4,16,8,20,12,11,23],[24,8,4,16,12,20,23],[24,8,20,4,12,16,11,23],[8,20,16,4,24,12,11,23],[16,24,20,12,8,4,11,23,21],[12,20,24,16,8,4,23],[4,16,8,12,20,24,11,23],[16,8,4,24,12,20,23],[4,20,8,12,24,16,23],[24,16,4,20,12,8,11,23],[4,16,12,20,8,24,11,23,3],[16,20,12,8,24,4,23],[24,20,4,12,8,16,23],[12,16,20,4,24,8,23],[16,8,4,20,12,24,11,23],[4,24,16,20,12,8,23],[20,8,24,16,4,12,11,23],[16,8,24,20,12,4,11,23],[20,12,24,16,4,8,23],[16,20,24,4,12,8,23],[16,20,24,12,8,4,23],[4,24,12,8,20,16,23,2],[4,16,8,12,24,20,11,23],[16,8,12,20,4,24,11,21,23],[16,24,8,20,12,4,11,23],[16,24,8,4,20,12,11,21,23,9,5],[16,12,8,4,20,24,11,23],[4,16,12,24,20,8,11,23],[12,8,4,24,16,20,11,23,7],[24,4,8,20,16,12,11,23],[12,8,20,24,16,4,23],[12,24,16,20,8,4,23,14],[4,24,12,8,20,16,11,23],[16,12,20,4,8,24,11,23],[20,12,4,16,24,8,23],[8,4,20,12,16,24,23],[24,8,4,20,16,12,23],[4,12,8,16,20,24,23],[16,24,8,20,12,4,11,23],[20,8,24,4,16,12,11,23],[16,8,12,24,4,20,11,23],[20,12,16,4,8,24,23],[12,8,24,4,16,20,11,23],[24,12,4,8,16,20,11,23],[20,8,4,16,24,12,23],[16,24,4,8,20,12,23],[24,12,8,16,4,20,11,23],[8,20,24,4,16,12,11,23],[24,20,16,4,12,8,11,23],[8,20,4,24,12,16,11,23],[24,16,20,12,8,4,11,23],[16,4,20,12,8,24,11,23],[8,16,20,12,24,4,23],[4,20,12,24,8,16,23],[20,12,16,4,24,8,11,23],[24,16,4,12,20,8,23],[20,16,12,24,4,8,23],[16,8,24,4,20,12,23],[4,20,16,24,12,8,23,18],[20,12,4,8,16,24,23],[8,4,24,16,12,20,23],[20,16,4,8,24,12,23],[24,16,4,12,8,20,11,23],[20,16,24,12,8,4,11,23],[12,4,20,24,8,16,23],[16,4,8,20,12,24,23],[8,16,20,12,4,24,11,23],[24,4,16,12,20,8,23,18],[4,8,24,16,20,12,11,23],[24,20,8,16,4,12,23],[4,16,20,24,8,12,23],[8,24,12,16,4,20,23],[24,8,4,20,16,12,23,10],[24,12,16,8,20,4,23],[24,12,4,16,8,20,23],[20,24,12,8,16,4,11,23,2],[4,12,16,24,20,8,23],[24,4,12,8,20,16,23],[24,12,8,4,20,16,23],[24,8,4,16,12,20,11,23],[16,12,4,8,20,24,23],[24,20,16,4,12,8,23],[24,12,16,20,4,8,23],[12,24,16,8,20,4,23],[8,24,16,4,12,20,23],[16,20,4,8,12,24,11,23],[8,20,16,4,24,12,11,23],[20,8,16,24,4,12,11,23],[8,4,24,12,20,16,23],[24,8,16,20,4,12,11,23],[8,20,16,24,4,12,11,23],[20,16,12,8,24,4,23],[4,12,24,16,20,8,11,23],[8,16,12,4,24,20,23],[24,12,16,8,4,20,23],[4,12,8,24,16,20,11,23],[24,16,8,12,20,4,23,11],[24,16,4,12,20,8,11,23],[8,4,20,12,16,24,23],[20,12,4,16,8,24,23,13],[20,4,8,16,12,24,23],[8,12,20,24,4,16,11,23],[24,16,4,8,20,12,23],[24,8,12,4,16,20,23],[16,4,8,20,24,12,11,23],[20,24,16,8,4,12,11,23],[16,20,4,8,12,24,23],[20,4,16,8,12,24,23],[8,4,24,20,16,12,23],[16,4,12,8,24,20,23],[20,16,24,12,4,8,11,23],[12,4,24,16,8,20,23],[12,24,8,16,20,4,23],[12,8,20,4,16,24,11,23],[8,4,12,16,20,24,11,23],[12,8,4,24,16,20,23],[16,24,12,20,8,4,23],[4,20,12,24,8,16,11,23],[12,16,20,24,4,8,11,23],[12,20,4,16,8,24,23],[16,12,20,24,8,4,23],[8,12,16,20,24,4,11,23],[20,4,8,16,12,24,23,21],[24,12,8,16,4,20,23],[12,4,24,16,8,20,11,23],[4,12,24,16,20,8,11,23],[12,20,8,4,24,16,11,23],[16,4,12,24,8,20,23],[8,24,16,4,12,20,11,23],[24,4,12,16,20,8,11,23],[16,20,12,24,8,4,23],[12,4,24,8,20,16,11,23],[12,4,20,16,24,8,23],[12,24,8,4,16,20,23],[4,24,8,12,16,20,11,23],[24,16,12,8,4,20,23],[20,24,4,12,8,16,23],[4,8,12,16,24,20,11,23],[12,16,4,20,24,8,23],[16,8,20,4,12,24,11,23],[12,16,4,24,8,20,23],[12,16,24,20,8,4,11,23],[8,4,16,20,24,12,11,23],[20,24,12,8,16,4,11,23],[24,20,12,4,8,16,11,23],[20,8,16,4,24,12,23],[20,24,12,16,4,8,11,23,2],[12,8,16,4,24,20,23],[4,12,20,24,8,16,23],[8,16,24,4,12,20,11,23],[4,16,24,20,8,12,23,11],[24,20,8,12,4,16,23],[16,20,4,24,12,8,23],[8,16,20,12,4,24,11,23],[4,12,24,8,20,16,11,23,5],[24,4,12,16,20,8,11,23],[4,12,8,20,24,16,23],[24,16,20,8,12,4,11,23],[20,16,12,24,8,4,11,23],[4,12,24,20,16,8,11,23],[24,4,12,8,16,20,23],[12,24,20,4,16,8,23],[8,12,24,16,4,20,23],[16,4,24,20,8,12,11,23],[4,20,16,12,24,8,23],[20,24,4,8,12,16,23],[16,8,4,12,20,24,11,23],[12,8,20,16,24,4,11,23],[24,8,4,16,12,20,11,23],[4,8,12,16,20,24,11,23],[24,20,8,4,12,16,11,23],[24,12,20,4,8,16,11,23],[24,20,12,16,4,8,11,23],[8,20,16,24,12,4,23],[16,4,12,24,20,8,11,23],[4,8,12,20,16,24,11,23],[8,12,24,4,16,20,23],[16,12,20,8,24,4,11,23],[12,24,20,16,8,4,23],[20,4,16,8,24,12,23],[16,12,24,4,20,8,23],[8,20,12,16,24,4,23],[16,20,4,8,12,24,23],[20,4,8,16,24,12,23],[8,24,12,4,16,20,23],[4,12,24,8,20,16,23],[24,16,12,4,8,20,23,17],[12,16,24,4,8,20,11,23],[8,24,16,12,20,4,23],[16,4,24,8,20,12,23],[12,20,8,24,16,4,23],[20,16,24,12,4,8,11,23],[16,4,20,8,12,24,11,23,17],[20,8,16,12,4,24,11,23],[24,20,16,12,8,4,11,23],[16,12,8,24,20,4,23],[8,4,24,12,20,16,11,23],[24,20,12,4,8,16,11,23],[8,12,20,4,16,24,11,23],[16,12,8,20,4,24,23],[12,16,24,4,8,20,23],[8,12,24,16,20,4,23],[16,24,20,4,12,8,11,23],[24,4,12,16,20,8,23],[24,20,4,16,12,8,11,23],[8,16,4,24,20,12,23],[12,8,16,4,20,24,11,23],[16,20,4,12,8,24,11,23],[12,20,16,8,4,24,23],[24,20,4,8,16,12,23],[12,16,24,4,20,8,11,23,22],[24,8,4,20,16,12,11,23],[12,8,16,4,24,20,11,23],[8,24,12,16,20,4,23,10],[12,24,16,4,20,8,23],[12,8,20,16,24,4,23],[12,8,24,16,20,4,23],[4,24,20,12,8,16,11,23,6],[4,8,24,16,12,20,11,23],[24,12,20,4,16,8,11,23],[24,16,8,12,4,20,23],[24,20,16,4,12,8,11,23],[20,16,24,4,12,8,11,23],[20,4,16,24,8,12,11,23],[20,24,16,8,4,12,11,23,2],[12,16,24,4,20,8,11,23,14],[16,12,8,24,20,4,23,14],[8,16,20,24,4,12,23],[16,20,8,4,12,24,23],[8,4,24,12,20,16,11,23],[12,4,8,24,20,16,11,23],[16,24,20,4,12,8,23],[4,16,12,24,20,8,23],[24,16,12,20,8,4,23],[16,8,20,12,24,4,11,23],[24,12,8,16,20,4,11,23],[4,12,24,20,16,8,23],[4,16,24,20,12,8,23],[20,24,8,12,16,4,11,23],[4,12,16,24,8,20,23,17,6],[4,16,8,12,24,20,11,23],[20,24,16,12,8,4,23],[24,20,12,4,16,8,23],[12,4,16,20,8,24,23],[12,8,20,16,4,24,23],[12,20,8,24,4,16,11,23],[12,16,24,4,20,8,11,23],[12,20,24,16,4,8,11,23],[20,24,16,12,8,4,11,23],[16,8,12,24,4,20,23],[16,4,24,20,8,12,23],[24,12,8,20,4,16,23],[24,8,20,16,4,12,11,23],[24,12,16,8,4,20,23,10],[16,4,24,8,12,20,23],[24,8,16,12,4,20,23],[8,20,4,16,24,12,23],[20,8,4,24,12,16,23],[8,20,4,12,16,24,11,23],[12,24,4,16,8,20,11,23],[12,20,24,16,8,4,23],[16,8,4,20,12,24,23],[12,16,24,4,20,8,23,9],[20,16,24,8,12,4,23,14,21],[8,24,4,16,12,20,11,23],[12,16,8,24,4,20,23],[24,4,8,12,16,20,23],[12,24,20,8,4,16,23],[16,12,20,4,24,8,11,23,21],[16,20,4,8,24,12,23],[20,24,4,16,12,8,11,23],[24,12,8,20,4,16,11,23],[8,12,4,16,24,20,23],[12,16,24,4,20,8,23],[20,4,12,24,16,8,23],[16,4,20,12,24,8,23],[12,16,20,4,24,8,11,23],[8,4,16,12,24,20,11,23],[24,12,4,8,20,16,11,23],[24,4,12,16,20,8,23],[4,16,24,12,20,8,23],[24,20,16,12,4,8,23],[12,4,24,8,20,16,11,23],[12,24,20,8,16,4,11,23],[24,4,16,20,12,8,11,23],[4,24,12,20,8,16,11,23],[20,8,16,24,4,12,23],[24,4,20,8,12,16,23],[16,20,4,12,24,8,11,23],[24,20,8,4,16,12,11,23],[12,8,20,16,4,24,11,23],[8,4,24,16,20,12,11,23],[16,20,8,4,12,24,23],[24,12,8,16,4,20,11,22,23,14],[12,4,24,8,16,20,23],[16,20,24,8,12,4,11,23],[4,20,8,12,24,16,11,23],[16,4,20,12,24,8,11,23],[20,16,4,8,24,12,11,23],[24,8,20,16,12,4,23,1],[16,12,8,20,4,24,23],[16,12,4,8,24,20,11,23],[12,8,16,20,4,24,23],[24,12,8,16,4,20,11,23],[4,16,8,12,24,20,23],[20,8,16,12,4,24,11,23],[16,20,12,24,4,8,11,23],[4,24,12,8,16,20,23,3],[8,12,16,24,20,4,11,23],[24,20,12,4,8,16,11,23],[16,24,4,8,20,12,23,17],[20,4,12,16,24,8,11,23],[24,16,12,4,20,8,11,23],[4,12,16,20,24,8,23],[24,20,16,4,12,8,23],[20,8,16,24,12,4,11,23],[4,16,8,12,20,24,11,21,23],[24,8,20,16,12,4,11,23],[24,4,8,16,20,12,23],[4,8,16,20,12,24,23],[24,4,12,20,8,16,11,23,18],[16,8,20,4,12,24,11,23],[4,8,12,24,20,16,11,23],[8,4,16,24,20,12,23],[8,4,12,24,20,16,23],[12,4,8,24,20,16,11,23],[24,8,4,16,12,20,11,23],[12,20,16,4,8,24,11,23],[24,8,20,12,4,16,23],[12,20,24,4,16,8,23],[12,4,24,8,16,20,23],[12,24,20,4,8,16,23],[4,8,20,16,12,24,11,21,23],[20,8,16,4,12,24,11,23],[24,16,8,12,20,4,23],[24,8,12,16,4,20,23],[8,16,24,20,12,4,11,23],[16,8,4,20,24,12,11,23],[4,16,24,20,12,8,11,23],[8,24,20,16,12,4,23],[12,4,24,20,8,16,11,23],[8,4,20,24,12,16,23],[20,12,8,24,16,4,11,23],[4,20,12,8,24,16,11,23],[20,8,24,16,4,12,23],[20,16,4,8,12,24,23],[8,4,16,12,20,24,23],[8,24,16,4,12,20,11,23],[4,12,8,16,20,24,11,23],[16,20,4,12,8,24,23],[24,16,8,4,20,12,11,23,9],[4,8,16,12,20,24,23],[24,16,8,20,12,4,11,23,18],[4,8,16,24,12,20,23],[4,12,20,16,24,8,23],[4,8,12,24,20,16,11,23],[16,20,4,8,12,24,23],[24,20,16,12,8,4,23],[24,4,20,16,12,8,23],[4,24,8,20,16,12,11,23],[8,12,4,24,16,20,11,23],[24,4,8,12,20,16,23],[24,12,8,16,4,20,11,23],[24,8,12,16,20,4,23],[12,4,8,16,20,24,11,23],[20,24,8,12,4,16,23],[12,8,16,24,20,4,11,23,10],[12,24,16,8,20,4,23,13],[16,8,24,12,20,4,11,23],[24,20,4,16,8,12,11,23],[4,24,8,20,16,12,23],[8,12,4,20,24,16,23,3],[24,4,8,12,16,20,11,23],[12,4,8,16,24,20,23],[20,8,16,4,12,24,11,23],[12,16,8,20,24,4,11,23],[16,12,4,24,20,8,11,23],[20,12,4,24,8,16,11,23],[12,24,16,4,8,20,11,23],[20,16,8,12,24,4,11,23],[20,4,12,8,24,16,11,23],[8,20,24,4,12,16,11,23],[24,12,4,8,20,16,11,23],[8,20,16,4,12,24,23],[8,16,4,24,20,12,11,23,22],[16,24,20,12,4,8,23],[8,24,12,16,20,4,23,22],[8,24,4,16,20,12,23],[16,4,20,12,24,8,23],[24,20,8,16,4,12,11,23],[16,8,4,24,12,20,23],[24,4,16,8,12,20,11,23],[8,16,4,20,12,24,11,23],[4,8,24,16,12,20,11,23],[8,24,4,12,16,20,11,23],[20,24,12,4,8,16,23],[4,20,8,24,16,12,11,23],[24,8,4,20,16,12,23],[16,4,20,24,8,12,11,23],[12,16,24,8,4,20,23],[16,24,8,4,20,12,23],[8,24,20,16,12,4,23],[12,16,20,24,4,8,23],[20,16,24,4,12,8,11,23],[24,16,12,8,20,4,11,23],[24,8,4,20,12,16,23],[4,24,16,12,8,20,23],[4,8,20,16,24,12,23],[16,4,20,8,12,24,11,23],[20,24,16,4,8,12,23],[16,8,12,4,20,24,11,23],[4,20,8,16,24,12,11,23],[12,24,4,8,20,16,23],[12,24,8,16,4,20,11,23],[4,24,12,8,20,16,11,23,5,14],[20,16,24,12,8,4,23],[8,12,20,16,24,4,23,2],[8,20,24,12,16,4,11,23],[16,12,4,24,8,20,23],[16,4,8,20,12,24,11,23],[8,4,16,24,20,12,23],[20,4,24,8,16,12,11,23],[24,8,16,4,12,20,11,23],[12,4,8,20,16,24,11,23],[12,20,8,24,16,4,11,23],[16,8,24,20,12,4,23],[12,8,20,4,16,24,11,23],[16,20,8,24,12,4,11,23],[4,24,20,8,12,16,23],[24,12,8,4,16,20,11,23],[20,16,12,24,4,8,11,23],[16,8,24,4,12,20,11,23,15],[8,12,24,16,4,20,11,23]]}