{"problem_id":"NxTTIjEPvtxHSMx","sigma":150,"alpha":10.000,"cost":0,"probabilities":"[0.12, 0.33, 0.32, 0.23]","payoff_matrix":"[[41, 150, 124, 131, -180, 108], [44, -93, -118, -32, 71, -118], [-211, 56, -102, 41, -13, -95], [109, 26, 17, 123, 179, -23]]","uncovered":[[14,2,22,10,6,18,19,3,15,20,7,16,23,11,17,13,8,1,4,9,24,12,21],[2,22,14,10,6,18,19,3,15,20,7,16,11,23,13,17,8,5,12,24,1,4,9,21],[2,6,22,14,10,18,19,3,15,20,7,16,23,11,13,17,8,24,9,4,21,5,1,12],[2,14,18,3,22,6,10,19,15,20,7,16,23,11,17,13,8,24,1,9,4,5,21,12],[10,2,22,14,6,18,19,3,15,20,7,16,23,11,13,17,8,12,1,21,9,4,24],[14,18,10,22,2,19,3,6,15,16,20,7,11,23,17,13,8,1,12,4,21,24,5,9],[22,2,6,18,3,10,14,19,15,20,7,16,23,11,17,13,8,21,4,24,9,1,12],[14,10,2,18,3,6,22,15,19,20,7,16,23,11,13,17,8,1,4,21,24,12,9,5],[14,22,18,10,6,2,19,3,15,16,20,7,23,11,17,13,8,4,24,12,9,21,5],[2,22,10,6,18,3,14,19,15,16,20,7,23,11,17,13,8,4,9,21,12,24,5,1],[18,14,2,3,6,10,22,15,19,20,7,16,11,23,13,17,8,21,4,1,12,9,24,5],[22,14,6,10,18,2,3,19,15,20,7,16,23,11,13,17,8,4,1,9,12,21],[14,2,10,18,19,3,6,22,15,20,7,16,11,23,13,17,8,9,4,12,24,1,21,5],[22,14,6,2,18,3,10,19,15,20,7,16,11,23,13,17,8,4,24,1,5,9,12,21],[22,6,14,2,10,18,19,3,15,16,20,7,11,23,13,17,8,4,5,9,12,21,24,1],[14,18,6,22,10,2,3,15,19,16,20,7,23,11,17,13,8,4],[2,6,10,22,18,19,3,14,15,16,20,7,23,11,13,17,8,4,21,12,5,9,24],[6,10,22,14,18,2,3,15,19,20,7,16,23,11,17,13,8,9,1,4],[18,10,2,19,3,6,22,14,15,16,20,7,11,23,13,17,8,21,4,12,1,9,24],[22,18,10,6,14,2,3,15,19,16,20,7,23,11,13,17,8,4,1,24,21,9,12,5],[6,10,2,18,19,3,14,22,15,16,20,7,23,11,17,13,8,1,9,4,12,24],[10,18,14,2,3,22,6,15,19,16,20,7,23,11,17,13,8,4,24,12,21,5],[10,6,2,22,14,18,3,15,19,20,7,16,23,11,13,17,8,24,4,1,5,9,12],[6,18,2,3,22,14,10,15,19,20,7,16,11,23,17,13,8,4,24,12,5,1],[22,2,6,10,14,18,3,15,19,20,7,16,23,11,13,17,8,24,21,4,12,5,9],[18,10,2,19,3,14,22,6,15,16,20,7,23,11,17,13,8,1,4,9,12,24,5],[18,10,2,19,3,22,6,14,15,20,7,16,11,23,17,13,8,4,5,9,21,24,1,12],[6,10,22,2,14,18,19,3,15,20,7,16,11,23,17,13,8,4,5,12],[22,14,2,6,10,18,19,3,15,16,20,7,11,23,17,13,8,9,24,4,12,5,1,21],[2,22,18,3,10,14,6,15,19,20,7,16,11,23,13,17,8,4,9,5,24,1],[2,22,6,14,10,18,19,3,15,16,20,7,23,11,13,17,8,4,1,9,12,21,24],[22,6,2,14,10,18,3,15,19,20,7,16,11,23,17,13,8,24,21,4,12,9,5],[2,10,6,22,14,18,3,15,19,16,20,7,23,11,17,13,8,4,21,5,24,1,9,12],[18,22,6,10,2,19,3,14,15,20,7,16,23,11,17,13,8,4,21,5,1,24,12],[10,18,22,6,14,2,3,19,15,16,20,7,11,23,17,13,8,4],[10,14,18,2,19,3,6,22,15,16,20,7,23,11,17,13,8,4,21,12,24,5,9],[2,18,3,14,10,22,6,19,15,20,7,16,23,11,13,17,8,24,1,4],[10,2,22,6,14,18,19,3,15,16,20,7,11,23,17,13,8,12,4,21,24,5,9,1],[22,2,14,10,18,3,6,19,15,16,20,7,11,23,13,17,8,4,12,24,5],[18,6,2,19,3,22,14,10,15,16,20,7,11,23,13,17,8,1,21,4,12,9,24],[14,2,10,18,3,22,6,19,15,20,7,16,11,23,13,17,8,12,21,1,24,5,4,9],[2,14,22,6,10,18,3,19,15,16,20,7,11,23,13,17,8,4,5,1,12,24],[6,18,10,14,22,2,19,3,15,16,20,7,23,11,13,17,8,4,9,5,24,12],[2,10,14,6,22,18,3,19,15,16,20,7,23,11,17,13,8,1,4,24,5,21],[14,2,6,10,22,18,19,3,15,16,20,7,23,11,13,17,8,4,9,1,24,21,5,12],[22,14,2,18,19,3,10,6,15,16,20,7,23,11,17,13,8,1,24,12,4],[22,14,2,6,10,18,3,15,19,20,7,16,11,23,17,13,8,4,12,9,5,21],[14,18,2,3,10,22,6,15,19,20,7,16,11,23,13,17,8,21,12,4,5,9,24,1],[14,22,2,6,10,18,19,3,15,16,20,7,23,11,17,13,8,4,24,5],[6,22,2,14,18,3,10,15,19,16,20,7,23,11,13,17,8,24,12,9,4,5,21,1],[14,22,18,10,6,2,3,19,15,16,20,7,23,11,13,17,8,4,9,5,12],[10,6,14,18,2,3,22,15,19,16,20,7,23,11,17,13,8,4,24,12,1,21,5,9],[10,14,6,2,22,18,19,3,15,16,20,7,23,11,13,17,8,5,9,4,12,21,24],[22,18,10,6,2,19,3,14,15,16,20,7,11,23,17,13,8,1,9,5,12,4,24],[2,22,18,3,6,14,10,15,19,16,20,7,11,23,17,13,8,4,24,12,9,5],[22,2,10,6,18,19,3,14,15,16,20,7,23,11,17,13,8,21,4,24,9,12,5,1],[14,18,22,10,2,19,3,6,15,20,7,16,11,23,13,17,8,4,12,5,21,9,24,1],[10,18,2,19,3,6,22,14,15,16,20,7,11,23,17,13,8,4,9,24,5,1,21],[18,22,10,14,2,19,3,6,15,20,7,16,11,23,13,17,8,4,5,24],[6,22,18,2,3,14,10,15,19,16,20,7,11,23,17,13,8,4,5,12,24],[22,10,2,6,18,19,3,14,15,16,20,7,23,11,17,13,8,4],[2,10,14,6,22,18,3,15,19,20,7,16,23,11,17,13,8,9,4,1,21,5,24],[2,6,22,10,14,18,3,15,19,16,20,7,23,11,13,17,8,5,4,24,1,21,9,12],[14,6,10,22,18,2,3,19,15,16,20,7,11,23,17,13,8,4,9,12,21,5,1],[6,10,14,2,18,3,22,15,19,16,20,7,11,23,13,17,8,5,1,4,21,24,9,12],[2,18,19,3,14,6,22,10,15,20,7,16,23,11,17,13,8,5,4,9,1,12],[6,18,14,22,10,2,3,15,19,20,7,16,11,23,13,17,8,5,4,12],[18,22,10,2,3,6,14,15,19,16,20,7,23,11,17,13,8,1,21,24,4],[2,18,3,22,14,6,10,15,19,20,7,16,23,11,13,17,8,4,5,21,12,1,24,9],[14,22,2,18,19,3,6,10,15,16,20,7,23,11,17,13,8,4,9],[18,10,2,3,14,22,6,19,15,20,7,16,11,23,13,17,8,4,21,24,5,9],[2,22,14,10,6,18,3,15,19,16,20,7,11,23,13,17,8,4,24,12,1,5,9,21],[10,6,14,18,22,2,19,3,15,16,20,7,23,11,17,13,8,1,9,5,24,12,4,21],[6,14,18,10,22,2,19,3,15,20,7,16,11,23,17,13,8,4,5,21,9,12,24,1],[6,14,22,18,2,19,3,10,15,20,7,16,11,23,13,17,8,24,4,21],[22,18,2,19,3,10,6,14,15,16,20,7,11,23,13,17,8,4,12,21,5,9,1],[14,6,10,22,18,2,3,15,19,20,7,16,23,11,17,13,8,4,12,24,9,5],[18,6,2,19,3,10,22,14,15,16,20,7,11,23,17,13,8,1,5,4,24],[22,14,10,2,6,18,19,3,15,20,7,16,11,23,13,17,8,1,4,12,21,9,24,5],[10,6,18,14,2,19,3,22,15,16,20,7,23,11,17,13,8,4,5,24,9,12,21],[6,10,18,2,19,3,14,22,15,16,20,7,11,23,17,13,8,24,4,1,9,5,12,21],[6,22,2,10,18,19,3,14,15,20,7,16,23,11,17,13,8,24,4,5,9,12,1],[10,2,6,14,22,18,19,3,15,20,7,16,11,23,17,13,8,4,24,12,1,5],[2,22,6,18,3,10,14,15,19,20,7,16,23,11,17,13,8,4,24,9,1,21,5,12],[14,2,18,3,22,10,6,19,15,16,20,7,23,11,17,13,8,1,4],[2,22,6,14,10,18,3,19,15,16,20,7,11,23,13,17,8,4,9,24,5,12,1,21],[22,6,14,10,18,2,19,3,15,16,20,7,23,11,17,13,8,1,4,21,5],[2,14,18,19,3,6,22,10,15,16,20,7,11,23,13,17,8,24,12,21,4,1,9,5],[10,18,6,14,22,2,3,19,15,16,20,7,11,23,13,17,8,21,1,4,5,9],[22,2,18,3,14,6,10,15,19,20,7,16,23,11,13,17,8,1,21,12,4,24,5,9],[2,6,22,18,19,3,14,10,15,20,7,16,23,11,17,13,8,4,12,9,24,1,21],[18,2,3,10,6,22,14,15,19,20,7,16,23,11,13,17,8,5,4,24,12],[14,10,18,2,19,3,22,6,15,20,7,16,11,23,13,17,8,5,4],[6,18,2,19,3,14,22,10,15,16,20,7,11,23,13,17,8,1,9,5,4,12,24],[10,14,6,18,2,3,22,19,15,16,20,7,23,11,17,13,8,4,21,9,5,12,24,1],[10,14,6,18,2,3,22,19,15,16,20,7,11,23,13,17,8,4,5,24,12,1],[2,18,19,3,14,10,22,6,15,16,20,7,11,23,13,17,8,4,9,24,12],[6,22,10,18,2,19,3,14,15,16,20,7,11,23,13,17,8,24,4,21,12],[14,6,18,22,10,2,3,15,19,16,20,7,23,11,13,17,8,12,1,21,4,24,5,9],[22,10,18,6,14,2,19,3,15,16,20,7,11,23,13,17,8,1,21,12,9,4,24],[14,6,10,18,2,3,22,15,19,16,20,7,23,11,17,13,8,1,4,5,12],[2,22,14,10,6,18,3,15,19,16,20,7,11,23,17,13,8,24,1,4,9,12,5,21],[14,2,10,6,18,3,22,19,15,16,20,7,11,23,17,13,8,4,24,9,1,21,5,12],[2,18,19,3,6,22,14,10,15,20,7,16,11,23,8,17,13,4,5,12,9],[18,6,22,10,2,19,3,14,15,16,20,7,23,11,17,13,8,9,4,24,21,5,12],[2,10,6,22,18,19,3,14,15,16,20,7,23,11,13,17,8,1,21,5,9,4,24,12],[22,6,2,18,19,3,10,14,15,16,20,7,11,23,13,17,8,1,24,4,12],[18,14,10,6,2,3,22,19,15,16,20,7,11,23,13,17,8,21,4],[14,22,10,18,2,19,3,6,15,16,20,7,11,23,13,17,8,21,9,4,24],[10,18,22,2,19,3,6,14,15,16,20,7,23,11,13,17,8,4,12,5,21,1,24,9],[14,2,22,6,18,3,10,19,15,20,7,16,11,23,17,13,8,9,21,4,1,24,5,12],[22,2,18,19,3,6,14,10,15,20,7,16,11,23,13,17,8,1,4,24,9,12],[10,14,22,18,2,3,6,19,15,20,7,16,11,23,13,17,8,24,1,5,9,12,4],[14,10,22,2,18,19,3,6,15,16,20,7,23,11,17,13,8,1,4,21,24,12],[22,6,2,14,18,19,3,10,15,20,7,16,11,23,17,13,8,1,12,4,5,9,24,21],[10,6,2,22,18,19,3,14,15,20,7,16,11,23,13,17,8,4,12,5,1,21,24],[2,22,10,14,6,18,3,19,15,16,20,7,11,23,13,17,8,4,1,24],[14,10,6,2,22,18,3,15,19,16,20,7,11,23,13,17,8,9,12,1,4,21,24],[22,14,10,18,2,19,3,6,15,16,20,7,11,23,13,17,8,4,9,5,24,21,12,1],[18,6,14,2,19,3,22,10,15,16,20,7,11,23,17,13,8,9,1,12,4,5,21,24],[10,18,22,2,19,3,6,14,15,16,20,7,11,23,13,17,8,4,12,9,1,21,5,24],[10,18,14,2,3,6,22,15,19,16,20,7,11,23,13,17,8,4],[22,6,18,10,2,19,3,14,15,16,20,7,11,23,17,13,8,1,4,9,24,5,12],[10,6,14,18,22,2,3,19,15,16,20,7,11,23,13,17,8,24,4,9,12,21],[22,2,6,10,14,18,19,3,15,16,20,7,23,11,17,13,8,4,21,12,24,5],[22,14,18,6,2,3,10,15,19,16,20,7,23,11,17,13,8,24,5,4,1,12],[10,18,2,19,3,22,14,6,15,16,20,7,11,23,17,13,8,4,9,21,12,24,5],[2,14,6,18,19,3,22,10,15,20,7,16,23,11,17,13,8,9,1,4,21,5,24,12],[22,14,2,18,3,10,6,15,19,20,7,16,11,23,13,17,8,4,24,5,1],[14,18,22,10,6,2,3,19,15,20,7,16,11,23,13,17,8,1,24,4],[14,22,6,2,18,19,3,10,15,20,7,16,11,23,17,13,8,4,21,24,9,5,12],[6,14,22,10,2,18,3,19,15,20,7,16,11,23,13,17,8,21,4,1,12,24,5,9],[14,6,2,18,19,3,10,22,15,20,7,16,23,11,17,13,8,4,24,12,1,5],[14,22,2,10,18,3,6,15,19,16,20,7,11,23,13,17,8,4,5,24,1,12,9,21],[2,18,19,3,22,14,6,10,15,20,7,16,11,23,13,17,8,4,5,24],[2,10,6,18,19,3,22,14,15,16,20,7,23,11,17,13,8,4,24,21,5,9,12,1],[14,6,2,22,18,3,10,15,19,20,7,16,11,23,17,13,8,21,4,24,5,1,12,9],[6,18,10,14,22,2,3,15,19,20,7,16,23,11,13,17,8,4,9,1,21,5,24],[22,2,14,6,18,3,10,15,19,20,7,16,23,11,17,13,8,5,4,24],[6,14,18,22,2,19,3,10,15,20,7,16,11,23,13,17,8,1,4,5,12,24,21],[18,10,22,14,6,2,3,19,15,20,7,16,11,23,13,17,8,24,4,12,5],[10,2,22,18,3,14,6,15,19,16,20,7,23,11,17,13,8,1,24,21,12,5,4],[2,10,18,19,3,14,6,22,15,16,20,7,23,11,13,17,8,4,24,21,5,1,12,9],[18,22,14,10,2,19,3,6,15,16,20,7,23,11,13,17,8,24,1,4,9,12,5,21],[18,10,14,2,3,6,22,15,19,16,20,7,23,11,17,13,8,12,4,1,21,9,24],[14,6,22,2,18,19,3,10,15,16,20,7,23,11,13,17,8,1,5,4,24,21,12,9],[14,22,10,2,18,19,3,6,15,16,20,7,11,23,17,13,8,4,24,1,5,21,12],[10,14,2,22,6,18,3,19,15,20,7,16,11,23,17,13,8,4,24,9,12,5,21,1],[2,22,10,6,14,18,3,19,15,16,20,7,23,11,13,17,8,4,5,9,21,1],[6,22,2,14,18,3,10,19,15,20,7,16,11,23,13,17,8,4,1,5,24,9,12],[10,2,6,22,18,19,3,14,15,20,7,16,23,11,13,17,8,24,4,12,1,9,21,5],[6,18,2,3,14,10,22,19,15,16,20,7,23,11,17,13,8,4,12,1,24,9,21],[14,10,22,18,6,2,3,19,15,20,7,16,11,23,17,13,8,1,24,4,12],[22,10,6,14,2,18,19,3,15,16,20,7,11,23,13,17,8,4,12,1,24,21],[6,22,2,14,10,18,19,3,15,20,7,16,11,23,17,13,8,1,24,4,9,12,5,21],[6,18,14,22,10,2,19,3,15,16,20,7,11,23,13,17,8,4,5,21,1,24,12,9],[22,2,10,6,14,18,19,3,15,20,7,16,23,11,17,13,8,4,21,5,9,1,12,24],[10,2,22,14,6,18,3,19,15,16,20,7,11,23,13,17,8,5,24,4],[2,10,6,18,19,3,22,14,15,20,7,16,23,11,17,13,8,4,24,12,9,1,5],[22,14,2,6,18,19,3,10,15,20,7,16,23,11,13,17,8,1,24,21,12,9,4,5],[2,10,22,14,18,3,6,19,15,20,7,16,23,11,13,17,8,4,1,5,12,24,21],[6,18,2,3,14,22,10,19,15,16,20,7,11,23,13,17,8,4,1,5],[2,6,18,3,14,22,10,19,15,20,7,16,23,11,13,17,8,4,9,12,24,21,5,1],[10,14,22,6,18,2,19,3,15,20,7,16,11,23,17,13,8,21,4,1,12,24,5],[2,18,19,3,6,22,10,14,15,20,7,16,11,23,17,13,8,5,24,4,9,1,12,21],[6,22,10,18,14,2,3,19,15,16,20,7,23,11,13,17,8,1,5,4,21,9,24,12],[6,14,10,18,22,2,19,3,15,16,20,7,23,11,13,17,8,4,5,24,12,9],[14,10,6,18,2,3,22,15,19,20,7,16,11,23,13,17,8,4,12,24,1,5,21],[6,22,10,14,2,18,19,3,15,20,7,16,11,23,17,13,8,4,1,12,9,24],[22,18,14,6,10,2,3,15,19,20,7,16,11,23,17,13,8,12,5,4,9,21,24],[6,2,18,19,3,10,14,22,15,16,20,7,11,23,13,17,8,1,4,5,9,12],[6,2,18,3,10,14,22,19,15,16,20,7,23,11,13,17,8,4,5,9,12,1,24],[6,22,18,10,2,3,14,15,19,20,7,16,23,11,17,13,8,4,5,24,12,21],[22,18,14,2,3,6,10,19,15,16,20,7,11,23,17,13,8,9,4,24,5],[10,6,14,22,18,2,19,3,15,16,20,7,11,23,17,13,8,4,12,24,21],[14,18,10,22,6,2,3,19,15,20,7,16,11,23,17,13,8,21,24,1,4,5,12],[2,6,18,19,3,22,10,14,15,16,20,7,11,23,13,17,8,1,4,21,24,9,5],[2,10,14,6,22,18,3,15,19,20,7,16,23,11,17,13,8,12,1,5,4,21,24],[22,6,18,14,2,3,10,15,19,16,20,7,23,11,13,17,8,4,5,9,21,24,12],[2,10,18,3,14,22,6,15,19,20,7,16,11,23,13,17,8,4,21,24,12],[14,6,2,18,3,22,10,15,19,16,20,7,23,11,13,17,8,5,4,12,24,9],[22,18,10,6,14,2,3,15,19,16,20,7,11,23,13,17,8,4,12,24,1,9,5],[2,22,18,19,3,6,10,14,15,16,20,7,23,11,17,13,8,1,4,5,24,12,9],[18,10,6,14,22,2,3,15,19,20,7,16,23,11,13,17,8,5,4],[6,14,2,18,19,3,22,10,15,20,7,16,23,11,13,17,8,4,12,9,24,1,5,21],[14,2,10,18,3,6,22,15,19,20,7,16,23,11,13,17,8,4,12,9,5,1,24,21],[22,14,6,10,2,18,3,19,15,16,20,7,23,11,17,13,8,12,5,1,4,24,9],[18,2,19,3,22,14,10,6,15,16,20,7,11,23,17,13,8,4,5,21,24,12,9],[22,14,18,6,2,3,10,15,19,20,7,16,11,23,17,13,8,9,21,12,4,5,24,1],[10,22,14,2,6,18,19,3,15,16,20,7,11,23,13,17,8,4,24,5,21,9,12],[18,22,14,6,2,19,3,10,15,20,7,16,11,23,17,13,8,1,4,24,5,21,9,12],[22,2,10,18,19,3,6,14,15,16,20,7,11,23,13,17,8,21,4,9,24,5,12],[6,22,14,18,2,3,10,19,15,16,20,7,11,23,13,17,8,4,1,9,5,24],[2,22,6,10,18,19,3,14,15,16,20,7,23,11,13,17,8,9,1,4,12],[14,18,6,22,2,3,10,19,15,20,7,16,23,11,13,17,8,4,24,12],[18,2,19,3,10,22,6,14,15,20,7,16,23,11,13,17,8,4,12,1,24,21,9,5],[14,2,18,3,10,6,22,15,19,16,20,7,11,23,13,17,8,4,24],[22,6,2,14,18,3,10,15,19,20,7,16,11,23,13,17,8,4,21,5],[2,6,22,14,10,18,19,3,15,16,20,7,23,11,17,13,8,1,4,5,21,12,9,24],[6,14,2,18,19,3,22,10,15,16,20,7,11,23,13,17,8,1,4],[6,10,22,18,2,3,14,15,19,16,20,7,23,11,17,13,8,4,24,21,9],[22,6,18,14,10,2,19,3,15,20,7,16,23,11,13,17,8,9,4,12,5,21,24,1],[10,2,18,3,14,6,22,19,15,16,20,7,11,23,17,13,8,4],[14,10,2,22,18,19,3,6,15,16,20,7,11,23,13,17,8,24,4,5,1,9,12,21],[22,14,2,10,6,18,19,3,15,20,7,16,11,23,13,17,8,4,24,21,5,12,1,9],[6,2,18,19,3,22,10,14,15,20,7,16,11,23,17,13,8,4,9,1,5,12,21,24],[6,2,22,10,18,3,14,19,15,20,7,16,11,23,13,17,8,21,9,24,12,5,4],[10,2,6,14,18,3,22,19,15,20,7,16,11,23,13,17,8,9,4,21,12,24,5],[22,14,2,18,3,6,10,19,15,20,7,16,11,23,17,13,8,4,9,12,5,24],[6,10,22,2,18,19,3,14,15,16,20,7,11,23,13,17,8,4,1,21,24],[10,18,14,22,2,3,6,19,15,16,20,7,23,11,13,17,8,4,9,1,24,21,5,12],[14,6,2,18,3,10,22,15,19,16,20,7,23,11,13,17,8,1,4],[22,6,2,14,10,18,19,3,15,20,7,16,23,11,13,17,8,4,12],[18,14,2,19,3,6,22,10,15,20,7,16,11,23,17,13,8,4,9,1,5,21,12,24],[2,10,6,14,22,18,3,15,19,20,7,16,11,23,17,13,8,4,5,9,24,1,12],[10,18,2,19,3,6,22,14,15,16,20,7,11,23,13,17,8,21,24,1,4,9,12,5],[2,14,6,10,22,18,19,3,15,16,20,7,11,23,17,13,8,4,5,9,24,21,1,12],[14,18,6,10,2,3,22,19,15,20,7,16,11,23,13,17,8,4,9,5,21,12,24,1],[6,18,22,10,14,2,19,3,15,20,7,16,23,11,17,13,8,21,9,24,4,12,1,5],[18,22,14,6,2,3,10,15,19,20,7,16,11,23,13,17,8,4,9,12,21,24,1,5],[10,6,22,14,2,18,3,19,15,20,7,16,23,11,13,17,8,21,5,9,4,24,1,12],[10,18,2,3,14,6,22,15,19,16,20,7,11,23,13,17,8,4,21,1,24,5],[2,6,14,22,18,3,10,15,19,20,7,16,23,11,13,17,8,4,1,5,12,24,21,9],[18,2,3,14,6,10,22,19,15,20,7,16,23,11,13,17,8,4,9,1,21,12,24,5],[10,14,2,22,18,19,3,6,15,20,7,16,11,23,17,13,8,1,4,12,21],[14,22,6,2,18,19,3,10,15,20,7,16,11,23,13,17,8,12,9,4,1,5,24,21],[2,22,14,10,18,3,6,15,19,16,20,7,23,11,17,13,8,5,1,4,21,9,12,24],[14,6,10,2,22,18,19,3,15,20,7,16,23,11,17,13,8,4,9,24,21],[6,10,14,2,18,19,3,22,15,16,20,7,11,23,13,17,8,9,4,1,21,5,12],[6,2,14,10,22,18,3,19,15,20,7,16,23,11,17,13,8,4,9,1],[2,10,18,19,3,6,14,22,15,16,20,7,23,11,17,13,8,1,5,12,4,24,9,21],[14,6,2,10,18,3,22,15,19,16,20,7,11,23,13,17,8,4,1,5,12,24,9],[10,22,18,14,2,3,6,19,15,16,20,7,23,11,17,13,8,5,9,4],[14,6,18,22,10,2,3,19,15,20,7,16,23,11,13,17,8,4,24,5,12,1,9],[22,6,10,18,2,19,3,14,15,16,20,7,11,23,13,17,8,1,4,9,12,5,24,21],[14,6,10,18,22,2,19,3,15,16,20,7,11,23,13,17,8,4,9,5,12,24,1],[6,22,18,14,2,19,3,10,15,20,7,16,23,11,17,13,8,1,24,9,4,5,12],[2,14,18,19,3,22,10,6,15,20,7,16,11,23,13,17,8,21,4,24,5],[22,10,14,6,18,2,19,3,15,20,7,16,11,23,17,13,8,5,21,1,4,24,9,12],[6,18,10,22,2,19,3,14,15,20,7,16,23,11,13,17,8,1,9,4,12,24,5,21],[6,18,2,3,14,10,22,19,15,16,20,7,11,23,17,13,8,21,4,5,24,9,12,1],[14,22,10,6,18,2,19,3,15,16,20,7,23,11,17,13,8,1,4,12,21,24,9,5],[14,18,22,2,3,10,6,15,19,20,7,16,11,23,13,17,8,4,21,1,12,24,9],[2,18,19,3,14,10,22,6,15,20,7,16,11,23,17,13,8,4,1,24,5,12,9,21],[22,14,2,18,3,10,6,19,15,16,20,7,11,23,13,17,8,1,12,4,21,9,5],[14,10,22,6,18,2,19,3,15,20,7,16,23,11,13,17,8,5,24,21,4,12,1,9],[18,2,19,3,14,22,6,10,15,20,7,16,11,23,13,17,8,4,5,12,21,24],[6,18,2,19,3,22,14,10,15,16,20,7,23,11,13,17,8,4,9,5,24,12,1],[22,10,18,6,14,2,19,3,15,16,20,7,11,23,17,13,8,4,21,24,5],[14,2,22,10,18,19,3,6,15,20,7,16,11,23,17,13,8,4,5,21,9,12,24],[10,14,22,18,2,3,6,15,19,20,7,16,11,23,17,13,8,21,4,12,24,5],[10,6,2,18,19,3,14,22,15,16,20,7,23,11,17,13,8,9,4,24],[2,6,18,3,14,10,22,19,15,16,20,7,11,23,13,17,8,12,9,24,5,4,21],[2,18,19,3,10,6,22,14,15,16,20,7,23,11,13,17,8,4,21,24,5,9,12],[18,22,14,6,10,2,3,15,19,16,20,7,11,23,17,13,8,4,24,12,5,21],[10,6,14,22,18,2,19,3,15,20,7,16,23,11,17,13,8,1,24,5,12,4],[22,10,18,2,19,3,6,14,15,20,7,16,11,23,17,13,8,1,4,24,5,21,12],[18,6,14,2,19,3,22,10,15,20,7,16,23,11,17,13,8,4,21,24,5,9,1,12],[2,18,19,3,10,6,14,22,15,16,20,7,11,23,17,13,8,4,21],[6,14,18,10,22,2,19,3,15,16,20,7,23,11,17,13,8,21,1,24,4,9,5,12],[6,18,10,2,3,14,22,15,19,20,7,16,23,11,17,13,8,5,1,21,12,9,24,4],[2,14,22,6,10,18,3,19,15,20,7,16,23,11,17,13,8,1,5,9,4,12,21,24],[2,14,6,22,18,3,10,19,15,20,7,16,11,23,17,13,8,4,5,24,12,1],[14,2,10,6,18,19,3,22,15,20,7,16,11,23,13,17,8,21,5,9,12,4,24,1],[22,6,10,18,2,19,3,14,15,20,7,16,23,11,13,17,8,12,4,21,5,1,24],[18,22,14,10,2,19,3,6,15,20,7,16,23,11,17,13,8,12,24,4,5,21],[10,2,14,18,19,3,6,22,15,16,20,7,23,11,13,17,8,5,9,4,24,12,1],[6,18,22,10,14,2,3,15,19,20,7,16,11,23,17,13,8,24,12,5,4,1,9],[22,2,18,19,3,14,6,10,15,16,20,7,11,23,17,13,8,4,21,12,24,5,1,9],[14,6,18,22,10,2,3,15,19,16,20,7,23,11,17,13,8,4,21,5,9,24,1],[6,22,2,10,14,18,19,3,15,20,7,16,11,23,17,13,8,1,4,12,5],[18,10,2,19,3,6,14,22,15,16,20,7,23,11,13,17,8,21,1,5,4,9,24,12],[22,14,10,6,2,18,3,19,15,16,20,7,23,11,13,17,8,4,1,5,24,21],[18,6,2,3,10,14,22,15,19,16,20,7,23,11,17,13,8,5,4,24,21,12,1],[18,6,22,2,19,3,10,14,15,16,20,7,23,11,13,17,8,4,12,5,9,24,21],[6,2,10,14,22,18,3,19,15,20,7,16,11,23,17,13,8,24,9,1,4,12,5,21],[22,2,10,6,18,3,14,15,19,20,7,16,11,23,13,17,8,1,4,12,24,5,9],[14,10,6,18,22,2,19,3,15,20,7,16,23,11,13,17,8,1,9,5,4],[6,18,2,3,14,10,22,19,15,20,7,16,23,11,17,13,8,1,4,5,21,9,12],[2,18,19,3,22,14,10,6,15,20,7,16,23,11,17,13,8,24,5,4,12,21],[22,10,2,18,19,3,14,6,15,16,20,7,23,11,13,17,8,1,4,24,21,12,5],[18,10,14,22,2,3,6,15,19,16,20,7,23,11,13,17,8,4,24,9],[10,22,18,2,3,6,14,15,19,16,20,7,23,11,17,13,8,4,21,12,9,24,1,5],[6,14,22,18,10,2,3,15,19,16,20,7,23,11,17,13,8,4,12,5,1,9,21,24],[14,22,6,10,18,2,19,3,15,20,7,16,11,23,17,13,8,12,1,24,4,21],[22,2,14,10,6,18,19,3,15,20,7,16,23,11,13,17,8,4,5,21,24,1,12],[18,2,19,3,6,22,14,10,15,20,7,16,23,11,13,17,8,4,21,5,1,12,24,9],[6,10,2,18,19,3,22,14,15,20,7,16,11,23,17,13,8,4,1,9,12,21,24,5],[18,2,19,3,14,10,6,22,15,20,7,16,11,23,13,17,8,4,21,12,5,24,9],[14,6,18,22,2,3,10,15,19,20,7,16,11,23,17,13,8,24,12,4],[6,14,10,2,22,18,3,19,15,20,7,16,23,11,13,17,8,24,1,12,4,5],[22,10,14,18,6,2,19,3,15,16,20,7,23,11,13,17,8,5,24,4,9],[2,22,6,10,14,18,3,19,15,20,7,16,11,23,17,13,8,4,24,9,5,12,21,1],[14,18,10,6,22,2,19,3,15,20,7,16,23,11,13,17,8,4,24,5,21,1,12],[6,10,2,14,18,3,22,19,15,20,7,16,11,23,17,13,8,5,4,21,24,12,9],[22,10,6,14,18,2,19,3,15,16,20,7,11,23,17,13,8,5,1,4,21,12],[14,18,2,19,3,22,6,10,15,20,7,16,23,11,17,13,8,4,5,9,24,1],[18,10,22,2,3,14,6,15,19,20,7,16,23,11,13,17,8,4],[6,22,2,10,18,19,3,14,15,20,7,16,11,23,13,17,8,12,1,4,5,21,24,9],[22,6,18,14,10,2,19,3,15,16,20,7,11,23,17,13,8,4,24,9,12,5,21,1],[6,2,14,22,18,19,3,10,15,16,20,7,11,23,17,13,8,4,21,5,24,9],[22,14,6,10,2,18,19,3,15,16,20,7,11,23,17,13,8,4,9,12,21,1,5,24],[10,18,2,19,3,22,14,6,15,20,7,16,23,11,17,13,8,1,24,4,21,5,9,12],[10,22,2,18,19,3,6,14,15,20,7,16,23,11,17,13,8,24,1,21,9,4,5,12],[2,10,14,22,6,18,19,3,15,20,7,16,23,11,17,13,8,9,12,1,21,4,24,5],[2,10,6,22,14,18,3,15,19,16,20,7,23,11,17,13,8,1,4,12,21,24,9,5],[18,14,6,10,22,2,19,3,15,20,7,16,23,11,17,13,8,21,1,4,9,24,5],[22,10,2,18,19,3,14,6,15,20,7,16,23,11,13,17,8,24,4,21,1,9,12,5],[14,22,6,18,10,2,19,3,15,20,7,16,23,11,13,17,8,4,12,1,5,24,21,9],[22,2,18,19,3,14,10,6,15,16,20,7,23,11,13,17,8,4,12,1,9,5,21,24],[6,22,2,18,19,3,14,10,15,20,7,16,11,23,17,13,8,4,1,9,24,12,21,5],[6,22,2,18,3,10,14,19,15,16,20,7,11,23,13,17,8,1,4,21,12,5,9,24],[14,22,10,2,18,3,6,15,19,16,20,7,11,23,13,17,8,4,9,12,21,24,5],[22,14,2,18,19,3,6,10,15,20,7,16,11,23,13,17,8,9,4,12,21,1,24,5],[18,10,2,3,22,14,6,15,19,20,7,16,23,11,13,17,8,9,21,1,4,12,24,5],[6,10,18,2,19,3,22,14,15,16,20,7,11,23,13,17,8,4,21,12,24],[10,22,6,2,18,3,14,19,15,20,7,16,23,11,13,17,8,4,1,24,12,9,21],[6,10,2,22,18,3,14,19,15,20,7,16,11,23,13,17,8,21,12,4,24,9,5,1],[18,2,3,14,22,6,10,15,19,16,20,7,23,11,17,13,8,1,4,5,21,12,9,24],[10,18,22,6,2,3,14,15,19,16,20,7,23,11,13,17,8,1,4,5,21],[14,6,22,2,10,18,19,3,15,20,7,16,23,11,17,13,8,21,4,12,1,5,9,24],[22,10,6,2,14,18,19,3,15,20,7,16,11,23,17,13,8,1,4,24,21,9,12],[2,18,19,3,10,6,14,22,15,20,7,16,23,11,17,13,8,4,21,24,5,12,9],[10,22,2,18,19,3,14,6,15,16,20,7,23,11,17,13,8,4,21,24,5,9,1,12],[10,2,14,18,3,6,22,15,19,20,7,16,23,11,13,17,8,24,4,12,9,1,5],[22,2,18,19,3,14,10,6,15,20,7,16,11,23,17,13,8,21,24,9,4],[6,10,2,18,19,3,14,22,15,20,7,16,11,23,13,17,8,9,4,21,24,5,12],[10,2,18,19,3,6,14,22,15,20,7,16,23,11,13,17,8,1,4,12,5,21,24,9],[14,6,2,18,19,3,22,10,15,20,7,16,11,23,17,13,8,4,5,21,9,24,12],[10,2,14,6,22,18,3,19,15,20,7,16,11,23,17,13,8,5,4,21,9,12,1,24],[14,10,2,22,6,18,3,15,19,20,7,16,23,11,13,17,8,9,4,5,24],[18,6,2,3,14,22,10,15,19,20,7,16,11,23,17,13,8,1,24,9,4,12,21,5],[22,2,14,18,3,6,10,19,15,16,20,7,23,11,17,13,8,1,12,24,4],[22,6,18,2,19,3,14,10,15,20,7,16,23,11,13,17,8,12,4,9,24,1,5,21],[2,18,3,14,10,22,6,19,15,16,20,7,11,23,13,17,8,4,1],[14,6,10,2,22,18,3,19,15,20,7,16,23,11,13,17,8,1,24,12,21,9,4,5],[18,6,14,2,19,3,22,10,15,20,7,16,11,23,13,17,8,4,21,24],[10,6,22,14,2,18,3,15,19,20,7,16,11,23,13,17,8,24,4,5,9,21,12,1],[6,2,18,3,14,22,10,19,15,20,7,16,23,11,17,13,8,4,12,24,21,5,1,9],[6,2,18,3,10,14,22,15,19,16,20,7,23,11,13,17,8,4,12,9,5,24,1,21],[6,2,18,19,3,10,22,14,15,20,7,16,11,23,13,17,8,12,4,1,5,24],[14,6,10,22,18,2,3,15,19,20,7,16,23,11,13,17,8,4,12,1],[22,14,10,6,18,2,19,3,15,16,20,7,11,23,17,13,8,1,9,4,21,24],[14,18,6,22,2,19,3,10,15,20,7,16,23,11,17,13,8,4,5,24,21],[18,10,2,19,3,14,6,22,15,20,7,16,23,11,13,17,8,4,12,1,5,24,9,21],[18,6,10,2,3,22,14,15,19,20,7,16,11,23,13,17,8,5,24,1,4,12,21],[10,6,2,14,18,19,3,22,15,16,20,7,23,11,17,13,8,4,9,5,21],[14,18,2,19,3,22,6,10,15,20,7,16,23,11,13,17,8,1,4,21,5,12,24],[18,14,22,2,19,3,6,10,15,16,20,7,11,23,13,17,8,9,12,4,24,5,1,21],[2,22,14,18,19,3,10,6,15,16,20,7,11,23,17,13,8,4,21,24,5],[10,18,22,6,2,19,3,14,15,16,20,7,23,11,13,17,8,4,9,5,21,1,12,24],[10,14,22,2,18,19,3,6,15,16,20,7,23,11,17,13,8,1,4,24],[2,18,3,10,22,6,14,15,19,20,7,16,11,23,13,17,8,1,21,9,12,24,5,4],[14,6,18,2,19,3,10,22,15,20,7,16,11,23,13,17,8,4,9,21,12,5],[6,2,22,18,19,3,14,10,15,16,20,7,23,11,13,17,8,24,4,5,1,12,21,9],[2,10,6,22,14,18,3,15,19,16,20,7,11,23,17,13,8,12,24,21,5,4],[14,18,10,22,6,2,19,3,15,20,7,16,11,23,17,13,8,1,4,12,5,24,9],[14,22,18,10,2,19,3,6,15,16,20,7,23,11,13,17,8,4,21,9],[2,18,19,3,10,6,22,14,15,20,7,16,23,11,17,13,8,4,1,24,5,9,12],[6,18,14,22,2,19,3,10,15,16,20,7,23,11,13,17,8,4,21,9,1,12,5,24],[2,10,6,14,18,19,3,22,15,20,7,16,11,23,17,13,8,12,5,21,4,9,1],[22,10,2,6,18,19,3,14,15,20,7,16,23,11,13,17,8,4,1,9,12,5,24],[14,10,22,2,18,3,6,19,15,16,20,7,11,23,17,13,8,12,5,4],[14,6,22,10,2,18,19,3,15,16,20,7,11,23,13,17,8,4,24,5,12,1,21],[10,18,6,14,22,2,19,3,15,20,7,16,23,11,13,17,8,5,4,12,1,24],[18,10,6,22,14,2,19,3,15,16,20,7,23,11,13,17,8],[14,22,2,10,18,19,3,6,15,20,7,16,23,11,13,17,8,9,21,24,4,5,12],[22,10,14,6,2,18,19,3,15,20,7,16,11,23,17,13,8,4,1,12,24,5,9,21],[6,10,2,14,18,3,22,15,19,16,20,7,23,11,17,13,8,9,12,4],[18,2,19,3,6,14,10,22,15,20,7,16,23,11,17,13,8,4,24,5],[6,18,10,2,19,3,22,14,15,20,7,16,11,23,17,13,8,21,12,4,9,5,24],[2,18,3,10,14,6,22,19,15,20,7,16,23,11,13,17,8,4,1,24,21,9],[18,10,2,19,3,6,14,22,15,16,20,7,11,23,13,17,8,4,9,24,21,12,5],[18,2,3,14,22,10,6,19,15,20,7,16,23,11,13,17,8,4,21,24,9,1,5,12],[10,22,2,14,18,3,6,15,19,20,7,16,23,11,13,17,8,4,12,5,24],[14,2,22,10,6,18,3,19,15,16,20,7,11,23,17,13,8,4,24,9],[22,14,2,18,3,10,6,15,19,20,7,16,11,23,13,17,8,1,12,4,5,24,9],[14,18,2,3,10,6,22,15,19,20,7,16,23,11,17,13,8,1,9,4,21,12,24,5],[22,14,10,2,18,19,3,6,15,16,20,7,23,11,17,13,8,21,4,12,24,9,5,1],[6,10,22,2,18,19,3,14,15,20,7,16,11,23,13,17,8,4,9,24,12,5,21],[10,22,18,2,3,6,14,19,15,20,7,16,11,23,13,17,8,5,1,21,4,12,24],[22,6,14,2,18,19,3,10,15,20,7,16,23,11,17,13,8,4,1,12,5,24],[14,18,22,2,3,10,6,15,19,16,20,7,23,11,17,13,8,21,12,4,9,5,24],[2,14,18,3,10,6,22,19,15,20,7,16,23,11,13,17,8,4,12,1,21],[22,18,10,2,3,6,14,15,19,20,7,16,23,11,17,13,8,4,12,5,9,24],[22,6,14,10,2,18,3,19,15,20,7,16,23,11,17,13,8,21,5,4,1,12,24,9],[2,10,18,3,22,6,14,15,19,16,20,7,23,11,17,13,8,5,4],[22,18,14,10,2,3,6,19,15,16,20,7,11,23,17,13,8,21,4,5,9,24,12,1],[2,14,6,18,19,3,10,22,15,20,7,16,11,23,17,13,8,9,1,4,24,21,5,12],[22,14,18,2,3,6,10,15,19,16,20,7,11,23,17,13,8,24,5,4],[18,10,14,2,3,6,22,15,19,20,7,16,23,11,13,17,8,4,21,1,24,5,12,9],[10,22,14,18,6,2,3,15,19,16,20,7,11,23,17,13,8,9,4,12,5,1,21,24],[18,2,3,14,6,22,10,19,15,20,7,16,23,11,17,13,8,4,1,12,5,24,21],[10,14,6,2,22,18,19,3,15,20,7,16,23,11,13,17,8,4,24,5,21,12,1,9],[14,6,18,10,22,2,19,3,15,20,7,16,23,11,13,17,8,1,12,24,4,9,21,5],[2,22,14,10,6,18,19,3,15,16,20,7,11,23,13,17,8,1,9,12,4,5,24],[14,2,10,22,18,3,6,19,15,16,20,7,11,23,13,17,8,4,12,21,1,24],[18,10,22,6,14,2,19,3,15,20,7,16,23,11,17,13,8,4,1,9,12,21,24,5],[18,10,22,6,2,3,14,19,15,16,20,7,23,11,17,13,8,4,1,21,5,12,24,9],[22,14,6,18,2,19,3,10,15,16,20,7,23,11,13,17,8,9,1,12,4,5,24],[22,14,6,18,10,2,3,19,15,16,20,7,23,11,17,13,8,24,4,12,5,1],[6,22,14,2,18,19,3,10,15,20,7,16,23,11,13,17,8,1,9,24,4,12],[18,6,10,22,14,2,19,3,15,16,20,7,23,11,17,13,8,4,12,5,21,1,9,24],[14,2,6,10,22,18,19,3,15,20,7,16,23,11,17,13,8,5,4,9,21,1,24,12],[10,22,18,2,19,3,14,6,15,20,7,16,23,11,13,17,8,21,5,4,1,9,12,24],[2,18,3,10,14,22,6,15,19,16,20,7,11,23,17,13,8,12,4,24,21,5,9,1],[14,6,10,2,18,3,22,15,19,20,7,16,23,11,13,17,8,12,5,4,21,1],[2,6,14,10,22,18,19,3,15,16,20,7,23,11,13,17,8,4,21,5,12],[6,14,2,10,18,19,3,22,15,16,20,7,11,23,17,13,8,4,21,1],[14,6,10,18,22,2,19,3,15,16,20,7,23,11,17,13,8,21,12,4],[6,10,22,18,2,19,3,14,15,16,20,7,11,23,13,17,8,5,9,1,12,4],[2,6,18,3,10,14,22,19,15,20,7,16,11,23,13,17,8,4,21,24,5,9,1,12],[14,22,2,10,18,19,3,6,15,16,20,7,23,11,17,13,8,12,9,24,4,5,21,1],[14,2,22,18,19,3,6,10,15,16,20,7,23,11,17,13,8,1,4,21,24,9,5,12],[18,14,2,19,3,22,6,10,15,20,7,16,11,23,13,17,8,21,5,4,24,9,1,12],[18,10,14,6,2,3,22,19,15,16,20,7,23,11,17,13,8,24,4,12,1,9,21],[6,22,2,18,3,14,10,19,15,16,20,7,23,11,17,13,8,4,12,1,5,24,9,21],[10,2,6,22,14,18,3,15,19,20,7,16,11,23,13,17,8,12,4,24,5,9],[10,2,22,18,19,3,6,14,15,16,20,7,23,11,17,13,8,4,5,21,9,24],[18,6,2,19,3,10,22,14,15,16,20,7,11,23,17,13,8,5,24,4,21,9,12,1],[6,2,22,18,19,3,10,14,15,16,20,7,11,23,13,17,8,12,4,24,5,21,9],[18,14,6,10,2,19,3,22,15,20,7,16,23,11,17,13,8,1,12,9,5,21,4,24],[18,10,14,22,6,2,3,15,19,20,7,16,23,11,13,17,8,4,24,9,1,5,21,12],[2,14,18,3,10,6,22,19,15,16,20,7,23,11,13,17,8,4,21],[14,2,10,18,19,3,22,6,15,16,20,7,11,23,13,17,8,9,4,12,1,24,5],[14,18,10,22,2,3,6,19,15,20,7,16,11,23,13,17,8,4,9,21,24,12,5,1],[18,2,3,6,14,10,22,15,19,16,20,7,23,11,13,17,8,21,4,24],[22,6,2,10,18,19,3,14,15,20,7,16,23,11,17,13,8,4,5,12,1,9,21,24],[14,22,6,2,10,18,19,3,15,20,7,16,23,11,13,17,8,12,21,5,4,24],[2,22,6,10,14,18,19,3,15,20,7,16,11,23,13,17,8,1,4,21,9,12,24,5],[18,14,6,22,2,3,10,19,15,20,7,16,23,11,13,17,8,5,21,24,1,4,12,9],[14,6,10,2,18,3,22,19,15,16,20,7,11,23,17,13,8,4,12,1,5,21,24,9],[10,2,6,18,3,14,22,19,15,20,7,16,11,23,17,13,8,4,1,12,24,21],[2,22,18,19,3,10,6,14,15,16,20,7,11,23,13,17,8,1,4],[14,2,10,18,3,6,22,15,19,16,20,7,23,11,13,17,8,1,21,9,5,4,12,24],[22,2,18,19,3,6,14,10,15,16,20,7,11,23,13,17,8,4,21,5,24,1],[6,2,18,3,14,22,10,15,19,16,20,7,11,23,13,17,8,1,4],[2,10,18,3,14,6,22,15,19,16,20,7,23,11,13,17,8,4,5,1,9,12,21,24],[10,22,18,6,14,2,3,15,19,20,7,16,11,23,13,17,8,4,21,24,1,9,5,12],[10,14,6,2,22,18,19,3,15,20,7,16,23,11,17,13,8,4,12,24,9],[6,14,2,18,19,3,10,22,15,20,7,16,23,11,17,13,8,4,24,5,9,1],[10,6,14,2,18,19,3,22,15,20,7,16,11,23,17,13,8,1,24,5,4,12,9],[10,14,22,2,6,18,3,19,15,16,20,7,11,23,13,17,8,4,5,21,9,24,12,1],[6,14,2,22,18,3,10,19,15,20,7,16,11,23,13,17,8,21,4,12,5,9,1,24],[14,18,10,6,22,2,3,15,19,20,7,16,11,23,13,17,8,1,4,12,5,9,24,21],[22,14,18,2,19,3,6,10,15,16,20,7,11,23,13,17,8,1,4,5,9,21,24,12],[10,6,22,18,14,2,19,3,15,16,20,7,11,23,13,17,8,1,21,12,4,24,5,9],[2,6,22,18,19,3,14,10,15,16,20,7,23,11,17,13,8,4,9,5,1,24,12],[2,18,3,6,14,10,22,19,15,20,7,16,11,23,13,17,8,1,4,24,5,21,12,9],[14,18,6,2,3,10,22,19,15,20,7,16,23,11,17,13,8,4,21,12,5,24,9,1],[6,18,22,14,2,3,10,19,15,16,20,7,11,23,17,13,8,24,1,4,21,9,5,12],[22,18,2,3,6,14,10,15,19,16,20,7,23,11,13,17,8,4,1,5,12,21,24,9],[10,22,18,14,6,2,19,3,15,16,20,7,23,11,17,13,8,24,1,21,4,12,5,9],[6,2,14,10,22,18,3,15,19,20,7,16,23,11,13,17,8,4,12],[2,22,14,18,19,3,10,6,15,20,7,16,11,23,17,13,8,24,4,9,21,1,5,12],[18,2,3,22,6,14,10,15,19,20,7,16,23,11,17,13,8,1,12,21,4,24,5],[22,14,6,18,2,19,3,10,15,20,7,16,11,23,13,17,8,4,12,21,5,24],[18,10,14,6,22,2,3,15,19,20,7,16,11,23,17,13,8,5,1,4,9,12,24,21],[2,18,3,6,14,10,22,15,19,20,7,16,23,11,17,13,8,4,12,24,5],[10,14,6,22,2,18,3,15,19,20,7,16,23,11,17,13,8,1,5,4,21,24],[18,2,19,3,6,14,22,10,15,20,7,16,11,23,17,13,8,4,21,9,24,12,1,5],[2,14,10,18,3,22,6,15,19,16,20,7,23,11,13,17,8,1,4,24,12,5],[6,14,10,2,18,19,3,22,15,16,20,7,23,11,17,13,8,5,4,9,12,21,24,1],[18,14,10,22,2,19,3,6,15,20,7,16,23,11,13,17,8,12,5,9,1,4,24,21],[6,18,2,3,10,14,22,15,19,20,7,16,11,23,13,17,8,4,1,24,12,5,9,21],[6,10,22,14,2,18,19,3,15,16,20,7,23,11,13,17,8,4,24,12],[10,6,14,22,2,18,3,19,15,16,20,7,23,11,13,17,8,21,1,24,4,12,5,9],[10,18,14,2,19,3,6,22,15,20,7,16,11,23,13,17,8,5,4,9,12,21],[18,14,22,10,2,19,3,6,15,20,7,16,11,23,17,13,8,24,4,5,12,9,21,1],[14,18,6,2,3,22,10,15,19,20,7,16,11,23,17,13,8,4,21,5,24,9,12],[14,6,2,18,19,3,10,22,15,20,7,16,11,23,13,17,8,12,21,4,5,1,24],[14,2,18,3,6,22,10,15,19,16,20,7,23,11,17,13,8,24,1,12,4,5,9],[2,22,18,19,3,10,6,14,15,20,7,16,11,23,17,13,8,5,1,12,4,9,24],[6,2,22,14,10,18,19,3,15,16,20,7,23,11,17,13,8,1,5,4,21,24,9,12],[18,10,2,19,3,22,14,6,15,16,20,7,11,23,13,17,8,24,12,4,21,9,5],[2,14,22,10,18,3,6,15,19,16,20,7,23,11,13,17,8,5,1,4,9,24],[14,10,18,6,22,2,3,15,19,20,7,16,11,23,17,13,8,4,24,21,9,1,12,5],[6,10,2,18,19,3,22,14,15,20,7,16,23,11,17,13,8,9,12,4,24],[18,22,2,3,14,6,10,19,15,16,20,7,11,23,13,17,8,4,5,12,1],[18,2,19,3,10,6,14,22,15,20,7,16,11,23,17,13,8,9,4,24,5],[14,2,22,10,18,19,3,6,15,16,20,7,11,23,17,13,8,4,24,1,9],[10,2,6,22,14,18,19,3,15,20,7,16,11,23,13,17,8,4,5,1,12,24,21,9],[22,14,18,2,3,10,6,15,19,16,20,7,11,23,17,13,8,12,1],[18,22,10,6,14,2,19,3,15,20,7,16,11,23,13,17,8,1,9,4,12,24,5],[18,14,6,2,3,22,10,19,15,20,7,16,23,11,13,17,8,4,24,21,12,5,9],[6,10,2,14,22,18,3,19,15,16,20,7,23,11,13,17,8,1,4,5,9,24,12,21],[18,22,2,19,3,6,10,14,15,20,7,16,11,23,13,17,8,9,5,4,12],[22,2,10,6,14,18,3,15,19,20,7,16,23,11,13,17,8,5,12,4,1,21,9,24],[6,18,10,22,2,19,3,14,15,20,7,16,11,23,13,17,8,12,1,21,5,24,4],[10,14,6,18,22,2,3,19,15,16,20,7,11,23,17,13,8,1,4,9,12,5,21],[14,18,2,3,22,10,6,19,15,20,7,16,23,11,13,17,8,4,5,12,1,24,9,21],[10,6,14,18,22,2,19,3,15,20,7,16,23,11,13,17,8,1,4,5,9,12],[10,2,6,22,18,19,3,14,15,16,20,7,11,23,13,17,8,4,12,1,9,24],[14,10,6,18,2,3,22,15,19,16,20,7,11,23,13,17,8,9,12,4,1],[2,10,22,6,14,18,19,3,15,16,20,7,11,23,13,17,8,5,24,9,21,1,4],[22,2,14,18,19,3,10,6,15,16,20,7,23,11,17,13,8,4,24,1,5],[18,14,22,10,2,19,3,6,15,20,7,16,11,23,13,17,8,1,5,4,21,9,12],[2,22,18,3,14,10,6,15,19,16,20,7,23,11,13,17,8,24,1,21,4,5,9,12],[10,14,2,18,19,3,6,22,15,20,7,16,23,11,13,17,8,21,1,24,9,4,12,5],[22,2,14,10,18,19,3,6,15,20,7,16,23,11,13,17,8,4,5,24,21],[10,22,18,2,3,14,6,15,19,20,7,16,23,11,17,13,8,21,1,4,24],[22,6,2,18,3,14,10,19,15,16,20,7,11,23,13,17,8,4,21,9,24,1,12,5],[6,22,2,14,10,18,19,3,15,20,7,16,23,11,13,17,8,12,5,9,4],[6,14,10,2,22,18,3,15,19,20,7,16,23,11,13,17,8,4,21,24],[2,6,22,18,3,10,14,15,19,20,7,16,23,11,13,17,8,4,9,12,24,5,21],[18,2,3,6,14,22,10,19,15,20,7,16,23,11,17,13,8,4,21,24],[2,6,18,3,14,22,10,19,15,20,7,16,11,23,17,13,8,24,9,4,12,5,21,1],[10,14,18,22,6,2,19,3,15,16,20,7,11,23,17,13,8,4,24,12],[22,2,6,10,14,18,19,3,15,20,7,16,11,23,17,13,8,4,21,12,5,9,1],[14,22,6,2,10,18,3,15,19,20,7,16,11,23,13,17,8,4,24,21,12,5,9,1],[10,22,6,14,2,18,3,15,19,16,20,7,23,11,17,13,8,4,24,12,1,5,21,9],[18,22,2,3,14,10,6,19,15,16,20,7,11,23,17,13,8,4,24,9,21,12],[6,18,2,3,14,22,10,15,19,20,7,16,23,11,13,17,8,1,24,4,9,12],[14,6,18,10,22,2,19,3,15,16,20,7,11,23,13,17,8,4,9,1,24,12,21],[18,14,6,10,22,2,19,3,15,16,20,7,23,11,13,17,8,4,24,1,5],[18,22,14,2,19,3,10,6,15,20,7,16,11,23,17,13,8,9,4,5,12,21,24,1],[14,18,2,19,3,22,6,10,15,20,7,16,11,23,17,13,8,4,21,5],[2,10,6,22,18,19,3,14,15,20,7,16,11,23,17,13,8,24,12,5,21,1,4,9],[2,10,18,3,22,6,14,19,15,20,7,16,11,23,17,13,8,21,5,9,24,4,12],[14,10,2,18,3,22,6,19,15,16,20,7,11,23,17,13,8,4,1,21,24,9,5,12],[10,6,14,22,2,18,3,15,19,16,20,7,11,23,13,17,8,21,1,24,5,4,12],[10,22,2,18,19,3,14,6,15,16,20,7,23,11,13,17,8,1,9,4,5,24,12],[22,10,18,2,3,14,6,15,19,20,7,16,11,23,17,13,8,1,21,4,12,9,5,24],[14,6,2,10,22,18,19,3,15,20,7,16,23,11,17,13,8,4,1,21,5,12,24],[10,22,18,14,6,2,19,3,15,20,7,16,11,23,17,13,8,1,4],[18,22,2,19,3,14,6,10,15,16,20,7,11,23,13,17,8,1,21,12,4,24,5,9],[14,2,22,18,19,3,6,10,15,20,7,16,23,11,13,17,8,4,12,21,1],[10,14,22,2,6,18,19,3,15,16,20,7,11,23,17,13,8,4,5,12,1,24],[14,2,6,10,22,18,3,19,15,20,7,16,11,23,17,13,8,5,24,4,12,1,9],[22,14,2,18,19,3,6,10,15,16,20,7,23,11,13,17,8,4,24,12,9],[22,10,6,2,14,18,19,3,15,16,20,7,23,11,17,13,8,5,1,4,12,9,21,24],[18,22,2,19,3,6,14,10,15,16,20,7,23,11,13,17,8,5,1,9,4,12,24,21],[18,2,19,3,10,6,22,14,15,16,20,7,23,11,13,17,8,4,1,24,21,5],[14,2,18,19,3,22,10,6,15,20,7,16,23,11,13,17,8,12,24,5,4,9],[10,18,14,22,6,2,3,15,19,16,20,7,23,11,13,17,8,4,1,12,24,5,9,21],[14,18,22,10,2,19,3,6,15,16,20,7,23,11,17,13,8,4,9,5,21,24],[14,2,18,19,3,22,6,10,15,16,20,7,23,11,17,13,8,4,5,12,24,1],[6,2,10,22,18,3,14,19,15,16,20,7,11,23,13,17,8,9,4,5],[14,22,6,10,18,2,19,3,15,20,7,16,11,23,17,13,8,1,21,4,12,9,24,5],[22,18,14,6,2,19,3,10,15,16,20,7,11,23,17,13,8,1,5,4,12,21,24],[6,22,14,10,2,18,19,3,15,20,7,16,23,11,13,17,8,5,4,21,1,9,12,24],[2,6,18,3,22,14,10,19,15,16,20,7,23,11,13,17,8,4,21,1,9,24,12,5],[14,2,6,10,22,18,3,15,19,16,20,7,23,11,13,17,8,21,12,1,4,24,5],[10,14,2,18,19,3,22,6,15,20,7,16,23,11,17,13,8,4,21,5,24,12],[22,2,18,3,10,14,6,15,19,20,7,16,11,23,13,17,8,4,5,12,9,1],[2,22,10,18,19,3,14,6,15,20,7,16,11,23,17,13,8,4,1,9,5,21,24,12],[22,18,2,3,6,14,10,15,19,20,7,16,23,11,17,13,8,5,4,9,1,24,21],[2,18,19,3,14,22,6,10,15,20,7,16,11,23,13,17,8,1,9,4,12,5,21,24],[6,18,14,22,2,19,3,10,15,20,7,16,23,11,17,13,8,24,21,4,5],[14,18,6,22,10,2,19,3,15,16,20,7,11,23,13,17,8,1,4,9,21,24,12,5],[2,10,14,22,6,18,19,3,15,20,7,16,11,23,17,13,8,1,5,4,24,12,21],[18,6,10,14,22,2,3,19,15,20,7,16,23,11,13,17,8,4,9,21,5,12,24,1],[10,6,22,14,2,18,3,15,19,20,7,16,23,11,17,13,8,12,24,1,5,4,21,9],[14,10,22,6,18,2,3,15,19,20,7,16,23,11,13,17,8,1,4,24,9,12,5,21],[22,10,14,2,6,18,19,3,15,16,20,7,23,11,17,13,8,24,5,4,21,9],[18,22,10,6,2,19,3,14,15,20,7,16,23,11,17,13,8,12,1,24,5,21,4,9],[6,2,22,18,3,14,10,19,15,16,20,7,11,23,13,17,8,21,24,4],[22,2,10,6,18,3,14,19,15,20,7,16,11,23,17,13,8,12,4,1,24,5,9,21],[22,2,10,18,3,14,6,15,19,16,20,7,11,23,17,13,8,9,5,21,24,1,4,12],[14,10,18,6,22,2,19,3,15,16,20,7,23,11,13,17,8,21,4,9,5,24],[18,10,14,2,19,3,6,22,15,20,7,16,11,23,17,13,8,1,12,24,4],[22,14,6,18,10,2,3,19,15,16,20,7,23,11,17,13,8,1,12,24,9,21,4,5],[22,6,2,18,3,10,14,19,15,20,7,16,11,23,17,13,8,4,5,9,12,21,24,1],[10,2,18,3,6,22,14,15,19,16,20,7,11,23,17,13,8,24,12,4],[10,18,22,2,19,3,6,14,15,16,20,7,23,11,17,13,8,24,9,1,4],[22,6,18,14,10,2,3,19,15,20,7,16,23,11,13,17,8,9,4,1,5,24],[18,10,6,2,3,22,14,15,19,16,20,7,11,23,13,17,8,12,1,4,5,9,24,21],[18,14,22,6,2,19,3,10,15,20,7,16,11,23,13,17,8,4,21,9,5,1,24,12],[18,2,19,3,6,22,14,10,15,16,20,7,11,23,13,17,8,4,1,12,21,24],[10,14,22,6,18,2,3,19,15,20,7,16,11,23,17,13,8,4,9,24,1],[22,2,18,3,10,14,6,19,15,20,7,16,23,11,17,13,8,5,1,4,12],[10,18,14,2,3,22,6,19,15,20,7,16,23,11,13,17,8,12,21,4,24],[18,14,22,6,2,19,3,10,15,16,20,7,23,11,17,13,8,21,5,4,9,24],[2,6,18,3,22,14,10,15,19,20,7,16,11,23,17,13,8,21,1,5,4,24,12],[6,2,10,18,19,3,22,14,15,20,7,16,11,23,13,17,8,4,21,24,12,5,1],[18,2,3,22,6,10,14,19,15,20,7,16,11,23,17,13,8,9,4,21,1],[10,22,2,6,18,3,14,15,19,20,7,16,11,23,17,13,8,4,5,12,21,9,24,1],[14,18,2,19,3,10,22,6,15,16,20,7,11,23,17,13,8,1,24,4,21,12,9,5],[18,2,19,3,22,6,14,10,15,20,7,16,11,23,13,17,8,21,9,1,4,12,24,5],[14,2,10,18,3,6,22,15,19,16,20,7,23,11,13,17,8,24,5,1],[22,18,10,14,6,2,3,19,15,20,7,16,11,23,17,13,8,24,4],[2,10,22,14,18,3,6,19,15,16,20,7,11,23,17,13,8,1,4,24,12],[14,2,6,18,19,3,22,10,15,16,20,7,11,23,17,13,8,4,12,21,24,5,1,9],[22,6,10,2,18,19,3,14,15,20,7,16,11,23,13,17,8,5,1,4,24,21,12,9],[14,6,10,18,2,19,3,22,15,20,7,16,23,11,17,13,8,1,4,24,9,5,12],[10,14,6,2,22,18,19,3,15,16,20,7,11,23,17,13,8,12,4,9,21,24,5,1],[18,6,22,2,3,14,10,15,19,16,20,7,23,11,17,13,8,1,4,9,21,24,12,5],[10,22,6,14,2,18,19,3,15,20,7,16,23,11,17,13,8,1,4,9,12,24,21],[14,18,22,10,2,19,3,6,15,20,7,16,11,23,13,17,8,4,12],[2,10,14,6,18,19,3,22,15,20,7,16,11,23,17,13,8,21,24,4,9,12,1],[6,10,14,22,2,18,19,3,15,20,7,16,23,11,17,13,8,1,4,9,5,12,24,21],[6,14,2,10,22,18,19,3,15,16,20,7,23,11,17,13,8,24,4,5,9,12],[2,14,10,22,6,18,3,19,15,16,20,7,23,11,13,17,8,4,9,1,24,12,21,5],[6,2,18,19,3,10,14,22,15,16,20,7,23,11,13,17,8,4,1,5,24,12,9],[10,2,22,6,18,3,14,15,19,16,20,7,11,23,17,13,8,1,21,5,4],[6,22,10,14,18,2,3,15,19,20,7,16,23,11,17,13,8,4,24],[22,10,2,14,6,18,3,15,19,16,20,7,11,23,13,17,8,5,4],[18,6,22,10,2,3,14,15,19,16,20,7,11,23,17,13,8,12,1,4,5,21,24],[10,14,6,22,2,18,19,3,15,16,20,7,23,11,13,17,8,4,24,21,5],[22,6,2,10,18,19,3,14,15,16,20,7,23,11,13,17,8,21,1,4,5,9,12,24],[6,18,10,14,22,2,3,15,19,16,20,7,23,11,13,17,8,4,9,5,12,24,21,1],[14,22,2,18,3,6,10,19,15,20,7,16,23,11,13,17,8,4,24,5,9],[10,6,22,14,2,18,19,3,15,20,7,16,11,23,17,13,8,5,4,24,9,21,12,1],[18,22,2,19,3,10,6,14,15,16,20,7,23,11,13,17,8,5,12,4,24,1],[18,6,10,14,22,2,3,19,15,20,7,16,11,23,13,17,8,1,4,24,21,5,9,12],[18,2,19,3,10,6,14,22,15,20,7,16,23,11,13,17,8,4,21,5,24,12],[10,6,18,22,14,2,3,15,19,20,7,16,11,23,17,13,8,12,21,1,4,24,9,5],[10,18,14,2,19,3,6,22,15,20,7,16,11,23,17,13,8,4,9,12,21,24,5],[10,2,14,22,6,18,19,3,15,20,7,16,11,23,17,13,8,4,1,24,12,9,21,5],[22,14,2,18,3,10,6,15,19,16,20,7,23,11,17,13,8,9,12,1,21,24,4],[14,2,22,18,19,3,10,6,15,16,20,7,11,23,17,13,8,4,1,24,5,21,12],[2,22,10,14,18,3,6,19,15,16,20,7,23,11,17,13,8,9,1,4,24,5,21,12],[14,18,2,3,22,6,10,15,19,16,20,7,23,11,13,17,8,1,12,4,9,21,24],[6,18,14,10,22,2,3,15,19,16,20,7,11,23,13,17,8,24,9,4,12,5,21,1],[10,6,14,22,18,2,3,19,15,20,7,16,11,23,17,13,8,4,21,24,5,12,1,9],[2,22,14,10,6,18,19,3,15,20,7,16,11,23,17,13,8,5,9,12,1,4,21,24],[2,14,18,19,3,6,22,10,15,16,20,7,11,23,13,17,8,5,4,21,24,1,9],[10,2,14,6,22,18,3,19,15,20,7,16,23,11,17,13,8,1,9,4,12,5,24],[6,22,10,2,18,3,14,15,19,20,7,16,23,11,13,17,8,4,21,24,12,9,5],[10,22,14,2,6,18,19,3,15,16,20,7,11,23,17,13,8,4,21,24,12],[18,10,14,2,3,6,22,19,15,16,20,7,23,11,13,17,8,9,4,21,24,12,1,5],[10,14,18,22,2,3,6,19,15,16,20,7,11,23,17,13,8,4,21,5,24,1,12,9],[2,10,22,6,14,18,3,19,15,20,7,16,23,11,13,17,8,4,12,5,21,24],[22,14,6,10,18,2,3,15,19,20,7,16,23,11,17,13,8,5,21,24,1,12,4],[14,18,10,6,2,19,3,22,15,16,20,7,23,11,13,17,8,1,4,21,24,12,5,9],[14,10,2,22,18,3,6,19,15,16,20,7,23,11,13,17,8,24,4,12,5],[22,10,6,2,18,3,14,19,15,20,7,16,11,23,13,17,8,24,21,4,9,5,1],[18,22,14,2,3,10,6,15,19,16,20,7,11,23,17,13,8,1,9,4,12,5,21,24],[2,6,10,22,14,18,3,15,19,20,7,16,11,23,13,17,8,1,4,5,24,21,9,12],[2,18,3,22,6,10,14,19,15,20,7,16,11,23,13,17,8,12,4,24,1],[14,18,10,22,6,2,19,3,15,20,7,16,23,11,13,17,8,1,4,5,24,21,12,9],[14,2,6,22,10,18,19,3,15,16,20,7,23,11,17,13,8,4,9,5,21,12,24,1],[6,14,22,10,18,2,3,19,15,20,7,16,11,23,17,13,8,4,9,21,5,24,12,1],[22,18,2,19,3,10,14,6,15,20,7,16,23,11,17,13,8,4,9,12,5,24,1],[22,10,6,14,18,2,3,15,19,20,7,16,23,11,13,17,8,1,4,5,12,9,24,21],[6,18,10,14,2,19,3,22,15,16,20,7,11,23,17,13,8,12,1,4,24,9,5],[2,6,18,3,14,10,22,19,15,16,20,7,23,11,17,13,8,1,4,9,24,12,5],[18,14,10,22,2,19,3,6,15,16,20,7,11,23,13,17,8,12,9,1,4,24,5],[6,2,10,14,22,18,3,15,19,16,20,7,11,23,17,13,8,4,21,24,12],[6,22,2,18,19,3,14,10,15,20,7,16,23,11,17,13,8,21,1,24,4],[22,10,18,6,14,2,3,19,15,20,7,16,11,23,17,13,8,4,24,1,12,21,9,5],[10,22,6,14,2,18,3,15,19,16,20,7,11,23,17,13,8,21,1,4,24,9,5,12],[6,2,10,18,3,14,22,15,19,20,7,16,23,11,17,13,8,4,24,21,1,5,9,12],[18,14,10,2,19,3,6,22,15,16,20,7,11,23,17,13,8,4,12,21,5,1],[