{"problem_id":"TkAakDMXBOIGmQ7","sigma":75,"alpha":10.000,"cost":0,"probabilities":"[0.28, 0.22, 0.18, 0.32]","payoff_matrix":"[[-78, 83, 79, 101, -20, 71], [-100, -69, -44, -31, -14, 18], [19, -14, -111, -46, 3, 4], [97, -2, -88, 135, -57, -83]]","uncovered":[[4,16,1,13,24,2,5,8,18,12,11,17],[12,8,24,20,4,16,1,13],[12,16,4,1,13,22,19,18,23,8,14,7,2,24],[24,4,8,20,16,13,1,3,11],[4,24,16,1,20,13,11,5,8,22,2,6],[20,4,8,12,24,16,1,13],[12,4,24,8,16,1,20,13],[8,24,4,16,13,1,5,11,19,10,23,18,9,14,12],[12,24,20,8,16,4,13,1],[4,16,1,13,10,24,19,8,20],[24,12,4,8,20,16,1,13],[4,8,20,12,16,13,1,3,21,24],[24,12,20,4,8,16,13,1],[24,12,4,8,20,16,13,1],[20,16,12,4,1,13,23,5,8,24],[4,20,24,16,13,1,10,7,21,18,6],[12,20,16,4,13,1,7,22,18,10,15,8,24],[20,16,12,8,24,4,13,1],[4,16,1,12,24,13,18,14,6],[24,12,16,8,20,4,1,13],[12,8,20,4,24,16,1,13],[16,20,24,8,12,4,1,13],[8,16,4,1,13,12,7,23,6,20,24],[8,24,16,12,4,13,1,3,20],[20,24,8,4,16,13,1,11],[4,12,24,8,16,13,1,17],[8,24,16,20,12,4,13,1],[4,24,12,8,16,13,1,19,2,20],[12,20,16,4,13,1,22,15,23,8,24],[16,24,12,8,20,4,13,1],[4,12,20,16,1,13,7,23,24,5,8],[8,12,24,4,16,13,1,19,20],[20,8,12,16,4,13,1,3,7,22,24],[20,8,24,12,16,4,1,13],[8,12,20,16,24,4,1,13],[8,20,24,16,4,1,13,12],[8,16,20,12,24,4,13,1],[20,4,24,8,16,1,13,12],[24,8,20,4,16,1,13,10,2],[16,20,8,24,12,4,1,13],[16,20,12,24,8,4,13,1],[20,8,24,4,16,13,1,7,12],[20,24,12,8,4,16,13,1],[24,4,20,16,13,1,19,8,10],[8,4,24,20,16,13,1,9,12],[20,8,4,12,24,16,1,13],[20,12,16,24,8,4,1,13],[20,12,24,16,4,13,1,7,5,21,8],[12,24,8,16,4,1,20,13],[16,12,4,1,13,23,17,22,6,24],[16,24,4,13,1,18,11,7,12,17,6],[24,20,8,4,12,16,13,1],[20,4,24,16,13,1,7,22,2,12],[4,20,24,12,8,16,1,13],[4,24,16,1,13,7,6,20,12],[24,16,12,8,4,13,1,7,22,17],[4,12,16,13,1,21,24,20,7,15,6],[12,16,4,1,13,24,5,8,14,17,15,6],[12,8,16,20,24,4,13,1],[16,8,20,24,4,13,1,10,6],[16,8,12,4,13,1,20,15,22,24],[4,24,20,16,1,13,10,12,15,8],[16,20,12,8,4,13,1,24],[24,20,8,12,4,16,13,1],[16,24,12,20,8,4,1,13],[12,24,8,16,4,1,20,13],[4,12,24,8,16,1,13,23,7,19,18],[20,8,16,12,24,4,1,13],[20,4,24,8,12,16,13,1],[24,16,20,12,4,13,1,5,8,14],[8,24,16,12,4,1,20,13],[20,24,12,16,4,13,1,8],[20,12,8,24,4,16,13,1],[16,8,4,1,12,13,5,7,9,17,22,23,24],[12,24,8,4,16,13,1,19,14,20],[8,4,12,20,16,1,13,21,24],[4,12,8,16,13,1,3,22,10,24,6,15,19,20],[8,24,20,16,12,4,13,1],[4,16,13,1,21,24,11,8,17,12],[12,8,16,4,13,1,2,21,24,20],[24,20,4,12,16,13,1,8],[4,24,20,12,8,16,1,13],[8,16,20,24,4,13,1,14,9,12],[16,12,8,20,4,1,13,18,24],[20,8,4,16,1,13,12,11,3,23,21,24],[20,4,12,16,13,1,21,24,7,2],[20,24,4,8,16,13,1,7,9,12],[12,4,20,8,24,16,1,13],[24,8,20,16,12,4,13,1],[8,12,4,24,16,13,1,19,20],[24,16,8,4,1,12,13,19,21,2,22,20],[4,12,20,24,16,1,8,13],[12,16,4,13,1,21,24,7,8,17],[4,16,13,1,8,17,10,24,22,9,12],[4,20,12,16,13,1,2,23,21,24,8],[4,12,8,24,16,13,1,5,14,17],[4,12,24,20,16,13,1,9,8],[16,8,24,12,20,4,1,13],[20,12,24,16,8,4,13,1],[20,16,4,13,1,19,12,24,8],[8,4,24,12,16,13,1,18,19,11,22],[20,24,12,16,4,1,13,7,8],[4,24,12,20,16,13,1,6],[20,4,8,12,24,16,13,1],[16,20,4,13,1,23,22,12,5,8,6,24],[4,12,24,16,1,13,20,6],[4,20,12,24,8,16,1,13],[4,12,16,1,24,13,21,20,5,8,3],[12,16,20,8,24,4,13,1],[24,20,12,8,16,4,13,1],[8,24,12,20,4,16,1,13],[8,4,20,16,13,1,9,12,18,23,21,22,24],[20,16,24,8,12,4,13,1],[20,12,8,16,4,13,1,3,24],[12,8,4,24,20,16,13,1],[12,4,16,13,1,22,8,24,20],[24,4,12,16,1,13,5,8,19,17,14],[4,16,13,1,19,8,24,12,23,10,21,11,3,7,20],[16,17,12,8,4,13,1,10,22,20,11,23,3,21,24],[20,12,8,4,16,13,1,23,9,24],[8,24,20,16,4,13,1,9,12],[16,20,12,24,8,4,13,1],[8,20,24,12,4,16,1,13],[16,8,20,12,4,13,1,23,22,18,2,10,24],[12,20,16,8,4,13,1,15,21,24],[20,16,4,13,1,7,21,24,6,10],[20,8,24,4,12,16,13,1],[4,8,12,24,20,16,1,13],[16,20,24,12,4,13,1,17,14,6],[4,24,8,16,1,13,19,11,7,17],[20,16,8,24,4,13,1,11],[16,8,24,12,4,1,13,14,19,9,23,18],[24,16,20,4,1,13,5,8,15,10,9,12,14],[24,12,16,8,20,4,13,1],[16,24,12,20,4,13,1,5,8,6],[12,8,20,4,16,1,13,3,24],[4,20,8,12,24,16,13,1],[8,12,20,24,4,16,1,13],[8,12,24,16,4,13,1,22,6,19,20],[20,12,24,4,16,13,1,5,8,18],[8,16,12,20,4,13,1,18,3,24],[4,8,12,16,1,13,21,24,18,20],[16,12,8,4,1,13,19,24,15,18,17],[12,24,20,16,8,4,13,2],[4,16,1,8,24,20,13,9,12],[16,4,1,13,8,9,12,18,24,11,17],[8,4,12,24,16,13,1,20],[16,12,8,20,4,1,24,13],[20,8,4,16,13,1,23,11,10,24],[24,20,8,16,4,13,1,11],[16,8,12,20,24,4,13,1],[4,16,13,1,17,21,24,5,8,12,20],[20,24,16,8,4,13,1,12],[12,16,24,20,4,1,8,13],[4,24,8,16,1,13,9,12,19,18,22,21,20],[8,16,24,12,4,13,1,15,18,17],[8,24,12,16,20,4,13,1],[12,24,4,8,16,1,13,23,3,20],[8,16,24,20,12,4,1,13],[20,16,8,4,1,13,10,23,3,18,22,21,24],[20,4,24,16,13,1,8,10,9,5,15,12,21,6],[12,24,8,20,16,4,1,13],[16,12,8,24,20,4,13,1],[16,12,24,8,20,4,13,1],[8,16,12,20,24,4,13,1],[24,16,8,12,4,1,20,13],[20,16,12,8,24,4,1,13],[12,24,8,16,20,4,13,1],[12,24,16,4,1,13,19,6,17],[24,8,12,20,4,16,1,13],[16,12,24,4,13,1,6,20],[24,8,4,20,16,1,13,14,9,12],[8,12,4,16,13,1,24,15,17,7],[12,24,20,16,8,4,13,1],[12,4,24,8,20,16,13,1],[16,12,20,4,13,1,23,7,10,24,2],[8,20,16,4,1,13,10,23,11,21,24],[16,4,13,1,5,8,9,12,21,24,6,19,3,20],[12,20,8,24,4,16,1,13],[8,16,24,12,4,1,20,13],[16,4,13,1,24,20,12,3,6],[20,4,8,12,24,16,13,1],[24,20,4,16,1,8,13,10,9,2,12],[8,4,16,13,1,11,18,24,7,20],[20,12,4,16,1,24,13,10,8],[16,24,12,8,20,4,13,1],[4,24,12,20,16,1,13,22,8],[20,12,8,24,4,16,1,13],[20,8,16,24,4,13,1,12],[8,16,4,1,13,18,12,24,23,20],[20,12,16,4,13,1,21,24,8],[20,16,8,24,12,4,1,13],[4,16,13,1,22,20,10,12,14,5,8,24],[4,24,20,8,16,13,1,10,11],[8,20,16,24,12,4,13,1],[8,20,4,12,16,1,24,13],[8,20,24,16,12,4,1,13],[20,8,12,24,16,4,13,1],[12,4,16,13,1,19,8,17,10,21,24],[8,16,4,13,1,12,24,11,17],[4,16,1,13,21,20,24,5,8,11,18,14],[24,12,4,8,20,16,1,13],[24,8,4,16,13,1,15,12,17,19,7],[12,16,4,13,1,21,24,8,17],[4,24,8,12,16,13,1,17,20],[12,16,24,8,20,4,1,13],[4,12,8,16,13,1,18,22,23,6,17,3],[24,4,20,16,13,1,6,14,12],[8,20,12,16,4,13,1,23,7,10,24],[24,12,20,16,4,13,1,5,8,18,14],[16,24,8,12,20,4,1,13],[8,20,24,16,12,4,1,13],[8,24,20,16,4,13,1,22,10,11],[4,20,24,12,8,16,1,13],[24,12,16,8,20,4,1,13],[8,16,20,4,13,1,12,3,24],[20,24,4,12,8,16,1,13],[8,20,12,24,4,16,1,13],[8,12,20,24,16,4,1,13],[20,24,8,4,16,13,1,12],[16,8,4,1,12,20,24,13],[16,20,12,8,4,13,1,23,6,22,2],[12,24,4,16,13,1,8,17],[24,8,20,4,16,1,13,2,14,10],[16,12,20,4,13,1,21,24,3,23,6],[8,24,4,20,12,16,13,1],[12,16,24,20,4,1,13,6],[4,12,24,8,20,16,13,1],[4,16,13,1,19,10,21,24,5,8,3,14,7,17],[20,16,12,4,1,13,24,8],[16,20,24,8,4,1,12,13],[20,16,12,4,13,1,6,14,24],[8,16,4,13,1,15,20,11,21,24,10],[16,12,4,1,13,5,8,17,24,6],[24,16,8,12,4,1,13,20],[4,24,16,1,12,13,11,5,8,18,22,9,20],[8,12,4,20,16,1,13,21,24],[12,4,16,1,20,24,13,7,5,8],[16,20,12,4,13,1,24,8],[8,16,4,1,13,24,12,17],[8,20,16,24,4,13,1,2,22,21,12],[12,4,8,24,20,16,13,1],[4,20,24,8,16,13,1,11],[20,8,12,4,24,16,1,13],[16,12,8,20,4,1,13,6,22,3,23],[20,24,12,4,16,1,8,13],[24,4,16,13,1,21,10,8,12,17],[24,8,20,4,16,1,13,12],[12,20,24,4,16,1,8,13],[20,8,16,12,4,13,1,10,7,2,19,23,24],[4,12,24,20,8,16,13,1],[12,20,24,8,4,16,13,1],[4,8,24,16,13,1,12,2,17],[24,16,20,4,13,1,7,9,12,11,2],[8,24,16,20,4,13,1,10,22,17],[12,24,16,8,20,4,13,1],[8,16,4,1,24,13,12,7,20],[20,8,16,4,13,1,22,12,24],[16,4,13,1,21,24,5,8,19,9,12,20,11],[20,24,4,12,16,13,1,18,8],[20,16,12,24,8,4,13,1],[20,4,16,13,1,12,5,8,10,23,11,24],[12,20,24,4,8,16,13,1],[24,8,20,16,12,4,13,1],[12,8,24,4,20,16,13,1],[24,16,4,13,1,8,18,9,12,17],[24,12,4,16,13,1,18,7,8,5,19],[12,24,8,20,4,16,1,13],[16,12,8,24,4,13,1,6,15,20],[24,8,20,12,4,16,1,13],[8,12,20,24,16,4,13,1],[12,8,24,4,16,13,1,3,20],[4,24,8,20,16,1,12,13],[12,8,20,4,24,16,13,1],[4,12,20,24,16,13,2,1,7],[24,4,20,8,12,16,1,13],[20,12,16,4,1,13,21,24,5,8,10,2],[24,4,12,20,8,16,13,1],[4,24,12,20,16,13,1,11,7,18],[8,12,24,20,4,16,1,13],[16,4,1,12,13,20,24,9,7,5,8],[8,16,12,24,4,1,13,20],[24,12,16,8,20,4,1,13],[20,8,16,4,13,1,7,9,12,21,24],[24,12,8,20,4,16,13,1],[24,20,8,16,12,4,13,1],[8,20,24,4,16,13,1,2,9,12],[24,16,5,8,13,20,12,3,1],[8,16,12,20,24,4,1,13],[24,4,20,12,8,16,1,13],[8,20,12,4,16,13,1,23,24],[20,4,16,1,13,5,8,12,15,24,21,14],[12,8,16,20,24,4,1,13],[20,4,24,16,1,13,21,9,12,5,8],[8,12,4,24,20,16,1,13],[4,16,13,1,8,20,21,24,10,5,12,15,6],[20,12,8,24,16,4,1,13],[12,16,20,4,13,1,23,22,8,18,21,24],[4,8,20,24,12,16,1,13],[12,8,16,24,20,4,13,1],[4,20,24,16,13,1,10,6],[8,20,4,12,16,1,13,5,23,9,15,22,24,10,6],[20,8,4,16,13,1,9,12,6,24],[16,24,20,8,4,1,13,3,12],[24,4,8,12,16,13,1,19,17],[4,8,12,24,16,13,1,7,17],[16,24,12,8,20,4,1,13],[12,24,4,8,20,16,13,1],[20,16,24,4,1,13,8,10,17],[24,8,4,20,12,16,1,13],[16,12,20,8,24,4,13,1],[24,20,16,4,13,1,10,14,8],[8,4,24,20,12,16,13,1],[8,4,24,16,13,1,22,20,11],[16,8,24,4,1,12,13,19,20],[8,12,24,16,4,13,1,17],[12,24,20,8,4,16,13,1],[12,24,20,16,8,4,1,13],[20,8,4,12,24,16,1,13],[16,12,20,24,8,4,13,1],[16,24,4,13,1,5,8,12,20,10,17],[24,20,12,8,16,4,1,13],[12,16,8,4,13,1,17,24],[20,4,16,13,1,12,24,11,17,8],[8,12,24,4,20,16,1,13],[24,20,16,8,12,4,1,13],[24,16,4,13,1,6,19,18,17,7,10],[8,20,12,16,4,1,13,23,6,9,22,24],[16,24,20,12,4,13,1,6],[4,16,1,13,10,5,8,21,22,24,17,11,23,19,15,2,6],[16,12,20,8,4,1,13,17,24],[20,8,4,16,1,13,12,7,5,21,24],[20,4,12,8,16,13,1,23,24],[8,4,24,20,16,13,1,10,15,12],[4,20,16,13,1,21,24,5,8,9,12,2],[8,4,16,1,13,23,18,10,21,24,20],[20,8,4,16,1,12,13,23,6,7,15,22,24],[16,12,20,4,1,13,21,24,8],[20,4,12,8,16,13,1,2,21,24],[24,16,20,4,1,13,2,9,12,6],[8,24,20,16,12,4,13,1],[24,20,12,4,8,16,13,1],[24,20,12,8,4,16,13,1],[12,16,24,8,4,13,1,19,18,20],[24,16,12,20,4,13,1,2,8],[20,8,12,24,16,4,1,13],[24,20,16,8,4,1,12,13],[20,16,12,24,8,4,1,13],[8,16,4,13,2,12,17,20,11,23,5,9,14,24],[4,16,1,13,22,14,19,20,5,8,6,12,21,24],[4,16,1,12,13,17,8,22,18,5,23,14,24],[4,8,16,13,1,10,19,6,21,12,24,20],[16,4,13,1,6,11,17,19,2,15,22,24],[8,4,24,20,16,13,1,12],[12,4,8,24,20,16,13,1],[24,12,4,16,13,1,5,8,20,23,3],[16,8,12,4,13,1,15,24,20],[12,24,16,8,20,4,1,13],[20,4,8,24,12,16,13,1],[16,24,4,1,13,7,12,20],[12,4,8,20,24,16,13,1],[12,20,16,8,24,4,13,1],[8,4,12,24,20,16,1,13],[8,12,24,4,20,16,13,1],[24,8,16,20,4,13,1,11],[8,12,16,4,1,13,20,24],[24,12,16,20,4,1,13,6],[8,24,20,12,4,16,13,1],[24,12,8,4,16,13,1,19,18],[24,8,12,4,20,16,1,13],[16,8,24,4,13,1,19,2,11,12,18],[4,16,1,8,13,17,24,12],[24,16,20,12,8,4,13,1],[12,16,8,24,4,13,1,22,17],[16,4,13,1,20,12,24,8],[12,4,16,1,8,24,13,20],[12,8,16,4,1,13,19,18,23,14,24],[4,24,16,1,8,12,13,20],[4,12,24,20,8,16,13,1],[8,12,16,24,4,1,13,20],[4,24,16,13,1,7,9,12,10,20,5,8],[16,4,13,1,6,18,14,24,12],[12,20,16,24,8,4,1,13],[20,16,24,8,12,4,13,1],[8,20,16,12,4,1,13,24],[4,12,24,16,13,1,8,18,14],[24,20,12,4,16,1,13,6],[20,16,8,24,4,1,13,9,12],[20,4,12,24,16,1,13,10,15,8],[8,16,24,4,13,1,17,10,21,2,20],[20,16,12,8,4,1,13,23,6,11,21,24],[4,12,20,8,16,13,1,11,22,23,17,19,2,9,3,10,24],[20,8,4,16,1,24,13,12],[16,24,12,20,4,13,1,8],[4,8,12,24,16,13,1,11,17],[4,8,12,24,20,16,1,13],[20,8,12,4,24,16,1,13],[8,12,4,16,13,1,23,20,24],[8,16,4,1,12,24,13,2,21,18],[8,20,12,16,24,4,13,1],[24,20,16,12,4,1,13,18,5,8],[20,12,24,4,8,16,1,13],[16,24,12,4,13,1,20,7,15,8],[20,24,8,16,4,13,1,15,9,12],[4,12,16,13,1,23,6,17,22,10,15,24],[12,16,8,24,4,1,13,20],[4,12,20,16,13,1,24,7,8],[16,12,4,1,8,13,23,19,17,24],[24,8,16,4,1,12,13,19,18,2],[12,8,4,24,16,1,13,22,11,9,7,10,15,3,18,6],[24,12,4,8,16,13,1,6,11,19,14,20],[8,16,20,4,1,13,12,10,21,24],[24,8,16,12,4,13,1,20],[24,16,20,4,1,13,9,10,7,5,8,21,18,2,12],[20,8,24,16,12,4,13,1],[8,4,12,20,16,1,13,3,21,24],[12,20,8,16,4,13,1,24],[4,12,20,24,16,13,1,7,3],[8,12,16,20,4,1,13,17,24],[20,16,24,8,4,13,1,11],[12,16,24,8,4,1,13,20],[4,12,16,13,1,7,14,17,22,23,6,21,24],[8,12,16,4,13,1,22,20,14,3,23,24],[20,24,4,16,1,13,6,17,9,12],[24,16,12,4,13,1,20,8],[16,24,4,1,13,5,8,10,23,20,22,19,6],[4,8,24,12,20,16,1,13],[20,24,8,16,12,4,1,13],[24,20,8,12,4,16,13,1],[16,4,13,1,18,7,23,9,12,8,17,6,24],[24,16,4,1,13,11,8,7,19,20],[4,16,1,13,7,12,24,20,23,8],[16,12,4,13,1,20,5,8,2,24],[12,24,16,20,8,4,13,1],[4,20,16,13,1,14,24,6,12],[12,8,20,16,24,4,1,13],[16,4,1,24,13,20,5,8,19,14,11],[24,16,20,8,12,4,1,13],[20,16,4,1,13,11,8,2,6,22,21,24],[4,24,12,16,13,1,19,15,20,5,8,3,7],[4,24,16,1,13,7,18,5,8,11,9,22,10,12,2],[16,4,13,1,8,15,20,24,12],[16,4,13,1,12,24,18,6,20],[4,16,1,24,20,8,13,3,10],[16,8,20,12,24,4,13,1],[20,4,8,24,12,16,1,13],[12,20,4,8,24,16,13,1],[24,4,12,20,8,16,13,1],[16,12,24,20,4,13,1,8],[16,8,4,1,20,13,11,6,22,24],[24,8,20,4,12,16,1,13],[24,20,16,12,8,4,13,1],[4,24,16,1,8,13,9,12,3,11,21,2,6,20],[4,16,13,1,19,12,2,24,6,18],[8,4,20,12,16,1,13,7,24],[24,16,4,1,13,11,17,19,10,5,8,7],[24,8,12,4,20,16,13,1],[24,4,16,13,1,17,9,12,5,8,2,14],[16,20,24,4,1,13,12,2,8],[20,24,4,16,1,13,10,14,8],[16,12,20,24,8,4,1,13],[16,12,8,4,1,20,24,13],[8,20,12,4,24,16,13,1],[16,20,24,12,4,13,1,8],[24,4,8,16,13,1,5,10,23,19,17,3,14,7],[20,16,24,8,12,4,1,13],[20,4,16,1,13,24,9,12,21,10,14,11,5,8],[8,12,20,4,24,16,13,1],[24,4,20,8,16,1,13,11],[16,8,12,4,1,13,21,24,19,20],[4,20,8,16,13,1,22,10,23,6,17,11],[8,16,20,24,12,4,1,13],[16,4,13,1,10,8,17,2,21,24,15,12],[4,12,8,24,20,16,1,13],[16,12,24,20,4,1,13,8],[16,4,13,1,14,18,12,24,5,8,6],[8,16,24,20,12,4,1,13],[8,4,20,12,16,1,24,13],[12,8,4,24,16,1,13,19,10,17],[20,12,16,24,8,4,1,13],[8,20,24,16,4,1,13,12],[8,20,16,24,4,13,1,9,12],[16,8,20,24,4,1,13,18,9,12],[20,24,12,4,8,16,1,13],[8,20,4,12,16,1,13,5,21,24,2],[12,16,24,20,4,13,1,8],[8,16,20,24,4,1,12,13],[12,20,16,8,24,4,1,13],[16,12,8,24,20,4,13,2],[16,8,24,12,4,13,1,20],[4,20,8,24,16,1,13,12],[8,12,16,4,1,13,23,20,22,24],[24,16,8,20,12,4,13,1],[24,12,8,4,16,13,1,18,20],[8,16,20,4,1,13,2,9,12,21,24],[20,16,8,24,12,4,13,1],[16,24,12,8,20,4,1,13],[4,20,16,1,24,13,6,10],[20,24,16,12,8,4,13,1],[20,12,8,4,24,16,13,1],[16,8,20,12,4,1,13,2,19,23,22,21,24],[24,12,4,8,20,16,13,1],[12,8,20,16,24,4,13,1],[20,16,12,4,13,1,7,22,21,24,23,11],[24,8,16,4,13,1,20,10,14],[4,12,16,1,13,5,8,22,19,21,24,17,18],[20,4,24,16,13,1,12,19,7],[12,20,24,16,8,4,1,13],[16,4,13,1,10,24,18,8,20],[12,16,24,20,4,1,13,23,18,7,9],[8,20,12,4,16,13,1,17,23,7,22,15,24],[20,8,12,16,4,13,1,7,18,21,24],[20,8,16,12,4,13,1,23,24],[8,24,20,12,16,4,13,1],[24,12,20,16,4,1,8,13],[20,12,16,8,4,1,24,13],[16,8,20,24,4,1,13,9,12],[8,24,4,12,16,1,20,13],[16,4,13,1,18,7,21,24,9,12,20],[4,12,24,20,16,1,13,6],[8,24,4,12,20,16,13,1],[16,8,24,12,20,4,1,13],[4,12,20,24,8,16,1,13],[8,20,12,24,4,16,1,13],[16,20,12,4,1,13,21,24,6],[12,24,20,16,4,1,8,13],[16,12,20,8,24,4,1,13],[20,8,12,24,4,16,1,13],[24,20,4,8,16,1,12,13],[20,24,4,12,8,16,13,1],[8,24,20,12,4,16,13,1],[8,20,12,24,16,4,1,13],[16,8,20,24,12,4,13,1],[8,24,16,12,20,4,1,13],[20,24,16,4,13,1,10,15,5,8,21,7,18,11],[4,12,20,8,16,1,13,3,22,24],[4,20,8,16,13,1,24,12],[8,20,16,4,1,13,21,24,11],[16,12,24,20,8,4,13,1],[4,24,8,16,13,1,9,12,18,17],[24,12,4,8,20,16,13,1],[24,20,16,12,4,13,1,7,9,8],[24,20,8,12,16,4,13,1],[20,4,16,1,13,22,11,12,5,8,24],[20,16,12,4,13,1,23,5,8,21,22,24],[20,8,24,4,12,16,13,1],[8,16,20,24,4,13,1,9,12],[20,4,16,13,1,7,11,22,8,21,24],[4,24,16,13,1,20,9,12,11,8],[12,20,16,24,8,4,13,1],[20,4,8,24,12,16,1,13],[8,4,20,24,12,16,1,13],[4,8,20,16,13,1,19,23,11,2,3,5,7,17,10,24],[8,24,16,20,4,13,1,3,23,21,18,7,9,12],[8,24,20,12,16,4,1,13],[4,8,24,20,16,1,13,11],[20,8,24,4,16,1,13,9,12],[20,16,4,13,1,10,5,8,21,24,19,9,11,14],[20,8,12,24,4,16,13,1],[20,4,8,12,16,13,1,23,2,11,21,24],[4,20,12,8,16,13,1,14,21,24],[20,16,4,1,13,5,8,12,19,23,9,6,15,24],[24,16,12,20,8,4,13,1],[12,8,16,24,20,4,13,1],[16,20,4,13,1,24,5,8,12,14],[4,8,24,12,16,13,1,17,3],[4,16,13,1,11,17,23,22,18,21,24,8],[24,8,4,16,13,1,18,10,19,20,21],[20,24,16,8,4,1,12,13],[12,24,16,4,1,13,5,8,7,9,17],[12,24,8,4,20,16,13,1],[12,20,4,16,1,13,7,5,8,17,19,22,21,24],[16,8,24,20,12,4,13,1],[16,24,4,1,13,19,3,10,8,18,11],[16,12,4,1,13,17,21,24,8],[20,8,4,16,13,1,23,22,12,21,24],[20,24,4,8,12,16,13,1],[16,20,12,24,8,4,1,13],[20,8,12,24,16,4,13,1],[12,8,16,20,24,4,13,1],[20,16,8,4,13,1,11,15,14,24],[20,16,24,12,4,1,13,8],[8,12,4,24,20,16,1,13],[16,4,1,13,17,24,6,2,11],[12,8,16,24,20,4,13,1],[4,8,20,24,12,16,13,1],[8,4,24,20,12,16,13,1],[24,16,20,4,13,1,9,12,15,6],[4,24,8,20,12,16,1,13],[8,4,12,20,16,13,1,24],[4,8,24,12,16,1,13,18,3,15,17],[20,8,16,12,4,1,13,24],[20,8,12,16,24,4,1,13],[12,16,4,1,8,24,13,19,17],[4,12,24,16,1,13,8,3,20],[16,8,12,20,4,1,13,5,24],[12,8,4,24,16,1,13,21,10,3,17],[16,24,12,8,4,13,1,18,11,5,17,14],[12,16,8,24,4,13,1,6,2,18],[8,24,4,20,16,1,12,13],[4,16,13,1,8,12,24,17],[8,12,16,4,1,13,14,17,22,21,24],[4,12,8,20,24,16,13,1],[20,12,4,16,1,24,13,14,6],[4,8,24,16,13,1,17,10,7,20],[4,24,12,8,16,1,20,13],[8,4,20,24,12,16,13,1],[12,24,20,16,8,4,13,1],[8,16,4,1,20,13,12,7,24],[20,12,24,4,16,13,1,8],[24,4,8,20,16,1,12,13],[20,4,16,1,24,8,13,5,18,9,12],[8,12,24,16,4,13,1,17],[8,20,16,24,4,1,13,9,12],[16,20,4,13,1,22,21,24,19,7,9,12],[24,16,12,20,8,4,13,1],[12,24,20,16,8,1,13],[20,12,16,4,1,24,13,5,8],[16,24,4,13,1,10,17,6,5,8],[24,16,4,13,1,5,8,9,12,19,6,20],[24,20,8,16,4,13,1,7,12],[8,20,12,4,16,13,1,24],[8,20,4,12,16,13,1,21,24],[12,4,16,13,1,18,8,15,23,21,24,3,7,19],[20,12,8,4,16,13,1,14,7,22,24],[24,4,16,13,1,19,12,8,2,23,6],[16,8,24,20,12,4,13,1],[24,12,4,16,1,13,5,8,20,6],[20,8,4,12,24,16,1,13],[16,24,12,4,13,1,18,7,19,10,20],[4,8,16,13,1,3,24,17,7,11],[12,16,20,8,24,4,13,1],[16,8,24,4,13,1,17,11,2],[16,12,8,4,1,13,23,19,20,24],[24,16,20,8,12,4,1,13],[20,4,8,12,24,16,1,13],[16,12,8,24,4,13,1,14,20],[12,8,24,4,20,16,13,1],[24,12,8,4,16,13,1,19,10,20],[8,12,20,24,4,16,1,13],[4,20,8,24,16,13,1,12],[12,16,24,20,8,4,13,1],[4,8,16,13,1,22,21,24,9,12,7,17],[20,24,8,12,16,4,13,1],[12,8,24,16,20,4,13,1],[4,20,24,16,1,13,14,8,10],[16,12,24,4,1,13,20,14,23,15,8],[16,4,13,1,20,21,24,11,7,18,5,8],[16,8,20,12,4,13,1,23,22,6],[20,12,16,24,8,4,13,1],[12,8,4,16,13,1,3,5,21,24,6,18],[8,20,12,16,4,13,1,11,24],[12,4,16,1,20,13,5,8,23,21,24],[8,20,16,4,13,1,12,24],[16,20,4,1,8,24,13,10,9,11],[8,24,20,4,12,16,1,13],[20,4,12,24,8,16,1,13],[4,24,8,16,13,1,19,12,20],[20,8,12,16,4,13,1,6,22,23],[20,8,24,16,12,4,1,13],[16,8,20,4,13,1,19,24,10],[12,4,16,1,20,8,13,18,6,22,24],[12,16,20,8,24,4,1,13],[16,24,8,4,1,12,13,19,20],[16,12,8,4,13,1,3,20,23,22,24],[12,24,8,20,16,4,1,13],[16,20,24,12,8,4,1,13],[12,24,20,4,16,1,13,8],[4,16,13,1,22,8,11,6,23,18,9,5,3,17,24],[16,8,20,12,24,4,13,1],[20,24,8,12,16,4,13,1],[24,8,20,16,4,13,1,12],[8,20,16,4,13,1,21,24,9,12],[4,20,12,24,8,16,1,13],[4,24,20,8,16,13,1,10,21,12],[4,12,20,24,16,1,13,6],[24,4,20,8,12,16,13,1],[24,12,4,16,13,1,19,2,8,3,14,20],[16,24,12,4,1,13,7,22,19,17,18],[16,12,4,1,24,13,7,8,20],[4,16,13,1,21,17,24,15,9,12,8,7],[12,20,4,16,13,1,8,5,24,11,7],[4,12,16,13,1,20,21,24,14,8],[24,4,8,12,16,13,1,17],[4,8,16,13,1,22,12,23,20,24],[8,12,24,20,4,16,1,13],[16,20,12,8,24,4,13,1],[12,24,20,4,16,1,8,13],[4,12,16,1,20,13,6,5,22,15,24],[20,12,24,4,8,16,1,13],[24,4,20,16,13,1,9,12,7,18,5,8],[8,4,12,24,20,16,13,1],[4,16,13,1,17,24,8,9,12],[12,4,20,8,24,16,1,13],[20,4,8,12,16,13,1,18,24],[16,12,20,8,4,13,1,21,24],[4,16,13,1,10,18,7,23,11,3,20,21,24],[12,16,24,20,8,4,13,1],[16,12,24,20,4,1,13,19,5,8],[16,20,8,24,4,1,13,10,12],[8,4,24,12,20,16,1,13],[4,16,13,1,23,8,5,9,12,17,11,10,7,18,15,24],[16,4,13,1,12,5,8,2,19,17,15,21,24,7],[24,8,12,16,4,13,1,23,20],[16,8,24,4,13,1,11,19,20],[20,4,12,16,1,8,13,24],[12,8,16,20,24,4,13,1],[20,8,16,12,24,4,13,1],[20,24,12,4,16,13,1,6],[12,16,24,20,4,1,13,7,9,18],[12,24,16,20,4,1,13,6],[16,4,13,1,12,5,8,18,24,21,22,6],[24,4,20,16,13,1,7,11,18,9,8],[12,8,20,4,16,1,24,13],[8,12,24,4,16,1,13,10,20],[4,20,12,24,16,13,1,6],[24,8,20,16,4,13,1,7,14,9,12],[20,24,16,4,1,13,9,12,5,8,14],[20,16,8,24,4,1,12,13],[4,24,20,8,12,16,1,13],[24,12,8,16,4,1,13,19,23,17],[12,8,4,20,24,16,13,1],[24,20,12,4,8,16,1,13],[8,20,4,12,24,16,13,1],[20,16,24,12,4,13,1,17,15,5,8,6],[12,16,8,20,24,4,13,1],[12,20,8,4,16,1,13,19,23,21,24],[16,20,9,12,8,4,1,13,22,14,24],[16,20,8,4,1,24,13,11],[12,4,20,24,8,16,1,13],[8,24,20,12,4,16,1,13],[16,20,8,12,24,4,1,13],[4,8,16,13,1,11,19,7,23,15,17,21,24],[16,20,24,4,1,12,13,8],[24,8,16,12,20,4,1,13],[8,20,12,16,4,13,1,7,23,6,5,21,24],[24,20,12,4,8,16,13,1],[24,8,16,20,4,1,12,13],[20,12,8,16,24,4,13,1],[12,24,20,4,8,16,1,13],[12,16,4,13,1,8,7,20,17,24],[16,8,4,1,12,24,13,14,19,3,22,7,17],[8,24,16,4,1,12,13,15,18,17],[20,24,12,8,4,16,1,13],[16,4,13,1,5,8,20,11,10,23,15,24,2,6],[24,12,20,8,16,4,13,1],[16,20,12,4,1,13,22,15,21,24,5,8,6],[12,16,20,8,24,4,13,1],[12,8,20,16,24,4,1,13],[4,8,24,16,1,20,12,13],[20,24,16,8,4,13,1,9,12],[20,8,24,4,16,13,1,11],[4,12,24,16,13,1,18,20,15,5,8,6],[20,24,4,8,16,13,1,2,6,12],[8,12,16,20,4,1,13,21,24],[16,20,8,4,1,13,9,12,23,24],[24,20,4,8,16,13,1,9,12],[16,20,8,24,12,4,13,1],[20,12,4,16,13,1,22,6,24],[20,16,4,1,24,12,8,13],[4,24,12,20,8,16,1,13],[24,16,20,8,4,13,1,11],[4,8,16,13,1,9,12,18,14,24,20],[20,4,16,1,8,12,24,13],[24,12,20,16,4,1,13,6],[16,24,4,13,1,20,11,6],[8,24,12,20,4,16,1,13],[4,24,16,13,1,22,7,12,15,19,6,20],[8,20,16,12,4,1,13,21,24],[20,4,12,16,13,1,3,17,24,11,5,8],[8,4,12,24,16,1,13,10,9,20],[24,4,8,12,20,16,13,1],[16,8,20,4,13,1,9,12,24],[20,16,24,4,13,1,8,9,12],[24,12,4,20,8,16,13,1],[20,8,16,4,13,1,18,11,23,19,22,24],[20,24,4,12,8,16,13,1],[24,16,4,1,13,20,8,12],[8,20,16,4,13,1,9,12,5,21,24,15,14],[8,16,24,20,4,13,1,12],[4,16,1,12,13,23,20,18,9,7,5,8,22,19,21,24],[24,4,8,20,16,13,1,11],[24,4,12,8,20,16,1,13],[16,20,8,4,1,24,13,12],[16,8,12,20,24,4,13,1],[24,20,8,4,12,16,1,13],[8,12,16,24,20,4,1,13],[4,8,16,13,1,17,12,19,24],[20,12,24,16,8,4,1,13],[16,12,24,20,8,4,13,1],[16,8,20,24,12,4,1,13],[24,12,16,8,20,4,1,13],[24,16,8,20,12,4,1,13],[20,4,8,24,16,1,13,14,10],[20,16,12,4,13,1,24,7,8],[4,24,20,12,16,13,1,6],[8,12,4,16,1,24,13,3,18,9,6],[12,16,4,1,8,20,13,17,14,22,21,24],[12,24,20,16,4,13,1,5,8,19,21],[20,8,12,16,24,4,1,13],[8,12,16,20,24,4,13,1],[24,20,4,8,16,13,1,10,18,17],[20,12,16,8,24,4,13,1],[16,4,1,13,6,12,24,18,17],[4,20,16,1,12,8,13,24],[20,12,8,16,4,1,13,24],[4,16,1,13,5,8,24,18,12,19,22,10,9,2,3,6],[4,20,8,24,16,13,1,22,12],[8,4,16,13,1,23,17,12,10,3,22,21,24],[12,20,8,16,24,4,13,1],[16,12,20,4,13,1,18,7,21,24,2],[4,16,1,12,8,24,17,13,14],[8,20,16,24,12,4,13,1],[8,16,20,24,4,13,1,19,15,3,9,12],[24,4,20,16,13,1,8,6,10],[24,12,20,8,16,4,13,1],[20,4,8,12,24,16,13,1],[20,16,12,24,4,1,13,6],[4,24,8,12,16,1,13,19,20],[4,24,16,1,8,13,17,12],[8,4,24,12,16,13,2,19,15,20],[8,12,4,16,13,1,18,24,11,6],[16,8,24,4,13,1,11,15,20,23,2],[8,20,12,16,24,4,1,13],[24,20,16,8,4,13,1,11],[12,24,4,8,20,16,1,13],[20,8,24,12,4,16,1,13],[8,12,20,16,4,13,1,24],[4,12,8,20,16,1,13,24],[12,16,4,13,1,20,21,24,14,8],[8,20,24,12,16,4,1,13],[4,16,13,1,8,19,10,22,20,21,24],[4,8,16,13,1,20,23,10,15,17,12,5,6,21,24],[8,4,24,16,1,13,10,17,9,19,14,18,12],[12,20,16,8,4,1,13,22,14,24],[16,24,8,20,12,4,13,1],[24,16,20,8,12,4,1,13],[4,12,8,16,13,2,24,20],[8,24,20,12,16,4,1,13],[12,8,24,4,16,1,13,19,9,5,11,14,17],[16,12,4,13,1,23,6,21,24,11,22,8,15,20],[8,4,12,24,20,16,1,13],[24,12,8,16,4,13,1,15,19,17,2],[16,12,24,8,20,4,1,13],[24,20,12,16,8,4,13,1],[16,8,20,12,24,4,1,13],[8,16,20,24,12,4,13,1],[12,4,20,24,8,16,13,1],[12,4,24,20,16,13,1,8],[4,20,8,24,12,16,13,1],[20,4,8,24,12,16,1,13],[24,8,16,12,4,13,1,17],[12,4,20,24,16,1,8,13],[20,12,4,16,1,24,13,23,6],[8,12,4,20,16,1,13,24],[20,12,8,24,16,4,13,1],[8,16,20,12,24,4,13,1],[16,12,8,20,24,4,13,1],[4,12,8,24,20,16,13,1],[4,12,24,8,20,16,13,1],[12,16,20,8,24,4,13,1],[24,20,16,4,1,8,13,9,12],[12,20,4,8,16,13,1,24],[16,12,24,8,20,4,1,13],[12,16,8,4,13,1,14,22,19,24,17],[16,8,20,24,12,4,1,13],[24,20,8,12,4,16,13,1],[24,20,16,4,13,1,19,12,11,7,10],[4,12,24,16,13,1,7,20,6],[24,4,12,20,8,16,1,13],[20,24,12,16,8,4,13,1],[8,24,16,12,4,1,13,6,20],[24,12,8,16,20,4,1,13],[24,12,4,8,20,16,1,13],[8,20,24,12,4,16,1,13],[8,16,20,12,4,1,13,23,22,21,24],[12,4,16,13,1,10,24,20,6],[24,4,20,16,13,1,19,2,10,8],[8,24,12,4,16,13,1,19,17],[20,4,8,24,16,13,1,2,11],[24,8,16,20,4,1,13,12],[4,20,12,24,8,16,1,13],[20,12,16,8,24,4,13,1],[4,12,24,16,1,13,5,8,20,6],[16,20,4,1,13,2,14,23,6,12,22],[20,12,8,16,24,4,1,13],[20,12,4,24,16,13,1,15,5,8,6],[12,20,24,16,4,13,1,5,8,17],[12,16,20,4,13,1,21,24,5,8,23,10],[4,12,8,24,16,1,13,20],[8,24,20,12,4,16,1,13],[12,16,20,8,4,13,1,23,11,7,22,19,18,24],[8,24,4,20,12,16,13,1],[20,12,16,8,24,4,1,13],[20,8,16,4,13,1,11,24],[8,16,20,24,4,1,13,5,10,7],[16,8,12,4,1,24,13,18,17],[16,24,20,8,12,4,1,13],[12,20,8,16,4,1,24,13],[12,4,24,8,20,16,13,1],[20,24,16,12,4,13,1,5,8,9,11,3],[4,16,13,1,7,21,24,17,6,19,12],[12,16,20,8,24,4,1,13],[4,24,12,16,13,1,8,20],[24,16,20,4,1,12,13,8],[12,20,16,4,1,13,5,8,7,24],[8,20,24,12,16,4,1,13],[12,16,20,24,4,13,1,3,5,8],[24,16,4,1,13,20,6,10],[20,12,4,8,16,13,1,24],[12,16,8,24,4,13,1,3,17],[8,12,24,16,4,1,13,20],[20,24,16,12,8,4,1,13],[20,8,24,16,12,4,13,1],[8,12,24,20,16,4,13,1],[12,8,16,4,1,13,20,9,7,21,24],[20,24,12,4,16,13,1,6],[12,4,24,8,20,16,1,13],[24,4,8,12,20,16,1,13],[8,20,12,4,24,16,13,1],[24,8,4,20,16,13,1,22,9,12],[12,20,8,16,24,4,1,13],[12,4,8,24,20,16,13,1],[20,24,8,16,12,4,13,1],[12,24,16,8,20,4,1,13],[8,12,16,20,24,4,13,1],[16,12,4,13,1,5,8,19,22,24,17,15,10,7],[20,16,4,13,1,9,12,7,17,23,3,5,8,18,22,24],[16,4,13,1,18,24,12,20,8],[20,4,12,16,13,1,15,24,7,8],[24,16,20,12,8,4,1,13],[8,16,24,20,12,4,1,13],[8,16,20,24,12,4,13,1],[20,16,4,1,13,23,24,6,11],[4,16,13,1,19,8,12,24,9,17],[20,4,16,13,1,24,5,8,14,12],[8,24,20,12,16,4,1,13],[4,24,12,20,16,1,8,13],[4,24,20,16,13,1,5,8,10,15,7,14],[16,4,13,1,7,19,21,24,9,12,5,8,10,20],[4,20,8,24,12,16,1,13],[24,20,8,4,12,16,1,13],[16,20,12,24,4,13,1,7,5,8],[4,8,16,1,13,19,17,22,10,24,18],[4,12,20,16,1,13,24,3,5,8],[20,8,4,24,16,1,13,9,12],[4,8,12,24,20,16,13,1],[8,20,24,16,12,4,1,13],[20,4,16,13,1,23,21,24,12,8],[20,16,8,4,1,24,12,13],[20,4,16,13,1,24,6,10],[20,12,16,24,8,4,1,13],[4,24,20,16,1,13,5,8,11,9,23,12],[20,4,12,8,24,16,13,1],[4,20,24,8,12,16,1,13],[24,20,4,16,1,13,10,14,8],[12,16,20,8,4,13,1,24],[12,8,24,16,4,1,13,19,17],[16,20,12,24,4,1,8,13],[8,4,16,13,1,6,20,23,22,15,24,12],[20,4,16,1,12,24,13,7,6],[8,16,20,12,4,1,13,2,22,21,24],[16,12,4,1,13,19,24,6,23,9,18],[24,8,12,16,4,1,20,13],[4,16,1,13,21,24,11,5,8,6,20],[20,8,24,4,12,16,13,1],[12,4,24,16,13,1,20,9,5,8,18],[16,8,24,4,1,13,12,15,20],[16,12,20,8,24,4,13,1],[24,12,20,16,8,4,1,13],[24,4,16,1,13,18,9,12,6,22,14],[12,4,8,20,24,16,13,1],[20,24,8,16,4,13,1,12],[20,16,24,12,8,4,1,13],[16,24,4,1,13,10,18,3,7,8,9,12],[24,8,16,12,4,1,13,20],[12,24,4,16,1,13,5,8,17,11,14],[8,20,12,4,16,1,13,23,18,2,10,5,22,6],[8,12,16,20,24,4,1,13],[12,16,8,4,13,1,24,18,21,15,11,20],[12,24,20,8,4,16,1,13],[4,12,20,16,1,13,22,6,24],[20,12,8,16,4,13,1,24],[12,24,16,4,13,1,20,6],[4,12,16,1,20,13,7,2,23,15,6,24],[16,8,12,4,13,1,18,23,20,21,24],[12,16,20,24,8,4,13,1],[16,8,4,1,24,12,13,20],[4,8,24,20,12,16,13,1],[20,8,4,24,12,16,1,13],[4,16,13,1,12,5,8,19,20,21,22,24],[20,4,24,12,8,16,1,13],[20,24,12,4,8,16,1,13],[4,8,24,12,16,1,13,22,17],[20,16,4,1,13,5,8,12,21,24,10,2],[12,20,4,8,16,1,13,23,24],[8,20,24,16,12,4,1,13],[8,4,12,20,24,16,1,13],[24,20,4,12,8,16,1,13],[20,4,24,12,16,1,13,6]]}