{"problem_id":"uAWLa7AB2EigNyt","sigma":150,"alpha":10.000,"cost":0,"probabilities":"[0.3, 0.12, 0.23, 0.35]","payoff_matrix":"[[137, -104, -24, 178, 131, 170], [114, 29, 158, 13, -182, -56], [8, 76, -59, -28, 125, -170], [107, 15, -19, -137, 89, -142]]","uncovered":[[20,4,1,17,3,19,12,16,8,24,18,2,5,9,23,13,15,6,7,22,10,11,21],[12,20,16,8,4,1,17,19,3,24,18,2,5,9,23,15,7,13,10,11,22,21],[8,20,4,17,1,3,19,24,12,16,2,18,5,9,15,22,14,23,7,11,21,13,6],[4,24,16,12,20,17,1,3,19,8,18,2,5,9,15,22,23,11,6,14,7,13],[12,8,4,20,17,1,3,19,16,24,18,2,5,9,13,15,22,6,21,10,11,7],[24,20,4,17,1,19,3,16,12,8,2,18,5,9,14,22,7,13,15,21,11,23,10],[20,16,4,17,1,19,3,24,12,8,2,18,5,9,23,13,15,14,10,11,22,21,7,6],[4,8,24,12,16,20,1,17,19,3,2,18,5,9,14,21,22,13,15,7,23,6,11,10],[12,24,8,16,20,4,1,17,3,19,18,2,5,9,14,15,23,11,6,7,22,21,10,13],[24,4,8,12,16,20,1,17,19,3,18,2,5,9,15,23,11,7,21,22,6,10,14,13],[4,20,17,1,19,3,12,16,24,8,2,18,5,9,22,14,23,7,13,11,15,10],[12,4,8,24,16,20,17,1,19,3,18,2,5,9,21,23,15,13,11,6,7,14,10,22],[16,24,20,12,8,4,1,17,19,3,18,2,5,9,13,23,15,7,10,22,21,11,6],[16,8,24,4,12,20,17,1,19,3,18,2,5,9,21,23,13,15,14,11,10,7,22],[24,20,12,4,17,1,19,3,16,8,18,2,5,9,13,15,21,23,14,11,6,22],[8,16,24,12,20,4,17,1,19,3,18,2,5,9,23,15,10,11,6,14,13],[24,12,4,20,1,17,3,19,16,8,2,18,5,9,15,21,23,22,10,11,13,7,6,14],[8,16,20,24,12,4,17,1,3,19,2,18,5,9,13,22,15,11,23,7,14],[24,4,12,8,20,17,1,19,3,16,2,18,5,9,14,15,22,23,11,21,6,10,7,13],[20,4,17,1,3,19,16,8,24,12,18,2,5,9,13,15,21,23,10,11,7,22,14],[16,4,20,1,17,3,19,8,12,24,2,18,5,9,21,13,23,15,11,22,14,6,7,10],[12,20,4,17,1,3,19,8,16,24,2,18,5,9,23,14,13,15,7,11,21],[4,20,17,1,19,3,8,12,24,16,2,18,5,9,15,13,22,11,23,10,14],[16,20,4,1,17,19,3,8,24,12,18,2,5,9,14,21,13,7,23,6,15,11],[8,4,20,17,1,3,19,12,16,24,18,2,5,9,13,23,15,11,14,6,7,21],[4,16,8,12,20,1,17,3,19,24,2,18,5,9,21,23,14,22,13,15,11,7],[24,16,20,12,8,4,1,17,19,3,2,18,5,9,13,15,23,6,14,22,10,11],[8,24,20,16,12,4,17,1,3,19,2,18,5,9,21,13,15,22,10,11,6,7,23,14],[16,8,24,20,12,4,17,1,3,19,18,2,5,9,21,14,23,13,15,11,22,7,10],[4,20,17,1,19,3,16,24,12,8,2,18,5,9,22,11,15,21,23,13,6,7,14],[24,4,8,20,1,17,19,3,12,16,18,2,5,9,15,22,13,23,11,6,14],[16,8,12,4,20,17,1,3,19,24,18,2,5,9,22,13,15,23,14,11,10,21,6,7],[4,8,20,17,1,19,3,24,12,16,18,2,5,9,23,11,15,22,14,7,6,10,13,21],[16,24,4,8,12,20,1,17,3,19,18,2,5,9,13,15,23,22,11,10,6,7,14],[12,20,4,1,17,19,3,24,8,16,2,18,5,9,21,15,23,13,7,22,11],[24,8,12,16,20,4,1,17,3,19,2,18,5,9,23,14,10,13,15,11,7],[8,12,4,24,20,17,1,19,3,16,2,18,5,9,13,15,11,21,23,6,14,7],[4,16,24,12,20,1,17,19,3,8,18,2,5,9,13,21,23,15,14,10,11],[4,8,24,16,12,20,17,1,3,19,2,18,5,9,21,23,14,15,10,7,11,6,13],[8,12,16,24,20,4,17,1,3,19,18,2,5,9,23,15,21,10,7,11,13,14,22,6],[8,20,16,12,24,4,17,1,3,19,2,18,5,9,23,13,15,7,6,11,10,21,14,22],[20,12,24,16,8,4,1,17,3,19,2,18,5,9,13,15,23,10,7,11],[12,16,4,8,20,17,1,3,19,24,18,2,5,9,15,21,23,11,22,7,14,13],[8,20,24,16,12,4,17,1,19,3,18,2,5,9,23,14,10,15,21,11,13,7,22,6],[12,20,8,16,24,4,1,17,3,19,2,18,5,9,14,22,13,15,23,6,11,10,21],[12,8,16,4,20,17,1,19,3,24,2,18,5,9,23,15,13,11,6,14,7,21,22],[12,16,24,4,20,17,1,3,19,8,2,18,5,9,21,23,15,6,13,7,11],[16,12,8,24,4,20,1,17,3,19,2,18,5,9,14,7,13,15,22,21,10,11,23],[8,20,24,12,16,4,17,1,3,19,2,18,5,9,15,21,23,11,13],[12,16,8,4,20,1,17,3,19,24,2,18,5,9,22,13,15,14,6,11,21,23],[24,20,8,16,12,4,17,1,3,19,18,2,5,9,21,13,15,23,10,11],[8,24,20,16,12,4,1,17,19,3,2,18,5,9,22,14,13,15,21,11,23],[12,20,24,4,1,17,19,3,16,8,2,18,5,9,14,22,13,15,21,23,7,11,6],[12,20,8,4,17,1,3,19,24,16,18,2,5,9,15,22,7,23,6,11,13,21,10],[20,12,24,4,17,1,19,3,8,16,2,18,5,9,22,15,21,14,10,11,7,6,13,23],[24,8,12,16,4,20,1,17,19,3,18,2,5,9,13,15,23,11,7,10,14,21,22,6],[24,16,12,8,4,20,1,17,19,3,2,18,5,9,21,15,23,10,22,11,6,7],[8,24,12,4,20,1,17,3,19,16,18,2,5,9,14,21,22,13,15,10,7,11],[8,4,20,1,17,3,19,24,12,16,2,18,5,9,22,14,10,7,11,23,13,15,21,6],[20,4,17,1,3,19,16,8,12,24,2,18,5,9,22,14,21,23,15,13,10,11,7,6],[24,12,4,16,8,20,17,1,3,19,2,18,5,9,22,15,6,21,14,7,10,11,23,13],[8,4,16,20,17,1,3,19,24,12,2,18,5,9,13,15,23,21,10,11,6,14],[4,20,17,1,3,19,12,16,24,8,2,18,5,9,13,15,23,21,10,7,11,6,22,14],[16,4,20,1,17,19,3,8,24,12,18,2,5,9,7,13,15,21,23,11,14,10,22,6],[20,4,17,1,3,19,24,16,12,8,2,18,5,9,14,10,11,21,23,13,15,7,6],[20,4,1,17,3,19,24,8,16,12,18,2,5,9,23,13,15,22,7,10,11,14,21],[24,4,12,8,20,17,1,19,3,16,2,18,5,9,15,14,21,23],[24,8,16,20,12,4,17,1,19,3,2,18,5,9,13,14,15,23,21],[8,20,4,17,1,3,19,16,12,24,2,18,5,9,21,15,14,23],[4,16,20,1,17,19,3,12,8,24,18,2,5,9,22,15,21,11,13,7,6,14,23],[4,20,17,1,19,3,12,8,24,16,2,18,5,9,14,23,10,15,11,6,22,13,7,21],[16,12,8,20,4,17,1,19,3,24,18,2,5,9,22,7,13,15,21,23,10,11,6],[4,8,20,17,1,3,19,24,16,12,18,2,5,9,11,23,13,15],[20,8,16,4,1,17,3,19,12,24,2,18,5,9,15,21,11,23,13,7,14,22,6],[12,16,20,4,17,1,3,19,8,24,2,18,5,9,21,13,15,23,7,10,11,14],[16,12,20,8,4,17,1,19,3,24,2,18,5,9,23,15,11,10,7,6],[8,24,20,16,4,1,17,3,19,12,2,18,5,9,23,14,13,15,6,11],[12,24,4,8,20,17,1,19,3,16,2,18,5,9,15,22,6,11,23,14,10],[4,16,24,20,17,1,19,3,12,8,18,2,5,9,13,15,21,23,7,6,11,22,10],[16,24,12,8,20,4,17,1,19,3,2,18,5,9,22,15,11,10,14,21,23,6,7,13],[20,12,8,24,16,4,17,1,3,19,2,18,5,9,22,15,21,11,14,6,23,13,7],[8,24,12,20,16,4,17,1,19,3,2,18,5,9,21,14,15,23,10,11,13,6,22,7],[24,16,12,8,4,20,1,17,3,19,2,18,5,9,13,15,22,23,21,10,11,7,6,14],[12,4,8,16,24,20,17,1,19,3,18,2,5,9,13,15,23,7,10,11,21],[4,12,16,20,17,1,3,19,24,8,18,2,5,9,13,15,21,23,10,11,14,6,22,7],[20,16,12,4,1,17,19,3,8,24,18,2,5,9,21,13,15,23],[24,20,16,4,1,17,19,3,12,8,2,18,5,9,15,22,14,21,10,11,23],[16,20,12,8,4,1,17,3,19,24,2,18,5,9,15,11,22,21,23],[12,20,24,8,4,1,17,19,3,16,2,18,5,9,21,22,14,15,11,23,6,7,10,13],[16,20,12,4,17,1,19,3,8,24,18,2,5,9,22,10,14,11,13,6,15,23,7,21],[16,4,24,12,8,20,1,17,3,19,18,2,5,9,14,23,11,13,15,7,10,6,22],[4,20,17,1,3,19,16,24,8,12,2,18,5,9,22,15,23,7,6,11,21,10,13],[20,4,1,17,3,19,8,24,12,16,18,2,5,9,23,11,15,22,21,14,6,13,10],[20,24,12,8,4,17,1,19,3,16,2,18,5,9,10,21,13,15,23,11,7,14,6],[20,24,8,12,16,4,17,1,3,19,2,18,5,9,22,15,21,11,6,13,23,7,14,10],[16,4,24,12,8,20,17,1,19,3,18,2,5,9,14,13,23,15,11,22,7],[24,20,4,1,17,19,3,8,16,12,2,18,5,9,13,7,15,14,22,11,23,21],[16,20,24,12,8,4,1,17,3,19,2,18,5,9,6,23,11,15,22,10,14,13],[24,20,4,1,17,3,19,16,12,8,18,2,5,9,15,21,23,11,10,22,14,13],[16,20,4,17,1,19,3,8,24,12,2,18,5,9,15,21,23,7,11],[12,20,8,24,4,17,1,19,3,16,18,2,5,9,22,13,15,10,11,21,6,14,7,23],[16,4,12,20,17,1,19,3,8,24,18,2,5,9,13,23,15,11,22,14],[8,12,24,4,20,1,17,3,19,16,2,18,5,9,23,13,15,11,10,7,21],[16,12,8,4,24,20,17,1,19,3,18,2,5,9,23,14,15,11,7,22,13,6],[24,8,20,4,1,17,3,19,12,16,18,2,5,9,10,14,6,11,15,21,23,22,7],[4,8,12,20,1,17,3,19,24,16,18,2,5,9,15,21,22,6,23,13,10,11,14,7],[8,12,4,16,20,1,17,3,19,24,2,18,5,9,14,21,13,23,11,15,6,22],[20,4,1,17,3,19,24,16,8,12,2,18,5,9,21,13,15,23,10,11,7,14],[20,12,16,4,1,17,19,3,24,8,2,18,5,9,15,22,21,11,13,23,7,6,14],[4,8,20,1,17,3,19,16,24,12,2,18,5,9,21,11,23,13,15,22,7,10],[12,20,8,24,4,17,1,3,19,16,18,2,5,9,23,15,21,14,10,11,13,7,6],[24,16,20,8,12,4,1,17,3,19,18,2,5,9,15,21,22,23,10,11],[4,8,24,20,17,1,3,19,16,12,18,2,5,9,22,13,15,10,23,11,7,21,14,6],[12,4,20,17,1,19,3,8,16,24,18,2,5,9,15,23,10,11,21,13,22,6,7,14],[12,20,24,4,1,17,3,19,16,8,2,18,5,9,6,13,21,15,23,10,11,14],[16,20,24,4,17,1,19,3,12,8,2,18,5,9,15,21,23,6,11,13,10,7,14],[20,24,4,17,1,3,19,12,8,16,2,18,5,9,13,14,7,22,23,15,11,21],[4,24,16,12,8,20,17,1,19,3,2,18,5,9,22,13,15,10,21,7,11,23,6],[20,4,17,1,19,3,8,16,24,12,2,18,5,9,15,23,7,13,11,14,21,6,22,10],[20,8,16,4,1,17,3,19,24,12,18,2,5,9,22,13,15,7,23,11,14,21,10],[20,8,16,24,12,4,17,1,19,3,2,18,5,9,23,15,22,13,7,10,11,21,6,14],[12,4,24,16,20,1,17,19,3,8,18,2,5,9,21,15,23,13,10,11,22],[20,16,8,12,24,4,17,1,3,19,18,2,5,9,22,15,6,11,21,13,23,14],[12,4,16,20,17,1,19,3,24,8,18,2,5,9,14,21,13,23,15,10,11,22,6],[24,20,8,4,17,1,3,19,12,16,18,2,5,9,23,13,15,10,11,7,22,14,21,6],[20,8,16,4,17,1,19,3,24,12,2,18,5,9,15,23,6,14,10,11,22,21,7,13],[4,12,16,24,8,20,1,17,19,3,2,18,5,9,15,21,23,11],[4,12,20,1,17,19,3,16,24,8,18,2,5,9,21,13,14,23,15,10,7,11,6,22],[24,4,20,17,1,19,3,8,12,16,2,18,5,9,22,11,14,15,23,6,13,21],[24,8,12,16,4,20,17,1,19,3,18,2,5,9,13,15,7,22,21,23,10,11,6],[4,16,12,20,1,17,19,3,8,24,18,2,5,9,13,14,23,15,6,22,10,11,21],[8,4,16,20,1,17,3,19,24,12,2,18,5,9,13,15,22,11,21,23,14],[12,4,8,20,1,17,3,19,24,16,2,18,5,9,14,22,15,23,10,11,6,7],[16,20,24,12,8,4,1,17,3,19,2,18,5,9,15,23,10,11],[20,12,24,16,4,17,1,3,19,8,18,2,5,9,13,11,15,22,21,10,14],[4,24,12,16,8,20,17,1,3,19,18,2,5,9,23,15,7,21,11,10,22,14,13,6],[16,24,4,20,1,17,3,19,8,12,2,18,5,9,23,13,15,7,6,22],[16,20,24,12,4,17,1,3,19,8,2,18,5,9,13,14,21,22,15,23,10,11,6,7],[20,16,12,4,17,1,19,3,8,24,18,2,5,9,15,6,23,13,14,10,11,7],[20,8,4,1,17,19,3,16,24,12,2,18,5,9,21,15,23,6,7,14,10,11],[8,16,4,20,1,17,3,19,12,24,18,2,5,9,22,14,21,13,15,23,11,10,7,6],[8,20,12,24,16,4,17,1,3,19,2,18,5,9,15,21,22,23,13,7,14,6,10,11],[16,20,12,24,8,4,1,17,19,3,18,2,5,9,11,21,23,13,15,6,14,7,10],[20,16,24,12,4,1,17,3,19,8,18,2,5,9,15,11,21,23,13,14,22,10],[4,24,12,16,20,1,17,3,19,8,18,2,5,9,14,23,13,15,22,6,11],[12,24,8,4,20,1,17,3,19,16,18,2,5,9,14,21,13,23,15,11,22,10,6],[24,12,4,20,17,1,19,3,8,16,2,18,5,9,22,21,13,15,23,7,11],[16,4,24,12,8,20,17,1,19,3,2,18,5,9,13,21,15,23,10,11,14,6,22,7],[16,8,12,4,20,1,17,19,3,24,18,2,5,9,15,23,11,7,22,13,21],[8,20,16,24,4,17,1,3,19,12,2,18,5,9,21,23,15,13,11],[16,20,8,12,24,4,17,1,3,19,2,18,5,9,23,13,15,10,11,6,21],[12,4,24,16,8,20,1,17,19,3,2,18,5,9,23,13,15,7,11,22],[20,8,4,1,17,19,3,16,24,12,18,2,5,9,22,13,23,15,11,14,10,6,21,7],[12,24,8,20,4,17,1,19,3,16,18,2,5,9,21,13,15,7,10,11,23],[16,24,20,12,4,17,1,3,19,8,18,2,5,9,21,15,23,11,13,6,7,22],[24,8,20,12,4,17,1,3,19,16,18,2,5,9,14,23,15,10,11,6,13,21,7],[12,20,16,24,8,4,17,1,19,3,18,2,5,9,22,13,15,7,21,14,10,11,6,23],[20,24,16,12,8,4,17,1,3,19,18,2,5,9,13,23,15,6,7,10,11,22],[8,16,20,12,4,17,1,3,19,24,2,18,5,9,21,13,15,7,23,11,14,10],[16,20,8,4,1,17,3,19,24,12,18,2,5,9,23,13,15,10,11,7,21,14],[12,4,16,24,8,20,17,1,3,19,18,2,5,9,22,15,23,11,14,7],[8,20,12,24,4,17,1,3,19,16,2,18,5,9,13,15,21,23,11,6],[24,12,20,4,1,17,3,19,8,16,2,18,5,9,15,10,21,23,11,7,6],[20,4,17,1,3,19,12,16,24,8,18,2,5,9,22,14,13,21,15,11,10,6,7,23],[24,8,12,20,16,4,1,17,19,3,2,18,5,9,15,22,21,23,11,7,13,10,6],[4,24,16,12,20,1,17,19,3,8,18,2,5,9,22,14,23,13,15,11,10,21,6,7],[24,4,12,8,20,1,17,19,3,16,2,18,5,9,13,21,14,23,7,15,10,11,6],[8,20,12,24,16,4,17,1,3,19,18,2,5,9,14,13,23,15,7,22,21,11,10],[8,24,16,12,20,4,17,1,19,3,2,18,5,9,14,15,21,11,23,7],[8,16,24,12,20,4,17,1,19,3,18,2,5,9,13,15,21,23,10,11,22,7],[8,12,24,16,4,20,17,1,3,19,18,2,5,9,21,23,14,13,15,6,7,22,10,11],[20,8,12,24,16,4,1,17,3,19,2,18,5,9,13,15,22,7,23,6,14,10,11],[8,20,12,24,4,17,1,19,3,16,2,18,5,9,22,13,15,21,14,11,23,6,7,10],[20,4,1,17,3,19,16,8,24,12,2,18,5,9,22,14,15,23,21,10,11],[12,4,24,16,8,20,17,1,3,19,18,2,5,9,13,15,22,21,10,14,11,6,23,7],[12,20,8,4,1,17,3,19,24,16,2,18,5,9,15,22,23,7,10,11,14,21,13,6],[20,12,4,17,1,19,3,24,16,8,18,2,5,9,23,14,15,6,21,10,11,22,7,13],[20,16,12,4,17,1,3,19,8,24,2,18,5,9,23,15,11,10,14,7,22],[4,16,8,24,20,1,17,19,3,12,2,18,5,9,14,21,23,15,7],[12,16,20,24,4,1,17,19,3,8,2,18,5,9,13,15,23,22,10,11,21,14,7],[24,12,16,20,4,1,17,3,19,8,2,18,5,9,14,23,22,13,15,10,11,6],[20,12,16,4,17,1,19,3,8,24,2,18,5,9,23,14,7,15,10,6,11,21],[24,4,16,12,20,1,17,19,3,8,18,2,5,9,22,21,14,13,15,23,6,11,10,7],[12,8,20,16,4,17,1,19,3,24,2,18,5,9,13,15,22,6,21,23,11,7],[16,20,4,17,1,3,19,12,8,24,18,2,5,9,21,23,6,14,22,15,10,11],[20,4,1,17,3,19,16,12,24,8,2,18,5,9,13,15,23,21,11,6,14,22,7],[4,12,20,1,17,3,19,24,8,16,18,2,5,9,13,15,21,23,11,10,22,6,14],[12,4,16,20,17,1,3,19,24,8,18,2,5,9,21,15,23,22,7,10,11,6,14],[20,12,8,4,1,17,3,19,24,16,18,2,5,9,21,23,13,15,14,11,7,6],[20,16,8,12,24,4,1,17,3,19,2,18,5,9,21,23,14,11,6,15,13,22,10,7],[8,20,16,12,24,4,1,17,19,3,18,2,5,9,23,15,11,7],[4,8,12,20,17,1,19,3,24,16,18,2,5,9,23,15,22,13,10,11],[8,20,16,4,1,17,19,3,24,12,18,2,5,9,22,14,23,15,11,10,13,6,21],[4,16,24,8,20,1,17,3,19,12,18,2,5,9,22,13,14,15,23,11,10,21],[24,20,16,8,4,1,17,3,19,12,18,2,5,9,14,21,13,15,22,23,10,7,11,6],[4,16,12,8,20,17,1,19,3,24,18,2,5,9,22,13,15,7,21,10,11,23],[20,8,12,24,4,17,1,3,19,16,2,18,5,9,15,23,6,10,11,14,21],[4,16,12,20,17,1,3,19,8,24,18,2,5,9,23,14,13,15,7,10,11,6,21,22],[16,20,12,24,4,17,1,3,19,8,18,2,5,9,15,23,6,11,7,21,13,14],[16,24,20,12,4,17,1,3,19,8,18,2,5,9,21,23,13,15,7,22,14,10,11,6],[8,12,16,20,24,4,1,17,3,19,18,2,5,9,15,21,23,6,14,22,11,7,13,10],[20,12,16,24,8,4,17,1,19,3,2,18,5,9,13,21,11,15,23,22,6,10,14,7],[12,8,24,4,20,1,17,19,3,16,2,18,5,9,23,13,7,15,21,14,11,6,22,10],[8,24,16,20,12,4,1,17,3,19,18,2,5,9,15,21,23,13,11,7,14,6],[16,4,8,24,12,20,17,1,3,19,18,2,5,9,21,23,13,14,6,11,15,7,22],[8,12,20,4,1,17,3,19,16,24,2,18,5,9,14,11,7,23,13,15,22,10],[4,12,24,16,8,20,1,17,19,3,18,2,5,9,14,13,15,23,11,7,10,22,6,21],[8,20,12,24,16,4,17,1,19,3,2,18,5,9,13,15,6,22,21,10,11,23],[8,20,12,4,1,17,3,19,24,16,2,18,5,9,15,22,21,23,7,13,10,11,6],[20,8,16,12,4,17,1,3,19,24,2,18,5,9,21,14,23,15,22,11,10],[24,16,4,8,12,20,17,1,19,3,2,18,5,9,21,11,13,23,15,7,22,14,10,6],[8,24,12,4,20,17,1,3,19,16,2,18,5,9,21,15,23,10,11,22,6,7,13,14],[8,12,20,4,1,17,19,3,16,24,2,18,5,9,22,23,13,15,21,11,7,10],[8,20,4,1,17,3,19,12,24,16,2,18,5,9,21,23,14,15,7,11,6,10],[8,20,12,24,16,4,1,17,3,19,18,2,5,9,23,15,11,14,7,10,21,13,22],[8,16,24,4,20,17,1,3,19,12,2,18,5,9,15,21,22,14,10,11,6,23,7],[12,20,16,24,4,17,1,3,19,8,2,18,5,9,22,23,15,13,6,10,11,14,21,7],[20,4,17,1,19,3,8,16,12,24,2,18,5,9,15,21,22,13,6,23,11,10,14],[12,24,16,20,4,17,1,3,19,8,18,2,5,9,13,15,22,23,21,6,10,11,14,7],[4,8,24,16,20,17,1,3,19,12,18,2,5,9,13,15,23,22,11,7,10],[12,24,16,4,20,17,1,3,19,8,2,18,5,9,22,15,23,10,11,14,21,6],[24,16,4,20,17,1,19,3,8,12,18,2,5,9,15,21,23,6,7,10,11],[20,8,16,12,4,17,1,19,3,24,18,2,5,9,21,13,15,23,10,11],[4,24,12,16,20,1,17,19,3,8,2,18,5,9,14,23,13,15,11,22,6,7],[24,8,4,16,12,20,1,17,19,3,2,18,5,9,23,10,14,11,15,7,6,22],[20,12,24,8,16,4,17,1,3,19,2,18,5,9,21,13,23,11,15,6,10,7,14,22],[16,12,24,20,8,4,1,17,19,3,18,2,5,9,21,15,23,22,10,11,6,13,7],[8,16,4,24,20,17,1,3,19,12,2,18,5,9,14,22,13,21,15,11],[12,24,8,16,4,20,17,1,19,3,2,18,5,9,21,23,15,11,7,10,14,22,6,13],[16,24,12,4,20,1,17,19,3,8,2,18,5,9,13,15,21,23,7,22,6,14,11],[12,8,24,20,16,4,17,1,19,3,18,2,5,9,13,15,21,23,10,11,6,14],[8,4,24,12,16,20,17,1,3,19,2,18,5,9,15,21,22,23,7,11,13],[8,12,16,4,20,1,17,3,19,24,2,18,5,9,13,15,22,23,10,11,14,6],[20,12,4,1,17,19,3,8,16,24,2,18,5,9,15,22,13,7,11,23,14],[20,24,12,4,17,1,19,3,16,8,18,2,5,9,23,14,13,15,22,7,11,10],[12,24,4,8,20,17,1,3,19,16,2,18,5,9,21,15,23,10,11,13],[4,24,16,20,1,17,19,3,12,8,18,2,5,9,23,13,15,11,10,14,22,7,21],[24,12,4,20,17,1,3,19,8,16,18,2,5,9,21,23,13,15,11,7,10,6,14],[16,24,12,8,4,20,1,17,19,3,18,2,5,9,15,22,21,11,6,23,14,7,13],[12,8,16,24,4,20,1,17,19,3,2,18,5,9,13,15,23,21,6,11,22],[24,8,4,20,1,17,3,19,12,16,2,18,5,9,13,15,7,21,23,11,22,10],[4,20,17,1,3,19,12,16,24,8,18,2,5,9,23,13,15,7,22,11,10],[8,12,24,20,16,4,17,1,3,19,2,18,5,9,14,23,13,15,21,10,11],[16,12,8,4,24,20,17,1,19,3,18,2,5,9,15,21,23,13,10,11,7,22,6,14],[12,20,8,4,17,1,3,19,24,16,18,2,5,9,14,21,22,13,15,11,7,6,23],[24,12,20,8,4,1,17,3,19,16,18,2,5,9,13,15,21,23,11,6],[16,24,20,8,12,4,17,1,19,3,18,2,5,9,21,13,15,23,7,22,11,6,10],[24,8,20,12,16,4,1,17,19,3,2,18,5,9,22,15,11,6,23,7],[24,20,16,4,17,1,3,19,12,8,2,18,5,9,21,13,15,23,6,10,11,7],[16,12,20,8,4,17,1,19,3,24,18,2,5,9,7,15,21,23,22,14,6,10,11,13],[24,4,12,8,20,1,17,3,19,16,18,2,5,9,21,13,15,7,11,23,6,10],[24,4,8,16,20,1,17,3,19,12,18,2,5,9,10,21,11,15,7,22,23,13,14,6],[12,8,24,16,20,4,1,17,19,3,2,18,5,9,14,13,15,21,23,10,11,22,7],[12,24,4,16,20,1,17,19,3,8,18,2,5,9,23,15,11,7,13,10,14,6,21],[4,24,20,17,1,19,3,12,8,16,18,2,5,9,13,15,23,11,10,21,22,6,14],[4,12,8,20,1,17,19,3,16,24,2,18,5,9,14,21,23,13,15,7,11],[24,8,4,20,17,1,3,19,16,12,18,2,5,9,21,15,22,7,11,23,14,10],[8,4,20,17,1,3,19,12,16,24,2,18,5,9,14,21,23,15,10,11,6,7,22,13],[24,8,20,4,1,17,19,3,12,16,2,18,5,9,13,14,15,21,23,7,10,11,6],[12,20,24,8,16,4,17,1,3,19,18,2,5,9,21,13,15,23,11],[20,8,16,4,17,1,19,3,24,12,2,18,5,9,22,13,15,11,21,23,6,14],[20,24,12,16,8,4,1,17,3,19,18,2,5,9,14,7,15,22,10,21,11,23],[16,8,12,4,24,20,1,17,3,19,18,2,5,9,14,21,13,15,23,11,22,6],[8,16,12,4,24,20,17,1,3,19,18,2,5,9,15,23,21,13,10,7,11,22,14,6],[4,8,24,16,20,1,17,19,3,12,2,18,5,9,22,14,13,15,23,10,11,21,7],[8,4,16,12,24,20,17,1,3,19,18,2,5,9,13,15,21,23,14,22,7,11],[20,12,24,4,1,17,3,19,8,16,18,2,5,9,23,7,13,15,10,11,21,6,14,22],[24,20,12,16,8,4,17,1,3,19,2,18,5,9,21,22,15,11,23,13,10,6],[20,12,16,4,1,17,19,3,8,24,18,2,5,9,23,15,22,6,11,14,10,13,7,21],[20,8,12,24,16,4,1,17,3,19,18,2,5,9,21,14,15,23,7,10,11,22,6,13],[8,20,4,1,17,3,19,12,24,16,18,2,5,9,23,13,15,10,11,14,21,22,6,7],[4,8,20,17,1,3,19,12,24,16,2,18,5,9,21,14,22,13,11,15,23,6],[8,24,20,4,17,1,19,3,12,16,18,2,5,9,23,13,14,15,11,21,6,7,10,22],[24,12,16,20,4,1,17,19,3,8,2,18,5,9,13,21,15,23,10,22,11,14],[8,12,4,16,20,17,1,3,19,24,2,18,5,9,21,14,13,15,23,10,6,11,22,7],[4,16,8,12,20,17,1,19,3,24,2,18,5,9,15,22,14,13,23,21,6,7,10,11],[16,20,8,4,1,17,19,3,12,24,18,2,5,9,13,15,22,7,11,10,21],[20,16,4,1,17,19,3,12,24,8,2,18,5,9,22,15,14,6,11,21,13,7,23,10],[4,8,16,24,12,20,17,1,3,19,18,2,5,9,23,13,15,11,10,7,22,14],[24,4,16,20,1,17,3,19,8,12,2,18,5,9,11,13,15,22,10,21,14,23,6,7],[16,4,8,24,20,1,17,19,3,12,2,18,5,9,22,13,21,14,15,7,10,11,23],[4,8,12,20,1,17,19,3,24,16,2,18,5,9,14,22,10,11,13,15,21,6,7,23],[24,8,20,16,12,4,17,1,19,3,2,18,5,9,14,15,22,23,7,13],[20,8,16,4,1,17,3,19,24,12,2,18,5,9,21,23,14,13,15,6,7,11,10,22],[4,8,16,20,1,17,3,19,24,12,18,2,5,9,21,23,13,15,14,6,22,11,10,7],[20,4,1,17,3,19,24,16,8,12,2,18,5,9,13,15,21,23,11,10,6,7,14,22],[8,24,12,20,16,4,17,1,3,19,2,18,5,9,23,13,15,10,11,14,6],[12,24,20,16,4,17,1,19,3,8,18,2,5,9,15,21,23,13,22,7,14,11,10,6],[8,4,12,20,1,17,3,19,24,16,2,18,5,9,15,11,22,21,7,23,13,14,6],[8,4,12,24,20,17,1,3,19,16,18,2,5,9,22,13,14,15,21,23],[12,4,20,1,17,3,19,16,24,8,18,2,5,9,21,10,15,22,11,7,13],[20,4,1,17,19,3,16,12,24,8,2,18,5,9,15,21,23,11,7,6,10,14,22,13],[4,24,8,16,12,20,17,1,19,3,18,2,5,9,13,15,21,23,11],[20,8,4,1,17,19,3,24,12,16,18,2,5,9,21,13,15,22,23,10,11,14,7],[20,8,16,12,4,17,1,19,3,24,2,18,5,9,15,21,23,14,10,11,22,6],[12,24,16,4,20,1,17,19,3,8,2,18,5,9,13,15,21,23,7,22,10,11],[24,8,20,12,16,4,17,1,19,3,2,18,5,9,14,22,11,15,21,7,6,23,13],[12,4,20,1,17,3,19,16,8,24,18,2,5,9,21,13,15,22,11,7,10,14,23],[24,20,16,8,12,4,1,17,19,3,18,2,5,9,21,13,15,23],[12,4,24,20,1,17,3,19,8,16,18,2,5,9,7,21,13,14,23,15,22,10,11,6],[20,24,8,12,4,17,1,3,19,16,18,2,5,9,21,23,15,6,11,7,13,14,22,10],[12,16,8,20,24,4,1,17,19,3,18,2,5,9,13,21,15,22,11,23,14,6,7,10],[8,12,20,16,4,1,17,3,19,24,2,18,5,9,21,15,13,23,11,6],[8,4,16,12,24,20,1,17,3,19,18,2,5,9,21,15,22,23,10,13,11],[16,4,24,8,20,1,17,3,19,12,2,18,5,9,15,22,10,11,21,6,13,23,14],[24,12,20,16,8,4,17,1,3,19,18,2,5,9,21,22,14,13,15,6,23,7,11,10],[20,16,8,4,17,1,3,19,12,24,18,2,5,9,13,15,21,22,23,14,10,11,6,7],[16,8,20,4,1,17,19,3,12,24,2,18,5,9,14,21,23,15],[8,12,16,20,4,17,1,3,19,24,2,18,5,9,23,13,15,14,22,6,11,10,21,7],[20,4,1,17,19,3,16,8,24,12,18,2,5,9,13,15,21,23,22,6,7,11,14],[20,24,12,8,16,4,1,17,19,3,18,2,5,9,13,15,22,11,21,23],[16,12,20,8,4,17,1,3,19,24,2,18,5,9,13,15,21,23,14,11,22],[4,12,8,20,17,1,19,3,16,24,2,18,5,9,21,13,23,14,15,10,11,7],[16,12,24,20,4,17,1,3,19,8,2,18,5,9,22,15,13,23,10,11,14],[16,8,12,24,20,4,1,17,19,3,2,18,5,9,21,14,15,23,13,11,10,22,7],[4,24,12,8,20,17,1,3,19,16,18,2,5,9,13,15,21,23,22,14,11],[16,12,24,8,20,4,17,1,3,19,18,2,5,9,15,22,21,23,6,13,14,10,11,7],[8,4,20,1,17,3,19,12,24,16,2,18,5,9,22,23,15,7,13,11,14,21,10],[4,16,8,24,12,20,1,17,19,3,2,18,5,9,21,13,15,22,11,6,7,23,10],[20,4,17,1,19,3,16,24,8,12,18,2,5,9,23,15,13,6,11,14,10,21],[16,4,8,12,24,20,1,17,19,3,2,18,5,9,13,23,15,11,14,10,7,21],[20,4,1,17,3,19,8,24,12,16,2,18,5,9,15,10,22,11,13,21,23,7,6,14],[16,24,20,12,4,17,1,3,19,8,18,2,5,9,21,15,22,13,23,10,11,14,6],[4,20,1,17,19,3,12,8,16,24,2,18,5,9,11,15,23,10,14,13,22,7,6],[8,24,16,20,12,4,17,1,19,3,18,2,5,9,21,10,11,23,15,6,7],[20,24,4,17,1,19,3,16,8,12,2,18,5,9,21,23,14,13,15,11,10,6,7],[16,24,12,4,20,17,1,19,3,8,2,18,5,9,15,23,7,10,11,14,6,21,22,13],[16,12,24,20,4,17,1,3,19,8,18,2,5,9,22,13,15,21,23,11,14],[8,4,12,16,20,1,17,3,19,24,18,2,5,9,7,22,13,15,11,14,23,21],[16,24,4,8,12,20,1,17,3,19,2,18,5,9,14,15,6,21,23,7,10,11,22,13],[8,12,24,20,16,4,1,17,19,3,2,18,5,9,15,22,23,7,13,10,11,14,21,6],[8,24,4,16,12,20,17,1,19,3,18,2,5,9,23,13,15,7,11,22],[20,4,1,17,3,19,24,8,12,16,2,18,5,9,23,15,14,13,6,10,11,22],[4,24,16,12,8,20,17,1,19,3,2,18,5,9,21,6,23,14,11,10,13,22,15,7],[20,24,8,12,16,4,1,17,19,3,18,2,5,9,23,15,13,11,6],[12,20,4,17,1,19,3,8,24,16,2,18,5,9,7,13,15,21,23,11,14,10],[12,24,4,16,8,20,1,17,3,19,18,2,5,9,15,21,23,11,13,22,7,6,14,10],[8,24,16,20,4,1,17,19,3,12,18,2,5,9,15,23,11,21,14,10,22,7,6,13],[16,24,8,12,4,20,17,1,19,3,18,2,5,9,15,23,14,10,13,7,11],[20,24,8,16,12,4,17,1,19,3,18,2,5,9,21,10,14,15,11,23,13,6,7],[12,20,16,24,4,17,1,3,19,8,18,2,5,9,13,15,22,6,21,10,11,23],[16,4,24,12,20,17,1,3,19,8,18,2,5,9,21,23,13,15,6,10,11],[20,12,8,4,1,17,3,19,24,16,18,2,5,9,13,15,7,21,23],[24,16,12,4,8,20,1,17,3,19,18,2,5,9,13,15,21,7,23,11,6,22,14],[8,4,20,17,1,19,3,16,24,12,2,18,5,9,23,14,15,6,7,13,10,11],[8,16,20,24,4,1,17,19,3,12,2,18,5,9,21,13,14,15,23,10,11],[16,24,20,8,12,4,17,1,3,19,18,2,5,9,21,14,23,13,15,22,11,6,7,10],[12,4,8,24,16,20,17,1,3,19,2,18,5,9,23,13,15,6,21,14,7,11,10,22],[16,20,12,24,8,4,17,1,19,3,18,2,5,9,13,15,21,23,10,22,11,7,6,14],[24,4,20,17,1,3,19,16,12,8,2,18,5,9,14,23,22,13,15,6,10,11,21],[20,8,24,16,12,4,17,1,19,3,2,18,5,9,15,14,11,23,22,6,21],[8,12,20,16,4,1,17,19,3,24,2,18,5,9,13,15,11,23,7,14],[16,24,4,20,1,17,3,19,12,8,2,18,5,9,15,23,14,6,11,7],[16,8,24,4,20,1,17,3,19,12,18,2,5,9,21,15,22,10,11,6,14,23,7,13],[16,8,4,20,17,1,19,3,24,12,18,2,5,9,22,21,14,13,15,23,11,6,7,10],[24,16,4,8,12,20,1,17,19,3,2,18,5,9,23,13,15,22,7,10,11,21,14,6],[12,20,4,17,1,3,19,8,24,16,18,2,5,9,13,11,15,21,23,14,22,6],[20,16,24,12,8,4,17,1,19,3,18,2,5,9,14,22,13,11,15,21,7,23,10,6],[24,12,16,4,8,20,17,1,19,3,18,2,5,9,13,15,21,22,7,10,23,11,14],[20,8,12,4,1,17,3,19,24,16,2,18,5,9,21,23,14,10,15,11,13,6],[4,20,1,17,3,19,24,16,12,8,2,18,5,9,21,23,13,15,22,10,11,14,6,7],[12,4,24,8,20,17,1,3,19,16,18,2,5,9,22,13,15,7,23,10,11,21],[12,8,24,20,16,4,17,1,3,19,2,18,5,9,14,13,15,21,11,23,22,6,10,7],[16,12,8,4,20,1,17,19,3,24,18,2,5,9,13,15,23,11,21,14],[24,16,4,20,1,17,3,19,12,8,18,2,5,9,23,13,15,10,22,11,21,6,7],[12,16,4,8,20,1,17,19,3,24,18,2,5,9,14,23,15,11,22,7,13,6],[20,8,12,24,16,4,17,1,19,3,18,2,5,9,13,21,15,23,10,11,6,14,22,7],[4,24,16,12,8,20,17,1,3,19,2,18,5,9,14,15,23,13,10,11,21,7,6],[16,12,20,8,4,17,1,3,19,24,18,2,5,9,14,21,23,13,15,7,22,10,11,6],[24,4,16,20,1,17,19,3,12,8,18,2,5,9,21,14,10,13,23,15,11,22,7,6],[20,16,8,24,12,4,1,17,19,3,18,2,5,9,21,13,14,23,15,7,10,11,22,6],[8,4,24,20,17,1,19,3,12,16,2,18,5,9,15,21,23,10,11,14,6,13,7],[20,8,16,24,12,4,1,17,19,3,18,2,5,9,13,15,22,14,23,7,6,10,11,21],[12,20,24,16,8,4,17,1,3,19,2,18,5,9,21,14,22,15,23,7,11,6,13,10],[16,4,12,8,20,17,1,19,3,24,2,18,5,9,21,11,14,22,13,15,6,7,23],[24,16,8,20,4,17,1,19,3,12,18,2,5,9,23,13,15,11,6,22,14,7],[24,16,20,8,12,4,17,1,19,3,2,18,5,9,14,21,13,15,22,11,23,6,10],[20,12,8,16,24,4,1,17,3,19,2,18,5,9,22,21,13,15,23,7],[24,4,12,20,17,1,19,3,16,8,18,2,5,9,15,21,13,6,23,11,14],[24,4,16,12,8,20,1,17,19,3,2,18,5,9,22,15,11,23,13,10,6,14,7,21],[12,20,4,1,17,19,3,24,16,8,18,2,5,9,23,13,15,6,10,7,11,22],[20,12,8,24,16,4,1,17,19,3,2,18,5,9,13,14,15,22,7,10,11,23],[12,4,8,24,16,20,1,17,3,19,18,2,5,9,13,15,23,10,11,14,7,6],[4,24,16,20,17,1,3,19,12,8,2,18,5,9,13,15,21,23,7,22,11,14,10],[12,20,4,1,17,3,19,8,24,16,2,18,5,9,11,14,22,13,15,21,7,6],[20,4,1,17,19,3,12,8,24,16,2,18,5,9,13,15,21,23,11,22,7,6,10,14],[16,8,12,4,20,1,17,19,3,24,18,2,5,9,15,23,14,13,11,21],[12,8,20,24,16,4,17,1,3,19,2,18,5,9,21,15,23,14,11],[4,16,8,12,24,20,17,1,3,19,18,2,5,9,14,21,13,22,15,10,11,23],[12,8,16,24,4,20,17,1,3,19,2,18,5,9,14,15,23,6,10,11],[20,24,12,16,4,17,1,19,3,8,2,18,5,9,7,21,13,15,23,10,11],[24,8,4,20,1,17,3,19,12,16,2,18,5,9,13,15,22,21,11,7,23,14,10],[12,24,16,4,20,1,17,3,19,8,2,18,5,9,14,15,21,23,6,13,10,11],[12,20,4,17,1,19,3,16,24,8,2,18,5,9,13,15,23,7,21,10,11,14,22,6],[24,20,16,4,1,17,19,3,8,12,18,2,5,9,14,21,23,13,22,15,6,7,11],[8,24,16,4,12,20,1,17,3,19,18,2,5,9,13,15,21,22,23,10,11,14,7],[8,12,16,4,20,1,17,3,19,24,2,18,5,9,13,22,21,15,23,11,7,14,10],[16,12,4,24,8,20,17,1,19,3,18,2,5,9,23,11,15,21,13,6,22],[4,12,8,16,24,20,1,17,3,19,2,18,5,9,21,15,22,23,10,11,14,6,7],[16,8,20,12,24,4,17,1,19,3,18,2,5,9,14,23,11,15,7,21,22,6],[20,24,16,4,1,17,3,19,12,8,18,2,5,9,14,7,21,13,15,23,10,11],[8,20,24,12,16,4,17,1,19,3,18,2,5,9,13,15,21,22,14,23,6,11,7],[24,20,12,4,1,17,19,3,16,8,2,18,5,9,13,15,7,21,23,11,10,22],[12,20,24,16,8,4,1,17,3,19,18,2,5,9,23,13,15,10,11,14,6],[24,16,8,12,20,4,1,17,3,19,18,2,5,9,13,15,22,7,23,11,10,21,14,6],[12,4,8,16,24,20,1,17,19,3,2,18,5,9,21,23,6,13,15,7,11],[20,24,8,16,4,17,1,19,3,12,2,18,5,9,10,15,23,11,13,6,14,7],[24,12,8,20,4,17,1,3,19,16,2,18,5,9,13,23,15,6,10,21,11],[12,4,20,17,1,19,3,8,24,16,2,18,5,9,13,15,23,7,11,6,10,22,21,14],[24,12,20,16,4,1,17,19,3,8,18,2,5,9,23,15,10,11,7,13,6,14,22],[12,24,8,4,16,20,1,17,19,3,18,2,5,9,11,21,23,15,7,14,10,6,13],[16,24,12,8,4,20,1,17,3,19,2,18,5,9,14,22,13,15,23,11,6,21,10],[12,16,4,24,20,17,1,19,3,8,18,2,5,9,15,22,7,11,14,21,23,10,13,6],[8,24,12,4,20,1,17,3,19,16,18,2,5,9,13,15,21,22,14,23,6,11,7,10],[8,4,12,20,17,1,3,19,16,24,18,2,5,9,22,14,13,15,11,21,23,7],[24,16,4,20,1,17,19,3,12,8,2,18,5,9,13,15,21,22,23,11,7,14],[16,8,20,24,12,4,17,1,19,3,18,2,5,11,14,9,21,22,13,15,23,7,10],[16,20,12,24,4,1,17,3,19,8,2,18,5,9,21,23,13,15,22,11],[8,24,12,16,4,20,1,17,19,3,18,2,5,9,14,13,23,15,22,11,7,10],[4,12,8,20,17,1,3,19,16,24,2,18,5,9,21,15,22,10,11,6,13,23,14,7],[20,16,24,12,4,17,1,3,19,8,2,18,5,9,13,15,21,23,11,7],[24,12,16,8,4,20,1,17,3,19,18,2,5,9,13,15,23,11,22,6,10],[24,8,12,16,20,4,17,1,19,3,2,18,5,9,22,13,15,11,7,23,21,6],[16,8,24,20,12,4,17,1,3,19,18,2,5,9,23,14,13,15,22,21,11,10,6],[12,20,24,16,8,4,17,1,19,3,2,18,5,9,15,22,11,21,10,23,13,7,6],[4,8,20,17,1,3,19,16,24,12,2,18,5,9,15,21,23,10,14,6,11],[16,12,8,20,4,17,1,19,3,24,18,2,5,9,15,22,23,13,11,14,10,6],[8,20,4,1,17,3,19,12,16,24,18,2,5,9,14,22,13,15,10,11,23],[16,24,8,20,12,4,1,17,3,19,2,18,5,9,14,7,13,22,11,15,10,21,23],[24,4,20,17,1,19,3,12,8,16,2,18,5,9,15,14,21,23,6,10,11,7,22,13],[12,4,16,8,20,17,1,19,3,24,18,2,5,9,15,7,21,23,22,11,13,6,10,14],[16,20,4,17,1,19,3,24,8,12,18,2,5,9,14,15,21,23],[24,16,12,4,8,20,1,17,19,3,18,2,5,9,14,21,13,15,23,11,10,6,7,22],[4,12,8,16,24,20,1,17,19,3,18,2,5,9,15,22,11,23,14,10,7,13,21],[12,24,16,4,8,20,1,17,19,3,2,18,5,9,11,13,15,22,6,23,7,14],[24,4,16,20,17,1,3,19,12,8,2,18,5,9,21,23,13,15,11,10,6,22,14],[12,8,4,16,20,1,17,3,19,24,18,2,5,9,14,13,23,15,6,10,11,22,7,21],[24,12,20,4,1,17,3,19,8,16,18,2,5,9,14,23,15,6,7,11,22,13],[4,8,16,24,20,1,17,19,3,12,2,18,5,9,14,23,13,15,7,10,11,22,21,6],[4,12,24,16,20,1,17,19,3,8,2,18,5,9,22,15,11,21,23,10,6,14,7,13],[16,8,12,20,24,4,17,1,3,19,2,18,5,9,23,21,14,13,11,15,7,10,22,6],[4,24,8,20,17,1,3,19,12,16,2,18,5,9,14,13,22,23,15,10,11],[4,8,16,20,17,1,3,19,12,24,2,18,5,9,15,14,21,23,10,13,11,6,7,22],[20,12,24,4,17,1,19,3,8,16,18,2,5,9,23,15,6,13,11,10,21,22],[24,12,4,20,17,1,3,19,8,16,18,2,5,9,22,13,15,10,23,11,6,7],[24,16,4,8,12,20,1,17,19,3,18,2,5,9,14,23,13,15,21,11,22,6],[4,8,24,20,17,1,3,19,12,16,18,2,5,9,23,15,11,21,13,6,7,10],[4,16,24,20,1,17,3,19,8,12,2,18,5,9,22,15,7,10,21,11,23,6,13],[8,12,20,16,4,17,1,3,19,24,2,18,5,9,15,22,10,11,23,14,7,13,6,21],[24,16,20,12,8,4,17,1,3,19,18,2,5,9,14,23,15,10,11,13,7,21,6],[16,24,20,4,1,17,19,3,12,8,2,18,5,9,14,15,23,11,21,10,6,22,7],[12,24,4,20,17,1,3,19,16,8,2,18,5,9,23,7,14,13,15,10,11,22],[24,4,16,20,17,1,19,3,8,12,18,2,5,9,15,22,7,23,13,11,10,6,21,14],[16,4,8,20,17,1,3,19,12,24,2,18,5,9,22,13,15,21,14,6,11,7,10,23],[4,16,24,8,12,20,17,1,3,19,2,18,5,9,14,22,13,15,6,7,10,23,11],[24,8,4,20,17,1,19,3,12,16,18,2,5,9,21,13,11,23,15,22,14],[20,8,16,12,24,4,1,17,3,19,18,2,5,9,13,15,21,23,7,11],[4,16,8,20,17,1,19,3,12,24,18,2,5,9,14,22,13,15,7,10,11,21,23],[4,24,20,17,1,3,19,8,12,16,2,18,5,9,13,23,15,10,7,21,11,22,14],[16,8,12,24,20,4,17,1,3,19,18,2,5,9,21,15,10,14,11,13,23,6,7],[8,12,16,4,20,1,17,19,3,24,2,18,5,9,21,15,23,14,22,13,11,10,6,7],[4,16,8,12,24,20,1,17,19,3,2,18,5,9,22,14,11,21,13,15,10,6,7,23],[20,24,12,16,8,4,17,1,19,3,2,18,5,9,22,14,13,15,11,23,7],[16,8,12,24,20,4,1,17,3,19,18,2,5,9,14,21,23,15,7,11,22],[8,4,24,20,17,1,19,3,12,16,2,18,5,9,22,14,23,6,11,13,15,21,10,7],[4,8,24,20,17,1,19,3,12,16,2,18,5,9,22,15,21,7,11,14,13,23],[4,16,24,8,20,1,17,3,19,12,2,18,5,9,7,14,21,6,23,13,11,15],[20,8,4,1,17,19,3,24,16,12,18,2,5,9,13,21,14,23,15,6,22,10,11,7],[8,24,16,12,4,20,17,1,19,3,18,2,5,9,13,15,21,23,11,7,10],[12,4,24,16,8,20,1,17,19,3,2,18,5,9,23,14,15,11,21,13,6,22,10],[8,4,24,12,16,20,17,1,19,3,18,2,5,9,22,15,14,10,11,23,13,7,21],[12,24,20,4,17,1,3,19,8,16,2,18,5,9,15,22,23,11,14],[24,8,4,16,12,20,17,1,19,3,18,2,5,9,21,13,15,11,23],[24,20,8,16,12,4,17,1,3,19,2,18,5,9,15,21,23,22,11,14,13,7,6],[16,4,12,24,20,17,1,3,19,8,18,2,5,9,10,23,13,15,11,6],[16,8,12,24,4,20,17,1,3,19,2,18,5,9,22,13,15,10,14,21,11,7],[20,4,17,1,3,19,16,12,24,8,2,18,5,9,15,23,6,11,14,7,10,13,22],[4,8,16,20,17,1,3,19,12,24,18,2,5,9,14,21,22,6,23,13,15,10,11],[12,24,8,16,4,20,17,1,19,3,18,2,5,9,13,15,22,21,10,11,7,6],[24,4,16,12,20,17,1,3,19,8,18,2,5,9,15,21,23,14,10,6,11,13,22],[16,4,12,24,8,20,1,17,3,19,18,2,5,9,22,13,15,10,23,11,7,14],[12,16,24,8,20,4,17,1,3,19,2,18,5,9,14,15,23,11,22],[8,4,16,24,20,17,1,3,19,12,2,18,5,9,15,21,23,6,11,13,22,10,14],[20,8,4,17,1,19,3,16,24,12,2,18,5,9,13,22,15,7,14,23,10,11],[12,4,24,16,20,1,17,19,3,8,18,2,5,9,15,23,13,10,11,21,6,22,14],[20,24,12,8,4,1,17,19,3,16,2,18,5,9,23,13,15,14,11,22,7],[12,16,20,4,17,1,3,19,24,8,18,2,5,9,13,15,23,11],[12,20,4,1,17,19,3,8,24,16,2,18,5,9,15,22,21,11,13,6,7,23,14],[12,8,24,20,4,17,1,3,19,16,18,2,5,9,15,11,23,21,10,7,22,6,14],[8,16,20,4,17,1,3,19,12,24,2,18,5,9,10,14,15,21,23,11,7],[8,20,4,17,1,3,19,16,24,12,18,2,5,9,13,23,15,14,10,11,7,6,21],[20,12,4,17,1,3,19,16,8,24,2,18,5,9,21,23,15,11,13,14,7,6,10],[24,16,20,12,8,4,1,17,3,19,2,18,5,9,15,21,22,11,13,6,14,23,10,7],[4,20,1,17,19,3,24,12,16,8,2,18,5,9,14,23,7,13,15,11,22,10],[4,12,8,16,24,20,1,17,3,19,2,18,5,9,15,22,21,13,11,23,7,14,10,6],[4,12,24,16,8,20,17,1,19,3,18,2,5,9,15,23,13,11,21,7],[4,16,8,12,20,17,1,19,3,24,2,18,5,9,21,14,23,13,15,10,22,11],[24,16,4,12,8,20,17,1,3,19,18,2,5,9,13,15,21,23,11],[12,20,8,16,24,4,17,1,3,19,2,18,5,9,21,13,15,23,10,11,22,6,14],[12,20,4,1,17,19,3,16,24,8,18,2,5,9,21,23,14,11,15,22,13],[24,8,20,4,17,1,3,19,16,12,18,2,5,9,13,15,22,21,6,23,7,11,10,14],[16,4,20,1,17,19,3,12,24,8,18,2,5,9,15,21,23,6,7,10,11,22,13,14],[12,8,24,20,4,1,17,3,19,16,2,18,5,9,13,22,15,23,7,6,10,11,14,21],[8,16,20,4,1,17,19,3,24,12,18,2,5,9,13,22,15,21,11,14,23,10],[24,20,8,4,1,17,19,3,12,16,18,2,5,9,22,15,13,21,23,11,10,14],[24,12,20,16,8,4,1,17,3,19,18,2,5,9,13,15,22,11,21,6,14,23],[4,16,12,24,8,20,1,17,19,3,18,2,5,9,13,22,14,15,7,21,23,10,11,6],[20,4,1,17,19,3,24,16,8,12,2,18,5,9,22,21,14,11,6,23,13,15,7],[16,12,8,20,24,4,1,17,19,3,18,2,5,9,15,22,21,10,6,11,13,23,14],[24,12,20,8,16,4,1,17,3,19,2,18,5,9,13,15,10,23,11,14,22,21,6,7],[12,4,8,16,24,20,1,17,3,19,18,2,5,9,22,13,15,7,11,23,14,6,10],[16,8,24,20,4,17,1,19,3,12,18,2,5,9,13,15,21,23,10,11],[20,12,4,17,1,3,19,8,24,16,2,18,5,9,13,14,15,22,21,6,23,10,11,7],[8,24,16,12,4,20,17,1,3,19,18,2,5,9,21,22,14,15,10,13,11,23,6,7],[8,4,24,12,16,20,1,17,3,19,2,18,5,9,15,22,13,10,11,23,14,21,7,6],[4,16,12,8,20,17,1,3,19,24,2,18,5,9,11,13,15,22,21,7,23],[16,24,20,4,17,1,19,3,12,8,18,2,5,9,15,21,6,22,13,23,10,11,14,7],[4,8,16,24,12,20,1,17,19,3,18,2,5,9,14,15,23,10,11,7,13,22],[4,8,24,12,20,1,17,3,19,16,18,2,5,9,15,21,23,22,7,13,10,11,14],[20,8,24,4,1,17,3,19,16,12,18,2,5,9,22,13,15,21,7,10,11,23,14,6],[8,20,4,17,1,3,19,16,12,24,18,2,5,9,23,13,15,21,10,14,11],[8,4,16,20,17,1,19,3,12,24,18,2,5,9,21,14,13,15,23,7],[8,16,20,12,4,17,1,3,19,24,2,18,5,9,23,13,10,15,11,22,14,7,21,6],[12,16,8,4,24,20,1,17,3,19,2,18,5,9,22,21,15,10,11,23,6,14,13,7],[20,16,4,17,1,3,19,8,24,12,18,2,5,9,21,15,23,11,7,6,14,10,22,13],[8,20,24,4,1,17,19,3,12,16,18,2,5,9,15,11,21,23,10,6,14,13,7,22],[8,24,16,20,12,4,17,1,3,19,2,18,5,9,21,13,15,7,23,10,11],[4,16,24,12,20,17,1,3,19,8,2,18,5,9,14,13,21,15,23,6,10,11,22,7],[4,16,24,8,12,20,1,17,3,19,18,2,5,9,15,22,21,23,10,11,6,7],[4,24,16,20,17,1,19,3,8,12,2,18,5,9,15,23,11,10,13,21,14,7,22,6],[24,16,20,12,8,4,17,1,19,3,2,18,5,9,21,14,15,23],[20,12,4,17,1,3,19,16,8,24,2,18,5,9,14,15,22,23,21,13,10,11],[8,12,24,16,4,20,17,1,19,3,18,2,5,9,15,21,23,11,14],[20,12,24,16,8,4,17,1,19,3,2,18,5,9,22,14,10,11,13,15,23,6,21],[20,4,17,1,3,19,24,12,16,8,18,2,5,9,13,22,15,23,11,21,7,10,6],[16,20,24,4,17,1,3,19,12,8,2,18,5,9,22,13,15,7,10,11,21,6,14,23],[4,20,17,1,19,3,8,12,16,24,2,18,5,9,22,13,15,21,11,23,6],[8,20,24,4,17,1,19,3,16,12,18,2,5,9,21,13,15,23,6],[4,8,20,1,17,19,3,16,12,24,2,18,5,9,13,15,23,7,6],[24,16,4,20,17,1,3,19,12,8,2,18,5,9,21,23,14,10,15,11,13,6,22],[24,16,8,20,12,4,17,1,19,3,2,18,5,9,23,13,15,21,10,11,22,7,14,6],[12,16,20,8,24,4,1,17,19,3,18,2,5,9,15,11,21,23,13,10],[24,8,16,20,4,17,1,3,19,12,2,18,5,9,21,23,13,14,15,11,22,7],[24,12,4,20,1,17,19,3,8,16,2,18,5,9,21,15,23,13,11,6,22],[24,4,16,20,17,1,3,19,12,8,18,2,5,9,13,15,21,23,7,10,6,11],[24,12,8,16,20,4,1,17,3,19,18,2,5,9,21,15,22,11,13,6,23,7,10],[12,16,20,24,4,17,1,19,3,8,2,18,5,9,21,23,15,13,11,14,6,10,22,7],[24,8,20,12,16,4,17,1,19,3,2,18,5,9,14,15,22,23,11,7,10],[12,24,20,4,1,17,3,19,16,8,2,18,5,9,21,15,23,22,11,13,6,14,7],[16,12,20,24,4,1,17,19,3,8,2,18,5,9,14,15,21,23,7,11,6],[20,12,4,17,1,3,19,16,24,8,2,18,5,9,6,15,23,11,14,10],[8,20,12,24,4,17,1,19,3,16,18,2,5,9,13,15,23,6,14,11,22],[24,12,16,8,4,20,17,1,3,19,18,2,5,9,10,11,13,15,22,21,7],[4,8,12,24,16,20,1,17,19,3,18,2,5,9,22,13,15,14,6,23,11,7,21,10],[12,4,16,8,20,1,17,19,3,24,2,18,5,9,15,21,23,22,10,11,6],[16,4,8,20,17,1,3,19,24,12,18,2,5,9,13,15,21,22,10,11,23,14,7],[4,16,12,24,20,1,17,3,19,8,18,2,5,9,21,15,23,11,7,22,6,10,13,14],[20,16,24,4,17,1,3,19,12,8,2,18,5,9,23,13,15,10,11,22,21,14,7,6],[20,4,17,1,3,19,24,12,8,16,18,2,5,9,15,22,10,11,21,6,13,23,14,7],[24,12,20,16,8,4,1,17,3,19,18,2,5,9,13,15,22,11,10,23],[24,20,8,16,12,4,1,17,3,19,2,18,5,9,15,14,21,23,11,7,6,10,22,13],[12,16,4,24,8,20,17,1,19,3,2,18,5,9,23,14,10,6,22,11,13,15,7],[24,20,4,1,17,19,3,12,16,8,2,18,5,9,15,23,13,6,21,10,11],[16,12,20,24,4,17,1,19,3,8,2,18,5,9,21,13,15,11,23,10,7,6,22,14],[4,24,12,16,8,20,1,17,3,19,18,2,5,9,13,15,21,23,11,6,14],[8,4,16,24,12,20,17,1,3,19,18,2,5,9,22,11,14,21,13,15,7,23],[12,24,8,16,20,4,1,17,3,19,18,2,5,9,21,14,22,15,23,7,11,13,6,10],[24,8,16,12,20,4,1,17,3,19,18,2,5,9,15,22,10,11,21,7,6,14,13,23],[4,8,24,20,1,17,19,3,16,12,18,2,5,9,13,14,15,21,11,23,10,22,7,6],[20,24,4,1,17,19,3,12,16,8,2,18,5,9,21,13,14,23,6,15,10,11,22],[24,4,16,20,17,1,3,19,8,12,2,18,5,9,21,15,23,14,7,10,11],[4,12,16,20,1,17,3,19,8,24,18,2,5,9,21,15,23,7,13,22,11],[20,12,4,17,1,19,3,24,16,8,18,2,5,9,15,21,23,7,10,11,14],[4,8,20,1,17,3,19,16,12,24,2,18,5,9,15,23,21,10,11,14,13,6,7,22],[16,20,12,8,24,4,1,17,3,19,2,18,5,9,14,23,13,11,15,21,22,10,7,6],[16,24,20,8,12,4,1,17,19,3,2,18,5,9,22,13,15,21,10,11,23,14,6,7],[4,20,17,1,3,19,24,12,8,16,18,2,5,9,13,15,21,23,7,11],[20,8,16,12,24,4,17,1,3,19,18,2,5,9,13,21,15,22,11,7],[20,12,4,1,17,19,3,24,8,16,18,2,5,9,7,14,21,23,15,10,11,13,22],[16,12,20,8,4,17,1,3,19,24,18,2,5,9,14,23,13,15,7,11],[12,16,20,24,8,4,17,1,19,3,2,18,5,9,13,15,22,21,11,23,7,14],[20,8,4,17,1,19,3,12,24,16,2,18,5,9,14,21,15,6,22,11,13,23,7],[20,16,24,8,12,4,17,1,19,3,2,18,5,9,22,14,13,15,23,10,11,6,7],[16,24,4,8,12,20,17,1,3,19,18,2,5,9,11,14,13,21,15,23,22,6,10,7],[24,4,16,12,20,1,17,3,19,8,18,2,5,9,22,10,13,15,11,21,6,7,14,23],[16,20,24,4,1,17,19,3,8,12,2,18,5,9,21,13,14,15,23,10,11,22,6,7],[4,12,20,1,17,19,3,8,24,16,2,18,5,9,14,15,23,10,11],[24,4,20,1,17,3,19,8,16,12,2,18,5,9,22,13,15,21,23,11,6,7,10,14],[24,8,16,20,12,4,1,17,3,19,18,2,5,9,23,13,15,11,7,14],[4,12,8,24,16,20,1,17,19,3,2,18,5,9,21,13,23,15,22],[24,12,4,20,1,17,19,3,16,8,18,2,5,9,13,15,23,22,7,11],[12,8,24,4,16,20,17,1,19,3,2,18,5,9,14,21,23,7,13,15,10,11],[8,24,4,12,20,1,17,3,19,16,18,2,5,9,21,14,23,13,15,10,22,11,7,6],[12,16,20,8,4,17,1,19,3,24,2,18,5,9,14,15,22,23,6],[4,20,17,1,19,3,12,24,16,8,18,2,5,9,13,15,22,21,10,11],[20,8,24,12,4,17,1,19,3,16,2,18,5,9,13,15,22,11,14,23,6,10,21],[16,24,8,20,12,4,1,17,19,3,18,2,5,9,21,22,14,11,13,15,23,10,7],[12,4,8,20,1,17,3,19,16,24,2,18,5,9,14,21,23,15,10,11,13,7],[12,16,24,8,4,20,1,17,3,19,18,2,5,9,21,23,15,11,14,22,6,10],[4,24,12,8,16,20,17,1,3,19,18,2,5,9,15,21,23,14,6,22,13,11,7,10],[24,12,8,16,20,4,17,1,3,19,2,18,5,9,23,15,14,7,11,6,13,22,10,21],[8,20,4,1,17,3,19,12,24,16,18,2,5,9,15,21,23,11,13,6,22,10,7],[20,16,4,1,17,19,3,24,12,8,18,2,5,9,13,15,23,7,21,11],[20,8,24,16,12,4,1,17,19,3,2,18,5,9,15,23,14,11,13,7,10,6,21],[8,16,12,20,4,1,17,19,3,24,2,18,5,9,13,15,21,23,14,10,11,7],[8,4,12,16,20,1,17,3,19,24,2,18,5,9,14,23,15,10,11,13,7,21,22,6],[24,16,12,8,4,20,17,1,3,19,2,18,5,9,15,23,7,11,10,6],[16,20,4,17,1,19,3,8,24,12,18,2,5,9,21,15,23,22,6,13,10,11,7],[12,20,4,17,1,3,19,16,24,8,18,2,5,9,22,21,13,14,15,23,7,11],[16,4,20,1,17,3,19,24,12,8,2,18,5,9,23,14,13,15,22,21,10,11,6],[16,4,12,20,1,17,3,19,24,8,2,18,5,9,21,14,23,10,11,15,6,13,22],[20,12,8,16,4,1,17,3,19,24,18,2,5,9,21,13,15,23,10,11,14,6],[4,16,20,1,17,3,19,24,8,12,2,18,5,9,15,23,14,7,21,13,6,11,22],[8,4,16,12,20,17,1,3,19,24,2,18,5,9,21,23,15,13,6,11],[12,16,20,8,4,1,17,19,3,24,2,18,5,9,15,21,22,10,11,7,6,13,23,14],[24,12,4,16,20,17,1,3,19,8,18,2,5,9,15,22,6,21,23,11,7,10,13,14],[24,16,4,12,8,20,1,17,19,3,2,18,5,9,23,15,10],[8,12,16,24,20,4,17,1,19,3,18,2,5,9,23,13,15,14,10,11,22],[8,12,16,20,24,4,17,1,19,3,18,2,5,9,23,15,6,10,11,13,22,14,21,7],[20,4,1,17,3,19,24,16,12,8,18,2,5,9,14,13,21,11,15,23,7,22,6,10],[20,24,8,16,4,17,1,19,3,12,18,2,5,9,22,13,15,7,21,23,10,11,14,6],[24,20,12,8,16,4,1,17,19,3,2,18,5,9,22,13,15,11,21,23,6,14,7,10],[16,24,12,4,20,1,17,3,19,8,2,18,5,9,15,22,10,11,23,6,21,7,13],[16,24,12,4,20,1,17,3,19,8,18,2,5,9,15,22,11,7,23,13,10,21],[12,8,20,24,4,1,17,19,3,16,18,2,5,9,13,15,21,23,14,11,22],[4,16,20,1,17,19,3,24,12,8,18,2,5,9,14,13,15,22,23,11,6,21,10,7],[16,4,24,20,17,1,3,19,8,12,18,2,5,9,15,22,6,7,13,23,21,11,10],[24,4,16,20,1,17,19,3,8,12,2,18,5,9,23,13,14,15,11,6,10,7,22],[16,8,24,20,4,1,17,3,19,12,18,2,5,9,21,23,13,14,15,10,11,22],[12,8,24,20,16,4,17,1,3,19,18,2,5,9,14,23,13,15],[20,16,4,17,1,3,19,24,8,12,2,18,5,9,21,15,10,23,11,14,13,6,22],[12,16,20,8,4,1,17,19,3,24,18,2,5,9,21,23,15,6,11,13],[8,20,4,17,1,3,19,24,12,16,18,2,5,9,14,21,13,15,22,23,6,10,11,7],[24,16,20,12,8,4,1,17,3,19,2,18,5,9,23,14,15,10,11,7,6],[24,8,20,12,16,4,17,1,19,3,2,18,5,9,23,15,11,13,7,6,14,22,21],[8,12,16,24,20,4,1,17,19,3,2,18,5,9,22,15,11,21,13,23,6,10,7],[12,20,8,24,16,4,1,17,3,19,18,2,5,9,15,22,13,11,10,21,6,14,23,7],[20,16,24,8,12,4,1,17,19,3,2,18,5,9,13,15,11,22,7,23],[4,24,8,16,12,20,17,1,19,3,18,2,5,9,13,15,21,23,6,7,14,11],[24,16,8,4,20,17,1,19,3,12,2,18,5,9,22,14,21,13,15,7,6,11,23,10],[20,4,17,1,3,19,8,24,16,12,2,18,5,9,14,21,23,13,15,10,11],[8,24,12,16,4,20,1,17,3,19,18,2,5,9,13,15,21,23,7,11],[4,16,24,12,20,17,1,3,19,8,2,18,5,9,15,21,23,11,13,10,14,7],[4,20,1,17,3,19,24,16,8,12,18,2,5,9,14,22,23,15,7,21,13,6,10,11],[20,12,4,17,1,19,3,24,16,8,18,2,5,9,13,22,15,21,23,11,6],[12,24,8,20,16,4,17,1,19,3,18,2,5,9,21,13,15,23,11,14,10],[24,20,4,1,17,19,3,8,12,16,2,18,5,9,21,15,13,23,22,14,6,7,11,10],[4,12,24,20,17,1,3,19,16,8,18,2,5,9,23,14,15,7,6,10,11],[4,8,12,24,16,20,17,1,3,19,18,2,5,9,15,22,23,10,11,14,7,21],[24,20,16,4,17,1,19,3,12,8,2,18,5,9,13,23,15,21,6,22,10,11],[24,16,12,4,20,1,17,19,3,8,18,2,5,9,21,15,23,11,7],[4,16,12,20,1,17,3,19,24,8,2,18,5,9,13,15,23,21,10,11,7,6],[8,12,20,24,4,17,1,19,3,16,18,2,5,9,14,22,15,11,7,21,10,6,23,13],[4,16,24,8,20,17,1,3,19,12,18,2,5,9,15,21,11,23,22,10,7,14,13],[12,20,4,1,17,3,19,8,16,24,2,18,5,9,13,15,22,11,21,10,14,23,7],[4,24,