{"problem_id":"WrNqmSvvPNw3xea","sigma":75,"alpha":3.162,"cost":0,"probabilities":"[0.14, 0.21, 0.12, 0.53]","payoff_matrix":"[[46, 9, 62, 91, 85, 52], [148, -5, 31, 54, 62, 101], [-69, -83, -70, -78, 66, -31], [-163, 8, 91, 12, -95, 43]]","uncovered":[[24,16,12,20,4,8,22,10,9,21,23],[24,20,8,4,12,16,10,22,21,9,23],[24,20,16,8,4,12,22,10,21,9,23],[4,8,12,20,24,16,22,10,21,9,11,23],[16,24,8,12,4,20,10,21,22,9,23],[24,16,8,12,20,4,10,22,9,23],[12,8,4,24,20,16,22,10,9,21,23],[20,12,4,8,24,16,22,10,9,21,11,23],[20,16,4,24,12,8,10,22,9,23],[8,20,12,24,16,4,10,23,22,9],[8,16,4,20,24,12,22,10,9,23],[16,4,8,20,24,12,22,10,9,21,11,23],[20,4,12,16,8,24,10,23,22,9],[16,8,4,24,20,12,22,10,9,21,11,23],[4,24,20,16,8,12,10,22,9,21,23],[24,12,20,16,4,8,22,10,9,21,23],[8,12,4,20,16,24,22,10,9,21,23],[24,16,12,8,20,4,10,22,9,23],[20,16,24,4,8,12,22,10,21,9,23],[20,16,24,12,4,8,10,22,9,21,23],[8,16,20,12,4,24,10,22,9,21,11,23],[24,20,4,12,8,16,9,22,10,23],[20,12,24,16,4,8,22,10,9,23],[24,16,20,4,8,12,22,10,9,21,23],[4,24,8,16,12,20,10,22,9,21,23],[4,16,20,8,24,12,10,22,21,9,11,23],[8,16,12,4,20,24,22,10,9,23],[8,20,16,24,4,12,22,10,9,23],[16,8,12,4,20,24,10,22,9,21,23],[24,4,20,12,16,8,10,22,9,21,23],[8,4,16,24,20,12,22,10,9,23],[4,20,16,8,12,24,10,22,9,21,11,23],[20,16,24,4,8,12,10,21,22,9,23],[8,24,4,20,12,16,10,22,9,21,23],[16,8,20,4,12,24,10,22,9,23],[4,16,8,12,20,24,10,22,21,9,11,23],[8,12,24,20,4,16,10,22,9,23],[4,20,8,24,16,12,10,22,9,21,11,23],[20,16,4,12,8,24,22,10,9,23],[4,16,20,24,12,8,10,22,21,9,11,23],[12,16,20,4,24,8,22,10,21,9,11,23],[12,24,8,20,4,16,10,22,21,9,23],[12,16,4,8,20,24,22,10,9,21,11,23],[12,8,4,24,16,20,22,10,9,23],[24,12,16,4,20,8,10,21,22,9,23],[8,20,16,24,4,12,22,10,9,21,11,23],[24,8,20,4,16,12,10,22,21,9,11,23],[16,12,24,8,20,4,10,22,21,9,23],[4,12,24,8,16,20,10,21,22,9,11,23],[24,16,8,20,4,12,10,22,21,9,23],[16,24,20,12,8,4,10,22,9,23],[8,4,16,12,24,20,22,10,9,21,11,23],[20,4,24,16,8,12,22,10,9,21,23],[24,12,4,16,8,20,10,23,22,9],[8,4,12,20,24,16,10,22,21,9,23],[16,8,20,12,24,4,22,10,21,9,23],[12,4,8,20,24,16,10,22,9,21,23],[4,20,24,12,16,8,10,22,9,23],[24,20,16,4,8,12,22,10,21,9,23],[16,20,8,12,24,4,10,22,9,21,23],[24,4,16,8,20,12,22,10,21,9,23],[24,4,20,12,16,8,22,10,21,9,23],[24,16,12,8,4,20,22,10,9,21,23],[16,20,12,4,24,8,10,22,21,9,11,23],[8,4,12,16,20,24,22,10,9,21,11,23],[24,16,12,20,8,4,10,22,9,21,11,23],[20,4,16,8,24,12,22,10,9,21,23],[12,4,16,8,24,20,22,10,9,21,11,23],[24,16,20,8,4,12,10,23,14,21,22,9],[4,16,8,24,12,20,22,10,21,9,23],[16,4,24,8,20,12,22,10,9,21,23],[20,16,4,12,24,8,10,23,22,9],[12,4,16,20,24,8,22,10,9,21,23],[16,8,4,24,20,12,22,10,21,9,23],[16,4,20,12,8,24,22,10,9,21,11,23],[8,12,24,4,20,16,10,22,21,9,23],[8,20,16,12,24,4,22,10,21,9,23],[16,12,24,20,4,8,22,10,21,9,23],[16,8,12,24,20,4,22,10,9,21,11,23],[8,24,4,16,20,12,22,10,21,9,23],[4,8,16,24,20,12,10,22,21,9,23],[4,20,24,16,8,12,22,10,21,9,23],[4,16,20,12,24,8,22,10,21,9,11,23],[16,4,24,12,8,20,22,10,9,21,23],[8,20,4,16,12,24,10,23,22,9],[24,20,8,16,12,4,22,10,21,9,23],[24,4,12,20,8,16,10,21,22,9,23],[12,8,4,20,16,24,22,10,21,9,11,23],[4,24,20,12,16,8,10,22,9,21,11,23],[24,8,20,12,4,16,22,10,9,21,11,23],[20,8,12,4,24,16,10,22,21,9,23],[8,4,20,16,12,24,22,10,21,9,11,23],[16,20,4,8,24,12,22,10,9,21,11,23],[24,12,8,4,20,16,22,10,21,9,23],[12,16,24,4,8,20,22,10,21,9,23],[16,8,12,4,24,20,22,10,9,21,23],[4,24,8,20,16,12,22,10,21,9,11,23],[24,20,4,8,16,12,10,22,9,21,11,23],[12,4,20,24,8,16,10,22,21,9,23],[16,20,8,24,12,4,22,10,21,9,11,23],[8,20,12,4,16,24,10,22,9,21,11,23],[4,24,8,12,20,16,10,22,9,21,11,23],[24,12,8,16,20,4,22,10,21,9,23],[8,12,24,4,16,20,10,22,21,9,11,23],[16,4,8,20,12,24,22,10,9,21,23],[16,24,8,4,12,20,10,22,9,21,11,23],[24,4,16,20,12,8,10,22,21,9,23],[12,16,24,4,8,20,11,22,10,21,9,23],[16,24,4,12,20,8,10,22,21,9,23],[12,24,16,8,4,20,10,22,9,21,11,23],[12,20,24,8,4,16,22,10,21,9,11,23],[24,4,12,16,8,20,22,10,9,23],[8,4,16,24,20,12,10,22,9,21,23],[4,24,8,20,12,16,10,22,21,9,23],[4,12,16,24,20,8,22,10,9,21,11,23],[24,20,4,12,16,8,22,10,21,9,11,23],[24,8,12,20,4,16,22,10,9,21,11,23],[4,12,16,20,8,24,22,10,9,23],[24,8,20,16,4,12,9,23,11,22,10],[8,24,16,12,20,4,10,22,9,21,23],[16,4,12,24,20,8,10,22,9,21,23],[8,20,16,24,4,12,22,10,21,9,11,23],[4,16,24,8,12,20,10,21,22,9,23],[12,8,24,4,20,16,22,10,9,21,23],[24,12,8,20,4,16,22,10,21,9,11,23],[4,12,20,8,24,16,22,10,9,21,23],[4,24,12,20,16,8,22,10,21,9,23],[4,12,24,20,16,8,10,22,21,9,23],[24,20,8,4,16,12,22,10,9,23],[12,8,20,24,16,4,22,10,21,9,23],[4,20,12,24,16,8,22,10,9,21,23],[8,24,4,20,16,12,10,22,9,21,23],[4,8,20,16,24,12,22,10,21,9,11,23],[8,24,12,16,4,20,10,22,9,21,23],[20,16,4,24,8,12,22,10,21,9,23],[16,20,4,12,8,24,10,22,21,9,11,23],[4,8,20,16,24,12,10,22,21,9,11,23],[4,20,16,24,8,12,22,10,21,9,23],[4,20,24,8,16,12,10,22,21,9,23],[4,24,12,16,8,20,10,22,21,9,23],[12,4,24,16,8,20,22,10,21,9,23],[4,12,8,20,24,16,10,22,9,21,23],[4,8,12,20,24,16,22,10,11,21,9,23],[24,12,4,16,8,20,10,22,21,9,11,23],[12,24,20,8,4,16,10,21,22,9,23],[12,24,8,20,16,4,10,22,9,21,11,23],[16,12,24,4,20,8,10,22,21,9,11,23],[4,20,24,16,12,8,10,22,9,23],[12,16,4,20,8,24,10,22,21,9,11,23],[16,4,24,8,12,20,10,23,22,9],[24,4,8,20,12,16,22,10,21,9,11,23],[20,4,24,12,8,16,10,22,21,9,11,23],[4,24,12,16,8,20,10,23,22,9],[16,12,8,24,4,20,10,22,9,21,11,23],[4,8,16,12,24,20,22,10,9,23],[4,16,12,8,24,20,10,22,21,9,11,23],[8,16,12,4,24,20,10,22,21,9,11,23],[24,4,20,12,16,8,22,10,21,9,23],[24,8,4,16,12,20,22,10,21,9,11,23],[16,12,8,20,24,4,10,22,21,9,23],[4,20,12,16,8,24,22,10,21,9,23],[4,12,24,8,16,20,22,10,9,21,23],[24,20,8,4,12,16,10,23,21,22,9],[8,20,12,16,24,4,10,22,21,9,23],[24,20,16,8,4,12,10,22,9,23],[8,24,20,16,12,4,22,10,9,21,23],[16,24,4,8,20,12,22,10,9,21,23],[4,16,20,12,24,8,10,23,22,9],[16,24,4,12,20,8,22,10,9,23],[20,24,4,8,12,16,10,23,22,9],[24,16,8,20,12,4,22,10,9,23],[12,24,20,4,8,16,22,10,21,9,23],[4,16,8,20,24,12,22,10,9,23],[4,16,24,20,12,8,22,10,9,21,23],[24,20,4,16,12,8,10,21,22,9,11,23],[8,20,4,24,12,16,10,22,9,21,11,23],[16,20,8,12,4,24,10,22,21,9,11,23],[12,4,16,8,24,20,10,23,22,9],[20,8,12,4,16,24,22,10,9,21,23],[24,8,20,16,4,12,10,21,22,9,11,23],[20,24,12,8,16,4,10,22,9,21,23],[8,12,20,16,24,4,22,10,21,9,11,23],[8,16,4,12,20,24,10,23,6],[8,12,24,4,16,20,10,22,21,9,11,23],[16,4,20,24,8,12,22,10,9,21,23],[8,12,4,20,24,16,10,22,9,21,23],[24,20,4,12,16,8,22,10,9,21,11,23],[8,16,4,24,12,20,10,22,21,9,23],[4,12,20,16,24,8,10,22,9,21,11,23],[20,8,24,4,12,16,22,10,21,9,23],[24,20,16,4,12,8,10,22,21,9,23],[8,12,20,16,4,24,10,21,22,9,11,23],[12,20,16,24,4,8,10,21,22,9,11,23],[12,16,4,20,24,8,10,23,21,22,9],[16,24,8,12,20,4,10,22,9,21,23],[24,8,16,12,20,4,10,22,9,21,23],[8,20,24,16,4,12,10,22,9,21,11,23],[20,12,4,16,8,24,10,22,9,21,23],[16,8,24,12,20,4,22,10,21,9,23],[12,16,24,20,8,4,10,22,9,21,11,23],[20,8,16,24,12,4,10,22,21,9,11,23],[24,8,4,20,16,12,22,10,9,21,11,23],[24,12,20,16,8,4,10,22,21,9,23],[20,16,4,8,12,24,22,10,21,9,11,23],[24,4,16,12,20,8,22,10,9,23],[20,12,4,16,8,24,22,10,21,9,11,23],[4,20,12,8,24,16,22,10,9,21,11,23],[20,8,12,24,4,16,10,22,21,9,11,23],[8,12,16,20,24,4,22,10,9,23],[12,20,16,4,24,8,10,21,22,9,11,23],[8,16,12,20,24,4,22,10,21,9,11,23],[24,4,20,16,8,12,10,22,21,9,23],[20,4,16,12,8,24,22,10,9,21,23],[20,16,4,24,8,12,22,10,21,9,23],[12,24,16,8,4,20,10,22,9,21,11,23],[4,12,16,24,20,8,10,21,22,9,11,23],[8,16,24,12,4,20,22,10,21,9,23],[24,12,4,20,16,8,22,10,21,9,23],[24,16,12,20,8,4,22,10,9,21,23],[4,12,16,24,8,20,10,23,11,22,9],[20,16,8,12,4,24,22,10,21,9,11,23],[12,4,20,16,8,24,10,22,9,23],[8,20,4,16,24,12,22,10,21,9,23],[16,24,20,12,4,8,22,10,9,21,11,23],[16,24,12,8,20,4,10,22,21,9,11,23],[20,8,24,12,4,16,22,10,21,9,11,23],[8,16,4,12,20,24,22,10,9,21,11,23],[8,24,4,12,16,20,22,10,9,21,11,23],[12,4,20,8,16,24,10,22,21,9,11,23],[24,20,4,8,12,16,10,22,21,9,11,23],[4,20,8,12,16,24,10,23,22,9],[12,20,8,16,4,24,10,23,22,9],[16,24,4,20,12,8,22,10,21,9,23],[20,4,8,16,24,12,10,22,21,9,23],[12,4,24,20,16,8,10,21,22,9,23],[16,24,4,12,20,8,22,10,21,9,23],[12,16,4,8,20,24,10,22,9,23],[12,24,4,20,16,8,22,10,21,9,23],[4,8,16,20,24,12,10,21,22,9,11,23],[24,20,8,4,16,12,10,22,11,21,9,23],[8,20,16,12,4,24,22,10,21,9,11,23],[8,24,4,12,16,20,10,22,9,21,23],[4,16,24,20,8,12,10,22,9,21,11,23],[24,12,8,16,20,4,22,10,9,23],[24,16,4,8,20,12,22,10,9,23],[12,24,8,16,4,20,22,10,21,9,11,23],[4,24,16,20,8,12,10,22,21,9,23],[8,12,20,16,24,4,22,10,21,9,11,23],[8,4,12,20,24,16,10,21,22,9,11,23],[4,24,12,8,20,16,22,10,9,21,11,23],[12,24,4,8,16,20,22,10,9,23],[8,24,16,4,20,12,10,22,21,9,11,23],[12,24,4,8,20,16,10,22,21,9,11,23],[20,4,8,12,24,16,22,10,21,9,23],[8,16,20,4,12,24,22,10,21,9,11,23],[8,24,12,20,16,4,22,10,9,21,11,23],[16,24,8,20,4,12,10,22,21,9,23],[4,16,24,20,12,8,22,10,9,21,11,23],[16,24,20,8,12,4,10,22,21,9,23],[20,4,8,16,12,24,22,10,9,23],[4,8,24,16,12,20,22,10,9,21,23],[12,20,24,4,16,8,10,22,21,9,11,23],[16,24,20,4,12,8,10,23,22,9],[12,4,8,16,24,20,22,10,21,9,23],[16,8,4,12,24,20,10,22,21,9,23],[8,24,12,16,20,4,22,10,21,9,11,23],[12,20,24,4,8,16,10,23,22,9],[20,4,16,12,8,24,10,22,9,21,23],[12,16,8,24,4,20,22,10,21,9,23],[16,8,20,4,12,24,22,10,9,21,11,23],[24,8,16,4,20,12,22,10,21,9,23],[4,24,20,16,8,12,22,10,21,9,11,23],[8,24,4,12,20,16,10,22,9,21,11,23],[8,20,24,4,16,12,10,22,21,9,11,23],[24,4,12,20,8,16,10,23,22,9],[16,20,12,4,8,24,10,22,11,21,9,23],[8,20,16,24,12,4,22,10,21,9,23],[8,4,16,20,24,12,10,22,9,21,11,23],[8,16,12,4,20,24,10,23,22,9],[20,4,16,24,12,8,22,10,21,9,23],[8,20,4,16,12,24,10,22,9,21,11,23],[24,4,12,20,16,8,10,23,22,9],[16,12,20,8,4,24,10,22,21,9,23],[16,24,12,4,8,20,22,10,21,9,23],[20,12,8,16,4,24,22,10,21,9,23],[4,8,16,20,24,12,22,10,21,9,11,23],[16,12,4,24,8,20,10,22,9,21,11,23],[24,4,16,12,20,8,10,23,22,9],[8,12,20,24,4,16,10,21,22,9,11,23],[16,4,20,8,24,12,10,23,22,9],[8,16,20,12,4,24,22,10,9,21,11,23],[8,20,4,24,12,16,10,22,9,21,11,23],[8,4,12,24,20,16,10,22,9,21,23],[24,16,20,12,4,8,22,10,9,21,23],[8,4,16,12,20,24,22,10,9,21,11,23],[4,20,16,8,24,12,22,10,21,9,11,23],[4,20,16,8,24,12,10,22,21,9,23],[4,24,12,8,16,20,10,21,22,9,23],[24,16,4,8,20,12,10,22,21,9,23],[8,24,4,12,16,20,10,22,21,9,11,23],[20,16,24,12,8,4,22,10,21,9,23],[24,20,12,16,8,4,10,22,21,9,23],[20,16,12,4,8,24,22,10,9,21,11,23],[4,24,16,8,20,12,10,21,22,9,23],[20,16,8,24,4,12,10,21,22,9,11,23],[4,12,24,8,16,20,22,10,21,9,23],[20,16,12,4,8,24,10,22,21,9,23],[8,20,16,24,4,12,10,23,21,22,9],[12,20,8,16,4,24,22,10,21,9,23],[24,8,4,16,12,20,10,22,9,21,23],[24,4,16,8,12,20,22,10,21,9,23],[8,12,20,4,16,24,10,23,22,9],[16,8,12,24,4,20,22,10,21,9,11,23],[12,24,8,4,16,20,10,22,21,9,11,23],[12,16,4,20,24,8,22,10,9,21,23],[4,24,20,8,16,12,10,22,9,21,11,23],[24,20,16,4,12,8,22,10,9,23],[4,12,16,8,24,20,22,10,9,21,11,23],[12,16,4,24,20,8,10,22,21,9,11,23],[8,16,20,24,12,4,22,10,9,23],[24,12,8,4,16,20,10,23,21,22,9],[24,20,8,16,4,12,10,22,9,21,23],[4,12,20,8,24,16,10,22,21,9,23],[12,20,16,4,8,24,10,22,9,21,11,23],[24,12,4,16,8,20,22,10,21,9,11,23],[16,20,8,4,12,24,22,10,21,9,11,23],[12,8,16,4,20,24,22,10,21,9,23],[12,20,24,8,16,4,22,10,9,21,11,23],[8,4,12,16,20,24,22,10,21,9,23],[8,20,24,16,4,12,10,22,9,21,11,23],[8,12,24,16,20,4,10,22,9,21,11,23],[16,8,4,12,20,24,10,21,22,9,11,23],[4,24,8,16,20,12,22,10,9,23],[4,24,8,16,12,20,22,10,21,9,11,23],[20,12,24,16,8,4,10,22,9,21,11,23],[16,24,12,20,4,8,22,10,9,21,23],[12,24,20,8,4,16,22,10,21,9,11,23],[12,20,24,4,8,16,10,21,22,9,11,23],[16,20,4,8,12,24,22,10,21,9,11,23],[20,24,12,4,16,8,22,10,21,9,11,23],[16,4,12,8,24,20,10,22,21,9,11,23],[12,8,24,4,20,16,10,22,21,9,23],[8,4,12,16,24,20,22,10,21,9,23],[4,24,20,12,16,8,10,22,9,21,11,23],[4,16,12,8,24,20,10,22,21,9,11,23],[24,20,12,4,16,8,22,10,9,23],[8,4,20,24,12,16,22,10,21,9,23],[24,16,4,20,12,8,22,10,9,21,11,23],[16,4,24,12,20,8,10,22,21,9,11,23],[24,4,20,16,12,8,22,10,9,21,23],[16,20,8,4,12,24,10,22,21,9,11,23],[16,4,8,24,12,20,22,10,21,9,11,23],[12,24,16,20,8,4,22,10,21,9,23],[4,8,24,20,16,12,22,10,11,21,9,23],[24,20,12,16,8,4,22,10,21,9,23],[8,4,12,20,24,16,22,10,9,21,11,23],[20,8,4,12,16,24,22,10,9,23],[12,8,20,4,16,24,22,10,21,9,23],[4,24,12,8,20,16,10,22,9,21,23],[16,24,12,8,4,20,10,21,22,9,11,23],[20,12,8,24,16,4,22,10,9,21,11,23],[24,8,4,12,16,20,10,22,9,23],[20,4,24,16,8,12,10,22,9,21,11,23],[8,20,4,16,24,12,22,10,21,9,23],[8,12,24,20,4,16,22,10,9,21,11,23],[20,24,4,16,8,12,10,22,21,9,23],[20,24,12,16,8,4,10,22,21,9,23],[8,24,20,12,16,4,22,10,23,9],[16,12,8,20,24,4,22,10,9,23],[16,20,4,12,24,8,10,22,21,9,11,23],[4,8,12,20,24,16,10,21,22,9,23],[24,12,20,8,16,4,10,22,9,21,23],[16,20,24,12,4,8,22,10,21,9,11,23],[8,12,4,16,24,20,22,10,9,21,23],[24,8,12,20,4,16,22,10,9,21,11,23],[16,8,4,12,24,20,22,10,21,9,23],[20,4,24,8,12,16,10,23,21,22,9],[4,8,16,12,20,24,10,22,21,9,23],[16,8,20,4,12,24,22,10,9,21,23],[24,12,4,8,16,20,10,22,21,9,11,23],[16,20,12,24,4,8,22,10,9,23],[16,20,8,4,12,24,10,22,9,23],[20,8,24,12,4,16,22,10,21,9,23],[4,24,16,12,8,20,22,10,21,9,23],[16,12,20,8,24,4,10,22,21,9,11,23],[24,8,4,12,20,16,10,22,9,21,11,23],[4,20,12,8,16,24,10,23,22,9],[20,12,16,8,24,4,22,10,21,9,11,23],[12,4,16,24,20,8,10,22,21,9,23],[20,16,24,12,8,4,22,10,21,9,23],[12,16,8,20,24,4,10,23,22,9],[4,20,12,24,8,16,22,10,9,23],[4,8,16,24,12,20,22,10,21,9,23],[4,24,16,8,12,20,10,22,21,9,11,23],[20,12,16,24,4,8,22,10,21,9,23],[4,8,16,12,20,24,10,22,21,9,23],[4,12,16,8,20,24,22,10,21,9,23],[12,4,24,16,20,8,22,10,21,9,11,23],[4,12,24,20,8,16,22,10,9,21,23],[24,20,8,16,4,12,10,22,21,9,11,23],[12,20,16,8,24,4,22,10,21,9,11,23],[24,12,16,8,20,4,22,10,9,23],[12,8,20,4,24,16,22,10,9,21,11,23],[8,24,4,12,20,16,10,22,21,9,11,23],[24,4,8,20,12,16,22,10,21,9,23],[12,8,20,4,24,16,22,10,21,9,23],[20,8,4,12,24,16,22,10,9,21,23],[12,20,4,8,24,16,10,22,9,23],[20,12,24,8,16,4,22,10,21,9,11,23],[12,24,20,16,8,4,22,10,9,23],[24,4,12,16,8,20,10,22,11,21,9,23],[12,4,8,24,16,20,10,22,21,9,11,23],[24,20,12,4,8,16,10,21,22,9,11,23],[16,20,12,4,24,8,10,21,22,9,11,23],[8,12,16,24,20,4,22,10,9,21,11,23],[24,4,8,20,12,16,22,10,9,21,23],[20,4,16,12,8,24,22,10,9,21,23],[12,16,20,4,8,24,22,10,9,21,23],[16,12,24,20,4,8,10,22,21,9,11,23],[8,20,16,4,24,12,22,10,9,23],[4,20,12,24,8,16,10,23,7],[8,20,16,4,24,12,22,10,21,9,11,23],[20,16,24,8,12,4,10,22,21,9,23],[20,12,16,4,8,24,22,10,9,21,23],[4,16,20,12,24,8,10,22,9,21,11,23],[24,8,20,16,12,4,22,10,21,9,23],[24,8,20,12,16,4,10,22,9,23],[4,24,8,16,20,12,10,22,9,21,23],[12,8,4,24,16,20,22,10,21,9,11,23],[4,24,20,16,8,12,22,10,21,9,23],[4,20,24,8,16,12,22,10,21,9,11,23],[20,8,4,12,16,24,10,22,21,9,23],[12,20,24,16,8,4,10,22,9,21,11,23],[20,12,4,16,24,8,22,10,21,9,11,23],[24,16,12,8,4,20,22,10,21,9,11,23],[8,20,24,16,12,4,10,21,22,9,11,23],[12,16,24,8,20,4,10,22,9,21,23],[16,20,24,12,8,4,22,10,21,9,11,23],[12,24,20,8,16,4,22,10,21,9,23],[4,20,24,8,16,12,10,23,22,9],[24,16,8,4,20,12,10,22,9,21,23],[8,12,20,4,16,24,22,10,21,9,23],[24,16,12,8,20,4,10,22,9,21,23],[8,20,4,12,24,16,10,22,9,21,23],[12,8,16,24,20,4,22,10,9,21,11,23],[8,12,4,24,20,16,10,22,21,9,23],[4,16,20,12,8,24,22,10,9,23],[4,12,24,8,16,20,23,10,22,9],[4,20,24,8,12,16,10,22,9,21,11,23],[8,24,16,12,20,4,10,21,22,9,11,23],[20,16,4,8,24,12,22,10,9,21,23],[12,4,16,8,24,20,22,10,21,9,23],[20,8,12,16,24,4,22,10,9,23],[24,20,4,16,8,12,10,22,9,21,23],[20,8,12,24,4,16,22,10,9,23],[12,20,24,16,4,8,22,10,9,21,23],[4,24,20,16,12,8,10,22,21,9,11,23],[20,24,8,12,16,4,10,21,22,9,23],[16,8,24,20,4,12,10,22,21,9,11,23],[12,24,16,20,4,8,9,21,22,10,11,23],[8,4,20,16,24,12,22,10,21,9,23],[12,16,8,20,24,4,22,10,9,21,11,23],[4,20,12,24,16,8,22,10,9,23],[8,20,12,16,4,24,10,23,21,22,9],[12,4,8,24,20,16,10,22,21,9,11,23],[20,8,16,24,4,12,10,22,9,21,23],[24,8,20,4,16,12,22,10,9,23],[8,24,20,16,12,4,10,22,21,9,11,23],[12,16,24,8,4,20,22,10,21,9,11,23],[8,16,12,24,20,4,22,10,9,21,11,23],[24,12,20,8,4,16,22,10,9,21,11,23],[24,8,12,20,4,16,22,10,9,21,23],[24,12,20,4,8,16,22,10,9,21,11,23],[16,20,12,24,8,4,10,21,22,9,11,23],[4,20,8,24,16,12,10,21,22,9,11,23],[20,12,16,4,24,8,10,22,21,9,11,23],[4,24,16,12,8,20,10,22,9,23],[8,16,20,4,24,12,10,22,9,21,23],[16,24,8,20,12,4,22,10,21,9,23],[16,12,4,8,20,24,22,10,9,21,11,23],[24,12,8,20,16,4,22,10,9,21,11,23],[4,8,20,16,24,12,10,23,22,9],[20,12,24,8,16,4,22,10,21,9,11,23],[4,20,16,8,24,12,10,22,9,21,23],[24,12,4,8,16,20,22,10,21,9,23],[24,12,20,16,4,8,22,10,21,9,23],[16,8,20,12,24,4,10,22,21,9,23],[16,12,24,8,20,4,22,10,21,9,11,23],[24,20,12,16,4,8,10,22,9,23],[4,8,24,20,16,12,22,10,9,21,23],[8,24,16,20,4,12,22,10,21,9,23],[12,8,20,24,4,16,23,10,22,9],[20,24,8,16,12,4,22,10,21,9,11,23],[8,20,4,16,12,24,22,10,9,21,11,23],[24,8,20,4,12,16,22,10,9,21,23],[20,4,12,8,24,16,10,22,21,9,11,23],[20,24,12,8,4,16,22,10,9,21,23],[20,8,24,4,12,16,9,22,10,21,11,23],[20,16,4,12,24,8,22,10,9,21,11,23],[8,12,24,4,20,16,10,22,21,9,11,23],[24,20,4,16,12,8,10,22,21,9,23],[12,20,4,8,24,16,10,21,22,9,23],[8,20,16,4,12,24,10,22,9,21,23],[16,24,8,12,20,4,22,10,21,9,23],[4,12,20,24,8,16,22,10,9,21,23],[12,24,4,16,20,8,22,10,21,9,11,23],[12,16,20,4,24,8,22,10,9,21,11,23],[20,8,24,16,4,12,10,22,9,23],[8,20,24,4,16,12,10,21,22,9,23],[8,24,4,20,12,16,10,22,21,9,23],[4,24,12,16,8,20,22,10,21,9,23],[8,12,16,20,4,24,10,22,9,23],[12,20,8,16,4,24,22,10,21,9,23],[24,4,16,8,12,20,22,10,9,21,23],[20,12,16,24,8,4,22,10,9,21,23],[12,24,4,20,8,16,22,10,9,21,23],[8,24,16,4,12,20,10,23,21,22,9],[4,12,24,16,20,8,22,10,9,23],[8,20,4,16,12,24,22,10,21,9,23],[16,20,12,24,8,4,22,10,9,21,23],[4,24,16,8,12,20,10,22,21,9,11,23],[8,12,4,24,20,16,10,21,22,9,11,23],[12,20,8,4,16,24,22,10,21,9,23],[8,12,4,20,24,16,22,10,9,21,23],[24,8,16,20,4,12,22,10,21,9,11,23],[4,24,8,12,16,20,10,22,9,21,23],[12,8,16,20,24,4,22,10,9,21,23],[24,8,20,16,12,4,10,22,21,9,23],[12,20,16,8,4,24,22,10,21,9,23],[12,20,4,16,8,24,10,22,9,21,11,23],[24,20,4,8,12,16,22,10,21,9,23],[4,12,20,16,8,24,22,10,9,21,11,23],[20,12,4,16,24,8,22,10,21,9,11,23],[12,16,8,4,20,24,10,22,9,21,23],[8,4,16,20,24,12,10,22,21,9,23],[4,8,12,24,20,16,10,22,9,23],[4,8,16,20,12,24,22,10,9,23],[4,16,8,20,12,24,10,22,21,9,23],[20,8,4,12,24,16,22,10,9,21,23],[20,24,4,8,12,16,10,23,21,22,9],[16,4,24,20,8,12,22,10,9,21,23],[16,4,12,24,8,20,10,22,9,21,23],[24,16,8,20,12,4,10,22,9,23],[16,24,4,8,20,12,22,10,9,21,23],[24,8,20,16,12,4,22,10,9,21,23],[20,24,8,4,12,16,10,22,9,21,23],[16,12,20,4,24,8,22,10,21,9,11,23],[24,20,12,8,4,16,10,21,22,9,23],[4,12,8,16,20,24,10,23,22,9],[8,12,4,24,20,16,10,22,21,9,23],[16,20,4,8,12,24,22,10,21,9,23],[20,8,16,12,24,4,22,10,9,21,11,23],[4,8,24,20,12,16,10,22,21,9,11,23],[24,12,20,4,16,8,22,10,9,23],[8,24,12,4,16,20,22,10,9,23],[4,20,24,16,12,8,10,22,9,21,11,23],[12,8,20,24,4,16,10,22,9,21,11,23],[20,16,8,24,12,4,22,10,9,23],[12,16,20,4,8,24,10,22,9,23],[16,4,12,8,24,20,22,10,21,9,23],[12,8,4,24,20,16,10,22,9,21,11,23],[16,24,12,8,20,4,22,10,9,21,23],[24,12,8,4,16,20,22,10,21,9,23],[20,4,16,24,12,8,22,10,21,9,23],[16,12,4,24,8,20,10,22,9,21,11,23],[4,24,16,12,8,20,10,22,9,21,11,23],[16,24,12,4,8,20,22,10,21,9,11,23],[8,4,20,16,12,24,10,22,9,23],[12,16,4,20,24,8,22,10,9,21,23],[8,16,12,4,24,20,22,10,9,21,11,23],[16,12,4,20,8,24,22,10,21,9,11,23],[20,4,12,16,8,24,22,10,9,21,23],[16,24,4,12,8,20,10,22,9,21,11,23],[8,24,20,16,12,4,10,23,21,22,9],[4,20,16,24,8,12,10,22,9,21,23],[4,8,24,16,20,12,10,23,22,9],[20,24,12,4,8,16,22,10,9,21,23],[12,16,24,4,20,8,10,22,21,9,11,23],[24,4,12,20,16,8,10,22,9,21,23],[16,20,4,12,24,8,22,10,21,9,23],[4,12,16,8,20,24,10,22,9,23],[20,12,16,4,24,8,10,22,9,21,11,23],[20,8,24,12,16,4,22,10,9,21,11,23],[12,4,24,8,16,20,22,10,21,9,11,23],[20,24,4,8,12,16,22,10,9,23],[4,8,12,24,20,16,10,22,9,21,11,23],[24,20,4,12,16,8,22,10,9,23],[4,12,24,20,8,16,22,10,21,9,23],[24,4,20,8,16,12,22,10,9,23],[12,20,8,4,24,16,22,10,21,9,11,23],[16,24,12,8,4,20,10,22,9,21,23],[20,16,4,8,12,24,22,10,9,21,23],[12,20,24,16,8,4,22,10,21,9,11,23],[16,8,24,20,12,4,22,10,21,9,11,23],[8,16,20,4,12,24,22,10,21,9,23],[12,8,20,4,24,16,10,21,22,9,11,23],[24,12,8,20,16,4,10,22,21,9,23],[24,8,12,16,20,4,10,22,21,9,23],[12,8,20,4,24,16,10,22,9,21,11,23],[20,16,4,24,12,8,10,22,9,23],[4,20,24,12,8,16,22,10,9,23],[8,16,12,24,20,4,22,10,9,21,23],[16,4,20,12,8,24,10,22,21,9,11,23],[20,24,12,16,8,4,10,22,9,21,11,23],[24,4,16,20,12,8,10,22,21,9,11,23],[24,12,8,16,20,4,22,10,21,9,11,23],[24,12,4,8,20,16,22,10,21,9,23],[20,8,4,24,12,16,10,23,22,9],[20,12,8,24,4,16,10,22,21,9,11,23],[4,12,24,20,8,16,10,22,9,21,11,23],[12,4,24,20,16,8,10,21,22,9,11,23],[8,20,12,24,4,16,10,22,9,23],[20,12,4,8,24,16,10,21,22,9,11,23],[16,4,20,24,12,8,22,10,21,9,11,23],[16,4,24,12,20,8,22,10,21,9,11,23],[16,8,12,20,4,24,10,22,9,23],[12,20,8,16,4,24,22,10,21,9,23],[24,20,4,12,16,8,10,22,21,9,11,23],[20,24,12,16,8,4,10,22,21,9,23],[20,8,4,12,16,24,10,22,9,21,11,23],[8,20,4,16,12,24,10,23,21,22,9],[16,24,8,4,20,12,22,10,21,9,23],[20,16,24,8,4,12,10,22,9,21,23],[20,4,24,16,12,8,22,10,9,21,11,23],[24,16,4,12,20,8,10,22,9,21,23],[16,4,20,8,24,12,10,22,9,23],[24,16,12,8,4,20,10,22,9,21,11,23],[24,12,8,20,4,16,10,23,22,9],[24,12,4,8,16,20,22,10,21,9,23],[16,8,20,4,12,24,10,23,22,9],[24,16,8,12,4,20,10,22,9,21,11,23],[20,4,8,16,24,12,10,22,9,21,23],[20,24,12,8,4,16,22,10,9,21,23],[12,20,16,24,4,8,10,22,9,21,23],[20,8,16,24,4,12,22,10,9,21,23],[12,4,20,16,24,8,10,22,9,21,23],[4,12,8,20,16,24,10,23,22,9],[8,20,24,4,16,12,22,10,9,21,11,23],[8,12,4,20,16,24,22,10,21,9,23],[24,8,4,16,20,12,10,21,22,9,23],[12,8,4,24,20,16,10,22,9,21,11,23],[16,12,24,4,8,20,10,21,22,9,11,23],[16,12,4,8,20,24,10,21,22,9,11,23],[8,12,20,4,24,16,22,10,21,9,11,23],[24,12,16,20,4,8,22,10,9,23],[16,8,12,4,20,24,22,10,9,21,23],[20,16,24,4,12,8,22,10,9,21,23],[4,24,16,8,20,12,22,10,9,23],[20,12,4,8,24,16,10,22,21,9,11,23],[8,4,24,16,20,12,22,10,9,23],[4,8,12,16,24,20,10,22,9,21,11,23],[16,24,4,20,8,12,10,22,9,21,23],[16,20,12,8,24,4,10,22,21,9,23],[16,8,12,24,20,4,22,10,21,9,11,23],[8,24,4,12,16,20,10,23,7,22,9],[4,20,12,16,8,24,22,10,9,23],[16,20,12,24,4,8,22,10,21,9,23],[8,4,16,24,20,12,22,10,21,9,11,23],[20,4,16,24,12,8,21,10,22,9,23],[12,4,8,24,16,20,10,22,21,9,23],[24,4,20,12,16,8,22,10,21,9,11,23],[12,8,20,16,24,4,11,22,10,21,9,23],[16,8,24,20,4,12,22,10,9,21,11,23],[24,20,8,4,12,16,22,10,9,21,23],[20,24,12,8,16,4,10,22,21,9,23],[12,8,24,20,4,16,10,22,21,9,23],[12,4,8,20,16,24,22,10,21,9,11,23],[24,4,12,16,8,20,22,10,21,9,23],[24,8,12,20,4,16,22,10,21,9,11,23],[20,12,16,4,8,24,10,22,21,9,11,23],[24,16,12,20,4,8,10,22,9,21,11,23],[20,12,24,4,8,16,22,10,9,21,23],[12,24,8,4,16,20,22,10,9,21,11,23],[16,4,24,12,8,20,10,22,21,9,23],[24,8,4,16,20,12,10,22,9,23],[8,4,12,20,24,16,10,21,22,9,23],[20,12,24,4,8,16,10,22,9,21,11,23],[8,20,16,12,24,4,10,22,9,21,11,23],[16,4,8,20,12,24,22,10,9,21,11,23],[4,16,8,24,20,12,10,22,9,21,23],[24,8,12,20,16,4,10,22,9,21,23],[16,4,12,20,24,8,10,22,9,21,23],[4,24,20,12,16,8,22,10,21,9,11,23],[24,8,20,4,16,12,10,22,9,21,23],[16,24,20,12,8,4,10,22,21,9,11,23],[8,12,24,20,4,16,10,22,9,21,11,23],[20,12,24,16,8,4,22,10,21,9,23],[12,4,24,20,16,8,22,10,9,21,23],[12,8,24,20,16,4,10,22,21,9,11,23],[8,24,20,12,16,4,10,22,21,9,11,23],[4,20,24,16,12,8,10,22,21,9,23],[16,24,4,8,20,12,10,22,9,21,11,23],[12,16,8,4,20,24,22,10,21,9,23],[16,12,8,4,20,24,10,23,22,9],[12,16,24,4,8,20,10,22,9,21,11,23],[4,16,20,24,8,12,23,10,22,9],[16,12,24,20,4,8,22,10,9,21,23],[4,8,16,12,24,20,10,22,9,21,11,23],[16,4,8,20,24,12,22,10,9,23],[8,24,20,16,12,4,22,10,9,21,23],[12,8,20,4,24,16,10,22,21,9,11,23],[20,16,24,8,4,12,22,10,21,9,11,23],[20,24,4,12,8,16,22,10,9,21,11,23],[8,24,12,20,16,4,22,10,9,23],[16,24,20,8,12,4,10,22,21,9,11,23],[12,4,8,24,20,16,22,10,21,9,11,23],[4,12,8,24,20,16,22,10,9,21,23],[12,8,4,20,24,16,22,10,9,21,11,23],[12,8,4,20,24,16,22,10,21,9,23],[20,8,4,16,12,24,22,10,9,21,11,23],[8,24,16,12,20,4,10,22,9,21,23],[16,8,12,4,20,24,21,10,22,9,11,23],[20,4,16,24,8,12,10,22,21,9,11,23],[16,12,20,8,4,24,22,10,9,21,11,23],[4,8,20,24,12,16,22,10,21,9,23],[12,20,24,16,4,8,22,10,9,23],[20,24,16,4,12,8,22,10,9,21,11,23],[4,12,8,16,20,24,22,10,9,21,11,23],[12,24,8,16,20,4,10,23,22,9],[20,24,12,8,16,4,22,10,21,9,23],[12,20,16,8,24,4,22,10,21,9,23],[12,4,8,24,16,20,22,10,21,9,23],[16,12,8,24,4,20,22,10,9,23],[24,20,16,8,4,12,22,10,21,9,11,23],[8,24,16,12,20,4,22,10,9,21,23],[8,20,24,16,4,12,22,10,21,9,11,23],[4,24,16,20,12,8,10,22,9,21,11,23],[4,16,24,12,8,20,10,22,21,9,23],[16,4,8,12,24,20,22,10,21,9,23],[16,24,8,20,4,12,22,10,9,21,11,23],[24,4,12,8,16,20,10,22,21,9,23],[16,4,20,12,8,24,10,22,21,9,23],[8,4,12,24,20,16,10,22,9,21,11,23],[4,8,16,20,24,12,10,22,21,9,23],[16,8,20,4,12,24,10,22,21,9,23],[20,12,16,8,4,24,10,22,9,21,23],[8,4,24,12,16,20,22,10,21,9,11,23],[12,24,16,4,20,8,10,22,9,21,11,23],[4,16,8,24,20,12,10,21,22,9,11,23],[12,4,20,24,8,16,22,10,21,9,11,23],[8,24,4,12,20,16,22,10,21,9,11,23],[16,12,8,24,20,4,10,22,9,21,23],[8,12,24,20,16,4,22,10,9,21,11,23],[24,20,8,12,16,4,10,23,22,9],[16,12,8,4,24,20,10,22,21,9,23],[12,16,4,20,24,8,10,22,21,9,11,23],[16,20,4,24,12,8,22,10,9,21,11,23],[16,4,8,12,20,24,10,22,21,9,11,23],[8,4,20,24,16,12,10,21,22,9,23],[24,8,20,4,12,16,22,10,21,9,23],[8,24,16,20,12,4,22,10,9,23],[12,20,24,4,16,8,10,22,9,21,23],[4,12,24,20,8,16,22,10,9,21,11,23],[8,24,12,4,16,20,10,22,21,9,11,23],[20,4,24,16,12,8,22,10,9,23],[8,16,4,24,20,12,22,10,9,23],[12,20,4,8,16,24,22,10,9,23],[16,24,8,12,20,4,22,10,9,23],[8,4,24,12,16,20,22,10,9,23],[12,20,8,4,16,24,10,23,21,22,9],[24,4,20,16,8,12,22,10,9,21,11,23],[24,12,16,8,20,4,10,23,22,9],[16,8,12,4,20,24,23,10,22,9],[12,20,24,4,16,8,10,22,9,21,11,23],[4,8,16,20,12,24,22,10,9,21,23],[4,20,24,16,8,12,22,10,9,21,23],[4,12,24,8,20,16,22,10,21,9,11,23],[24,8,4,12,20,16,22,10,21,9,23],[24,12,4,20,16,8,22,10,9,21,11,23],[12,24,4,8,20,16,10,22,9,23],[8,20,16,24,12,4,22,10,9,21,23],[4,16,20,8,12,24,22,10,21,9,11,23],[16,12,24,8,4,20,10,22,9,21,23],[12,20,24,16,8,4,10,22,21,9,11,23],[4,16,20,8,12,24,22,10,21,9,11,23],[8,20,24,4,12,16,22,10,21,9,11,23],[12,4,8,20,24,16,22,10,9,21,11,23],[12,20,8,16,4,24,10,22,9,21,11,23],[24,20,4,16,12,8,10,22,21,9,11,23],[12,8,16,24,20,4,10,22,21,9,23],[12,4,20,16,8,24,22,10,21,9,11,23],[12,8,20,4,24,16,22,10,21,9,11,23],[20,8,24,12,4,16,10,22,21,9,23],[24,16,8,20,4,12,10,22,21,9,23],[4,8,20,16,24,12,10,22,9,23],[12,8,16,20,4,24,22,10,9,23],[8,24,4,12,20,16,10,22,21,9,23],[24,4,12,20,8,16,10,22,9,23],[20,24,4,16,12,8,22,10,9,21,23],[8,16,24,20,4,12,22,10,21,9,23],[4,24,8,16,20,12,22,10,9,21,11,23],[24,4,8,16,12,20,10,23,22,9],[24,8,4,12,20,16,22,10,21,9,11,23],[8,12,24,16,4,20,10,22,21,9,11,23],[4,24,20,8,16,12,10,22,21,9,23],[4,20,12,24,8,16,10,22,9,23],[12,8,16,20,24,4,22,10,9,21,23],[4,8,12,20,16,24,22,10,21,9,23],[4,12,16,20,8,24,22,10,21,9,11,23],[12,8,4,16,20,24,10,22,9,21,11,23],[24,8,12,16,4,20,22,10,9,21,23],[8,4,12,20,16,24,22,10,9,23],[20,16,24,12,8,4,22,10,21,9,11,23],[8,24,12,20,16,4,10,23,21,22,9],[20,8,16,24,4,12,10,21,22,9,23],[4,8,24,16,20,12,22,10,21,9,11,23],[24,8,16,12,20,4,22,10,9,21,23],[8,12,4,24,20,16,22,10,21,9,23],[12,8,20,4,16,24,22,10,9,21,23],[4,20,16,12,8,24,22,10,21,9,11,23],[8,4,16,12,20,24,10,22,9,21,11,23],[16,20,4,8,12,24,10,22,9,21,11,23],[16,12,4,8,20,24,22,10,21,9,11,23],[4,8,24,12,16,20,10,22,9,21,23],[24,12,16,20,4,8,22,10,21,9,23],[12,4,8,20,16,24,22,10,21,9,23],[20,4,8,16,24,12,22,10,21,9,11,23],[4,16,20,12,8,24,22,10,21,9,11,23],[4,20,12,8,16,24,10,22,21,9,11,23],[4,12,8,16,24,20,22,10,21,9,11,23],[12,24,16,20,8,4,22,10,21,9,23],[24,20,4,16,12,8,10,21,22,9,11,23],[20,8,4,12,16,24,22,10,21,9,23],[20,12,4,8,24,16,10,21,22,9,23],[16,12,4,24,8,20,22,10,21,9,11,23],[12,8,16,24,20,4,10,22,9,21,11,23],[20,24,12,4,16,8,10,22,21,9,23],[20,24,8,12,16,4,22,10,21,9,11,23],[4,12,16,24,20,8,10,22,9,23],[24,8,16,20,12,4,10,22,21,9,23],[20,8,16,12,4,24,10,22,9,21,23],[16,4,8,12,24,20,22,10,9,23],[20,4,12,8,16,24,10,21,22,9,11,23],[12,16,8,20,24,4,10,22,9,21,23],[12,8,16,4,20,24,22,10,9,21,23],[8,24,16,4,20,12,10,22,9,21,11,23],[12,4,20,24,8,16,10,21,22,9,23],[16,4,12,20,8,24,22,10,9,21,23],[12,24,4,16,20,8,10,22,21,9,23],[20,24,16,4,8,12,22,10,9,21,11,23],[8,16,20,4,12,24,22,10,9,23],[12,24,8,16,4,20,10,21,22,9,23],[12,16,20,4,8,24,10,23,21,22,9],[16,8,4,24,12,20,10,21,22,9,23],[16,24,4,8,12,20,10,22,9,21,11,23],[8,16,4,20,24,12,10,22,9,21,11,23],[20,12,8,24,4,16,10,22,9,21,11,23],[12,8,16,4,24,20,22,10,9,21,23],[8,24,12,20,16,4,22,10,9,21,11,23],[4,24,8,12,20,16,10,21,22,9,23],[12,20,8,4,24,16,10,21,22,9,23],[4,8,16,12,24,20,22,10,9,23],[24,12,8,20,4,16,22,10,21,9,23],[24,4,16,20,12,8,10,22,21,9,23],[16,24,4,20,12,8,23,11,10,22,21,9],[24,8,16,12,20,4,22,10,9,21,11,23],[20,8,16,12,24,4,10,22,21,9,23],[4,20,16,8,12,24,10,22,21,9,11,23],[24,12,4,8,16,20,22,10,9,21,23],[20,16,24,12,8,4,10,22,9,21,11,23],[16,24,20,4,12,8,22,10,9,21,11,23],[12,8,24,16,20,4,10,22,21,9,23],[12,4,8,20,16,24,10,22,21,9,11,23],[8,4,24,16,20,12,10,22,21,9,23],[12,16,8,24,20,4,10,21,22,9,11,23],[20,24,8,16,4,12,22,10,21,9,23],[20,16,8,24,12,4,22,10,21,9,23],[20,24,8,16,12,4,22,10,9,21,23],[16,20,8,24,4,12,10,22,21,9,11,23],[20,4,8,16,12,24,10,22,9,21,11,23],[24,12,8,4,16,20,22,10,9,21,11,23],[24,4,16,12,20,8,10,23,22,9],[12,8,16,20,24,4,22,10,9,21,23],[16,8,20,24,4,12,22,10,9,21,11,23],[4,16,24,12,20,8,10,22,21,9,23],[12,4,16,8,20,24,22,10,9,21,23],[24,4,12,20,16,8,22,10,21,9,11,23],[8,20,4,16,12,24,22,10,9,23],[20,12,8,16,24,4,10,22,9,21,23],[12,4,20,24,16,8,10,22,21,9,11,23],[4,12,16,8,24,20,22,10,9,21,23],[8,24,20,16,12,4,10,22,9,21,11,23],[8,16,20,4,12,24,10,21,22,9,23],[12,20,8,16,24,4,10,22,9,21,11,23],[12,4,16,8,20,24,10,22,21,9,23],[20,16,8,4,24,12,22,10,21,9,23],[24,20,12,16,4,8,10,23,22,9],[12,20,8,24,4,16,10,22,9,21,23],[12,24,20,8,4,16,22,10,21,9,23],[8,16,24,4,20,12,10,22,21,9,23],[24,4,20,16,8,12,22,10,21,9,11,23],[12,16,8,24,4,20,10,22,9,21,11,23],[12,24,8,20,4,16,10,22,9,21,11,23],[12,4,8,24,16,20,10,21,22,9,23],[16,8,12,20,4,24,22,10,9,21,11,23],[12,16,20,24,4,8,22,10,9,21,23],[12,24,20,8,16,4,10,22,21,9,11,23],[12,8,24,4,20,16,22,10,9,21,11,23],[12,20,8,4,16,24,22,10,9,23],[20,12,16,4,8,24,22,10,9,23],[16,4,12,8,24,20,22,10,9,21,11,23],[12,20,16,24,4,8,10,22,21,9,23],[16,4,8,12,24,20,22,10,21,9,23],[4,20,12,8,24,16,10,22,21,9,11,23],[8,20,12,4,16,24,22,10,9,23],[16,20,24,4,8,12,22,10,9,21,11,23],[20,12,8,24,4,16,22,10,9,21,11,23],[8,4,16,12,20,24,10,22,21,9,11,23],[20,8,24,4,16,12,10,22,21,9,11,23],[12,8,24,4,20,16,22,10,9,21,11,23],[20,8,4,12,16,24,10,22,9,21,11,23],[12,8,24,16,4,20,10,22,21,9,23],[24,20,12,4,8,16,10,22,9,21,11,23],[16,12,4,8,20,24,10,22,9,21,23],[12,16,4,24,8,20,22,10,9,21,11,23],[20,8,24,16,4,12,22,10,9,21,23],[16,8,20,24,12,4,10,22,21,9,23],[4,12,24,20,16,8,10,22,21,9,23],[16,4,24,12,8,20,22,10,9,21,23],[4,20,16,8,12,24,22,10,21,9,11,23],[8,4,20,12,24,16,10,22,21,9,23],[20,16,24,4,12,8,10,23,22,9],[8,24,20,4,12,16,22,10,9,21,23],[24,16,12,4,8,20,10,22,9,21,11,23],[16,12,8,4,20,24,10,22,21,9,11,23],[4,16,20,24,8,12,22,10,9,21,11,23],[12,20,16,8,4,24,22,10,21,9,23],[20,24,8,12,16,4,10,22,9,21,23],[16,20,12,24,4,8,10,22,9,23],[24,12,4,20,8,16,22,10,9,21,23],[20,8,4,12,16,24,22,10,21,9,23],[20,4,12,16,8,24,22,10,21,9,11,23],[20,24,8,12,16,4,22,10,21,9,23],[24,20,4,8,12,16,10,23,21,22,9],[12,16,24,4,8,20,22,10,9,23],[12,20,4,24,16,8,10,22,9,21,11,23],[4,20,24,12,8,16,10,22,9,21,11,23],[4,8,12,20,24,16,10,22,21,9,23],[24,12,20,16,8,4,10,22,9,23],[20,4,8,12,24,16,22,10,21,9,11,23],[24,12,16,20,8,4,22,10,9,23],[12,4,16,20,8,24,21,10,22,9,23],[8,24,12,20,16,4,22,10,9,21,11,23],[16,24,4,20,8,12,10,23,22,9],[8,12,4,16,24,20,10,23,22,9],[8,16,4,12,24,20,22,10,9,21,11,23],[24,8,16,20,12,4,22,10,21,9,23],[12,16,4,24,20,8,10,21,22,9,11,23],[8,20,16,4,24,12,10,22,21,9,23],[20,4,8,24,16,12,22,10,9,21,23],[12,20,24,4,16,8,22,10,21,9,11,23],[12,24,4,16,8,20,22,10,9,21,23],[12,16,24,8,20,4,22,10,21,9,23],[8,20,4,24,12,16,10,22,21,9,23],[24,20,8,16,12,4,22,10,21,9,23],[16,12,8,24,4,20,22,10,21,9,23],[4,16,24,8,12,20,10,22,21,9,11,23],[8,4,24,16,20,12,10,21,22,9,23],[20,16,24,8,4,12,22,10,9,23],[4,12,20,16,24,8,10,22,9,21,11,23],[20,12,8,16,4,24,10,22,9,23],[12,24,4,8,16,20,10,22,21,9,23],[4,20,8,16,24,12,10,22,9,21,11,23],[20,16,4,8,12,24,10,22,21,9,23],[4,24,12,16,20,8,22,10,9,21,11,23],[16,8,20,12,24,4,10,23,22,9],[8,16,20,4,24,12,10,22,9,23],[16,12,4,20,8,24,10,22,21,9,23],[12,4,20,8,24,16,10,23,22,9],[4,20,24,16,8,12,10,22,9,21,11,23],[12,8,4,16,24,20,10,22,9,21,11,23],[12,24,8,16,4,20,22,10,9,21,11,23],[12,24,8,4,16,20,22,10,9,21,11,23],[20,4,16,24,12,8,22,10,9,21,11,23],[20,16,12,8,4,24,22,10,9,23],[24,20,12,16,8,4,22,10,21,9,11,23],[4,12,24,16,20,8,10,23,22,9],[8,4,24,20,12,16,10,22,21,9,23],[4,12,8,16,20,24,10,21,22,9,23],[8,12,4,16,24,20,10,22,21,9,23],[20,12,24,16,4,8,10,22,9,21,23],[24,16,4,12,8,20,22,10,9,21,11,23],[12,16,4,24,20,8,10,22,9,23],[20,16,24,8,12,4,10,22,21,9,23],[24,8,20,4,16,12,10,22,21,9,11,23],[20,8,12,16,4,24,22,10,9,21,23],[12,8,16,24,20,4,22,10,21,9,23],[8,12,20,24,4,16,10,22,21,9,23],[4,8,20,24,16,12,10,22,9,21,23],[24,16,4,12,20,8,10,22,21,9,23],[4,8,12,16,20,24,10,21,22,9,11,23],[24,4,20,16,8,12,22,10,9,21,23],[12,16,24,20,8,4,10,22,9,21,11,23],[8,12,16,20,4,24,10,22,21,9,23],[12,20,8,4,24,16,22,10,9,23],[8,20,24,4,12,16,22,10,21,9,11,23],[24,20,4,12,16,8,22,10,9,21,11,23],[16,12,24,20,8,4,10,22,21,9,23],[16,4,20,24,12,8,10,22,21,9,23],[16,20,8,24,4,12,10,22,21,9,23]]}