{"problem_id":"xncxbXcVUxqUrAV","sigma":75,"alpha":10.000,"cost":0,"probabilities":"[0.1, 0.22, 0.36, 0.32]","payoff_matrix":"[[101, 45, 24, 0, 60, 98], [-75, -104, 129, 6, 222, 19], [58, -121, 110, -4, -130, 6], [15, 1, 51, 8, 71, -76]]","uncovered":[[11,15,7,23,3,12,4,19,16,2,10],[23,3,15,19,11,12,4,7,10],[3,11,4,12,23,19,7,15,2,24],[7,23,19,3,11,4,12,15,2,24],[15,7,11,3,12,4,19,23,10],[15,11,7,23,3,4,12,19,2,24],[15,23,3,19,7,11,4,12,10],[15,11,23,3,4,12,7,19,2,24],[23,7,15,11,19,3,12,4,24,10],[7,3,15,11,4,12,23,19,2,24,13],[11,7,19,23,3,12,4,15,2,24],[15,19,11,3,12,4,7,2,23,24],[23,15,19,11,3,12,4,7,10],[15,3,23,7,19,11,4,12,2,14,24],[11,3,4,12,23,7,15,10],[23,19,7,3,11,4,12,15,10],[7,11,15,23,19,3,4,12,2,16,22,24],[7,23,19,3,15,11,4,12,2,24],[15,3,23,11,12,4,7,19,2,24],[7,23,11,19,15,3,4,12,10],[7,23,15,19,3,11,12,4,2,24],[3,11,12,4,15,19,7,23,10],[11,23,19,7,15,3,12,4,10],[3,11,4,12,23,7,19,15,2,24],[7,19,23,11,3,12,4,15,10],[19,23,15,3,7,11,12,4,10],[15,11,23,3,12,4,19,7,2,24],[11,19,3,12,4,15,7,23,10],[23,11,19,3,12,4,15,7,10],[7,23,15,11,3,12,4,19,2,24],[15,11,7,19,23,3,4,12,2,24],[7,11,23,19,15,3,4,12,10],[15,3,19,11,4,12,23,7,10],[19,11,15,7,3,12,4,23,10],[19,15,7,3,23,11,4,12,10],[15,7,23,19,11,3,4,12,2,24],[19,7,3,23,15,11,12,4,2,24],[3,19,11,4,12,15,23,7,10],[15,3,19,7,11,4,12,23,2,10],[7,23,15,3,19,11,4,12,2,16,24],[11,19,7,15,23,3,4,12,10],[15,7,23,19,3,11,4,12,10],[7,3,19,15,23,11,12,4,10],[19,3,7,23,11,12,4,15,10],[15,3,19,11,12,4,23,8,7,10],[3,15,11,4,12,19,23,7,2,24],[3,19,11,4,12,7,23,15,10],[7,15,23,11,19,3,12,4,2,24],[23,11,3,12,4,19,16,8,15,10],[11,3,12,4,23,16,19,7,2,15,24],[15,23,3,19,7,11,4,12,2,24],[3,23,11,4,12,7,19,15,2,16,24],[11,23,15,3,4,12,7,19,10],[7,3,19,15,23,11,12,4,2,13,22,24],[23,19,11,15,3,12,4,7,10],[19,23,15,7,11,3,12,4,2,24],[15,19,3,11,4,12,23,7,10],[23,11,3,12,4,7,15,19,2,24],[23,19,7,15,11,3,12,4,2,22,24],[11,3,12,4,19,15,7,23,24,2],[7,15,23,19,3,11,4,12,10],[15,7,23,19,3,11,4,12,16,10],[3,11,4,12,15,23,7,19,2,22,24],[11,3,12,4,19,7,23,15,2,22,24],[19,23,3,15,7,11,12,4,10],[7,19,15,3,23,11,12,4,2,24],[3,23,15,7,19,11,4,12,10],[3,15,23,11,12,4,19,7,2,24],[23,11,7,3,4,12,19,15,10],[19,11,23,7,15,3,12,4,10],[15,11,19,23,7,3,12,4,2,24],[15,23,11,7,3,12,4,2,20,19,24],[3,19,15,23,7,11,4,12,2,24],[7,19,3,11,12,4,23,21,24,15,2],[15,19,11,3,12,4,7,23,10],[11,15,3,4,12,23,19,7,2,16,24],[11,7,15,19,23,3,12,4,10],[19,23,7,15,3,11,4,12,2,21,24],[7,23,3,15,19,11,4,12,2,24],[23,11,15,19,3,12,4,7,10],[11,7,15,3,4,12,23,19,10],[23,19,7,3,11,12,4,15,2,24],[19,3,7,23,11,12,4,10],[11,19,7,23,3,4,12,15,2,24],[11,3,4,12,19,15,7,23,10],[11,15,3,4,12,19,23,7,2,16,21,24],[15,11,7,19,23,3,12,4,10],[7,15,3,23,19,11,4,12,2,24],[3,23,7,11,4,12,15,19,10],[11,15,3,4,12,7,19,23,2,24],[19,11,15,7,3,4,12,23,2,24],[23,19,3,7,11,4,12,15,10],[15,19,7,23,3,11,4,12,2,24],[7,11,23,3,12,4,15,19,10],[3,23,15,19,7,11,12,4,10],[7,15,19,11,3,4,12,23,2,24],[23,7,15,11,19,3,12,4,2,24],[3,11,4,12,19,23,7,15,2,24],[15,23,19,3,7,11,4,12,10],[23,19,3,11,12,4,7,15,10],[15,11,19,3,4,12,7,23,2,24],[3,11,12,4,7,15,19,23,2,16,24],[15,3,23,7,11,12,4,19,2,24],[19,3,23,7,11,4,12,15,10],[7,15,11,19,23,3,4,12,2,13,24],[7,3,11,12,4,15,19,23,2,24],[19,23,11,7,15,3,12,4,10],[7,11,23,3,12,4,15,19,10],[19,3,7,11,4,12,15,23,2,24],[11,7,15,19,3,12,4,23,2,24],[15,3,19,11,4,12,7,23,2,24],[15,19,23,7,3,11,12,4,10],[3,7,19,11,12,4,23,15,10],[15,23,7,19,3,11,4,12,10],[3,15,7,23,19,11,12,4,16,2,21,24],[23,7,3,19,11,12,4,15,2,14,24],[15,11,7,3,12,4,19,23,2,24],[23,15,3,19,7,11,4,12,2,13,24],[7,19,23,11,15,3,4,12,2,24],[11,3,12,4,23,15,10],[3,19,11,4,12,23,15,7,2,24],[11,19,3,4,12,7,15,23,2,24],[23,11,7,15,19,3,12,4,10],[11,7,15,19,3,12,4,2,23,21,24],[23,7,19,11,3,4,12,15,2,21,24],[3,19,11,4,12,15,7,23,10],[23,15,7,11,3,12,4,19,10],[11,3,12,4,7,16,19,23,15,2,24],[23,3,11,4,12,19,15,7,10],[15,3,7,23,19,11,12,4,10],[11,19,15,23,7,3,4,12,10],[7,19,3,11,12,4,23,15,10],[3,23,19,11,4,12,7,15,2,24],[11,7,3,4,12,19,23,15,10],[7,11,3,12,4,15,19,23,10],[19,11,3,12,4,7,15,23,2,16,24],[7,19,11,3,4,12,23,22,15,2,24],[11,23,15,7,3,12,4,19,2,24],[11,15,3,4,12,7,23,19,2,1,10],[7,11,3,12,4,23,19,15,10],[23,15,3,11,4,12,7,19,2,24],[7,3,15,19,23,11,12,4,2,24],[11,19,23,15,3,12,4,10],[19,11,23,15,3,4,12,7,10],[7,15,3,11,12,4,19,23,10],[7,3,15,11,4,12,19,23,2,24],[11,7,19,23,3,12,4,15,10],[11,3,12,4,23,20,19,7,2,15,24],[7,19,3,15,11,12,4,23,2,13,24],[11,3,4,12,7,19,2,23,15,24],[7,11,19,15,3,12,4,23,10],[23,3,7,15,19,11,4,12,10],[11,23,7,19,3,12,4,15,10],[3,11,4,12,7,23,19,15,2,24],[19,3,11,12,4,24,7,15,10],[3,19,7,15,23,11,4,12,10],[11,3,12,4,15,23,7,10],[11,23,7,15,19,3,12,4,2,16,22],[15,3,19,23,11,4,12,7,2,14,24],[15,19,3,23,11,4,12,7,10],[15,11,7,19,3,12,4,2,23,24],[23,11,19,7,15,3,4,12,10],[11,15,7,3,4,12,19,23,2,24],[15,3,23,7,11,12,4,19,10],[11,23,3,4,12,19,7,15,10],[3,7,23,19,11,12,4,15,10],[15,11,23,19,7,3,4,12,10],[3,15,11,4,12,23,7,19,2,24],[23,11,19,7,15,3,12,4,2,13,21,24],[3,11,4,12,19,23,15,7,10],[15,19,23,3,7,11,4,12,2,24],[23,7,11,15,3,12,4,19,2,22,24],[19,15,23,3,11,12,4,7,2,21,24],[11,15,19,23,7,3,4,12,10],[15,7,11,23,3,12,4,19,10],[23,11,19,15,7,3,4,12,10],[19,11,7,3,4,12,15,23,2,24],[15,7,19,23,3,11,4,12,2,6,14,24],[11,23,15,19,7,3,4,12,2,24],[3,23,7,15,11,12,4,19,2,24],[7,11,3,12,4,23,15,19,2,16,24],[11,7,23,3,12,4,19,15,2,21,24],[7,15,3,23,19,11,12,4,2,24],[15,11,19,23,3,4,12,7,10],[15,23,7,11,19,3,4,12,2,24],[3,11,12,4,7,15,19,23,10],[7,19,11,23,3,12,4,15,10],[19,23,11,15,3,4,12,7,2,24],[7,3,15,11,4,12,23,19,2,24],[15,7,11,23,19,3,4,12,10],[11,7,19,23,15,3,12,4,2,22,16,24],[3,19,15,11,4,12,23,10],[7,19,15,11,3,12,4,23,10],[23,3,15,19,11,4,12,7,2,24],[11,3,4,12,19,7,15,24,2,13,18,16],[19,23,15,7,11,3,4,12,2,24],[19,3,7,23,11,12,4,15,10],[7,15,23,3,19,11,4,12,2,10],[19,15,23,3,11,4,12,7,10],[3,7,11,4,12,20,19,15,23,2,24],[23,11,15,3,12,4,7,19,10],[19,11,23,3,12,4,15,7,2,24],[3,15,23,7,19,11,4,12,10],[15,11,7,23,3,12,4,19,10],[19,15,3,11,4,12,10],[11,23,15,7,3,12,4,19,2,24],[7,19,11,15,3,12,4,23,2,14,24],[3,11,4,12,23,19,15,7,10],[19,23,11,3,12,4,7,15,2,24],[23,11,3,12,4,7,15,20,19,2,16,24],[7,3,11,4,12,19,23,15,2,24],[15,11,7,19,23,3,12,4,10],[11,19,23,7,15,3,4,12,10],[19,11,23,3,4,12,15,7,2,24],[11,23,7,3,4,12,19,15,2,24],[7,19,23,3,11,4,12,15,10],[23,15,3,11,12,4,19,7,10],[19,15,11,7,3,12,4,23,10],[23,19,3,15,11,12,4,7,10],[7,3,11,12,4,19,15,10],[11,23,3,4,12,19,7,15,2,24],[23,3,11,4,12,19,7,16,15,2,24],[15,3,7,23,19,11,12,4,10],[3,15,23,7,11,4,12,20,19,10],[11,15,7,19,23,3,4,12,2,24],[15,3,7,23,11,12,4,19,10],[11,15,3,12,4,23,8,19,2,7,14,21,24],[7,15,11,19,3,12,4,23,10],[3,15,11,4,12,23,7,19,10],[7,11,19,3,4,12,15,2,23,24],[19,23,7,15,11,3,12,4,10],[15,23,11,3,4,12,20,19,7,10],[19,3,7,23,11,12,4,15,10],[19,15,11,7,3,4,12,23,2,24],[11,23,15,19,7,3,12,4,10],[23,15,3,19,7,11,4,12,10],[11,15,23,7,3,4,12,19,10],[3,15,23,11,4,12,19,5,7,2,24],[3,23,11,12,4,15,7,19,2,24],[19,15,3,7,23,11,4,12,2,24],[15,19,23,3,7,11,12,4,10],[3,7,11,12,4,15,23,19,10],[3,15,7,19,23,11,12,4,24,2],[3,23,11,4,12,7,19,15,10],[3,19,23,15,7,11,12,4,10],[15,23,11,3,12,4,19,7,10],[19,15,7,3,11,4,12,23,24,10],[11,19,3,12,4,23,7,15,10],[3,15,11,12,4,7,19,23,2,22,24],[19,3,11,4,12,15,7,23,2,24],[11,19,15,3,12,4,23,7,2,24],[7,11,19,23,3,4,12,16,15,2,13,24],[7,3,19,11,4,12,23,15,2,16,24],[3,11,12,4,7,19,23,15,10],[19,23,11,3,12,4,15,7,10],[19,7,23,3,11,12,4,16,2,15,24],[23,11,19,3,12,4,7,15,10],[7,11,3,12,4,19,15,23,2,21,24],[19,7,23,3,11,12,4,15,10],[11,7,3,4,12,23,19,15,10],[11,19,15,3,4,12,7,23,10],[23,15,11,7,3,4,12,19,10],[11,7,15,3,4,12,19,23,10],[11,7,3,12,4,18,19,23,15,2,24,20,10],[7,19,15,3,23,11,12,4,2,24],[3,11,4,12,2,23,19,15,7,16,24],[23,11,19,3,12,4,7,15,2,24],[3,11,12,4,23,15,19,7,10],[7,15,19,3,11,4,12,23,2,24],[7,23,3,15,19,11,12,4,10],[11,3,4,12,15,23,7,19,2,24],[19,11,23,7,15,3,12,4,2,24],[15,11,7,23,19,3,12,4,2,24],[11,19,15,3,12,4,23,7,10],[11,15,19,23,7,3,12,4,10],[19,3,11,12,4,23,15,7,2,24],[19,11,15,7,23,3,4,12,10],[11,3,4,12,7,19,16,23,15,10],[3,7,15,19,23,11,4,12,2,24],[7,19,11,3,12,4,23,15,10],[19,23,3,15,7,11,4,12,2,24],[23,7,11,19,3,12,4,15,10],[3,7,11,4,12,23,15,19,2,24],[7,3,15,19,23,11,12,4,10],[23,7,3,15,19,11,4,12,2,24],[11,23,3,12,4,19,15,7,10],[7,15,23,3,19,11,4,12,2,24],[3,23,15,19,7,11,12,4,10],[15,23,19,7,11,3,12,4,2,16,24],[3,19,23,15,11,12,4,7,2,24],[15,7,19,3,23,11,12,4,2,24],[23,7,11,3,12,4,15,19,10],[19,23,3,11,12,4,15,7,2,24],[23,15,7,11,3,12,4,19,2,17,24],[19,7,15,23,3,11,12,4,2,24],[11,19,7,15,3,12,4,10],[7,23,19,11,15,3,12,4,2,24],[19,7,11,23,15,3,12,4,2,24],[11,23,3,4,12,15,7,19,2,24],[3,19,7,11,12,4,15,23,10],[7,3,19,11,4,12,15,23,10],[15,3,7,23,19,11,4,12,10],[23,3,11,12,4,7,15,19,10],[23,19,3,11,12,4,7,15,2,24],[19,23,11,3,12,4,15,7,2,24],[19,7,15,3,11,4,12,23,10],[23,3,7,11,4,12,15,19,2,22,24],[23,3,11,4,12,7,19,15,10],[15,23,3,19,11,4,12,7,10],[7,3,23,15,11,4,12,19,10],[3,7,23,11,4,12,19,15,2,22,24],[19,3,7,11,4,12,23,15,2,24],[19,11,7,3,12,4,23,15,10],[23,11,7,19,15,3,4,12,10],[19,15,23,7,3,11,12,4,2,24],[15,3,7,11,12,4,23,19,2,24],[15,11,23,7,19,3,12,4,10],[23,11,3,12,4,15,7,19,2,16,24],[3,23,11,12,4,19,7,15,2,16,24],[7,19,23,3,11,4,12,15,10],[11,23,19,7,3,12,4,15,2,13,9,22,24],[15,7,3,11,4,12,19,23,10],[19,11,15,23,7,3,4,12,10],[11,7,19,15,23,3,4,12,10],[7,15,3,11,12,4,24,19,2,16],[11,23,15,7,19,3,12,4,2,24],[15,7,11,19,23,3,12,4,2,24],[11,7,15,3,12,4,23,19,10],[11,15,7,19,23,3,12,4,10],[23,15,3,7,19,11,4,12,2,8,22,24],[3,7,19,11,12,4,23,15,2,24],[15,19,23,3,11,4,12,7,2,24],[3,23,7,11,4,12,15,19,10],[23,7,3,15,11,4,12,19,2,22,24],[11,3,4,12,23,15,5,7,19,2,24],[3,15,7,11,12,4,23,19,2,24],[23,15,19,11,7,3,12,4,2,24],[23,7,19,15,11,3,12,4,2,24],[7,11,3,12,4,16,23,19,15,10],[19,3,11,12,4,7,23,15,10],[7,15,3,19,23,11,12,4,10],[23,19,7,15,11,3,12,4,10],[15,7,19,3,11,12,4,23,10],[7,15,3,11,12,4,23,19,10],[23,19,3,15,11,4,12,8,2,7,22,24],[19,7,3,15,23,11,12,4,2,24],[11,15,3,12,4,19,23,7,10],[23,7,3,11,4,12,16,19,15,10],[15,7,11,23,3,12,4,19,2,24],[11,23,19,7,3,4,12,15,10],[15,7,3,11,12,4,19,23,10],[3,11,4,12,7,19,23,15,10],[11,7,23,19,3,12,4,15,2,24],[19,23,15,3,11,4,12,7,2,24],[15,19,23,11,3,12,4,8,2,7,24],[15,19,7,3,23,11,12,4,2,16,24],[3,7,23,15,19,11,4,12,2,24],[3,7,11,12,4,19,15,23,10],[3,11,4,12,19,23,7,15,2,21,24],[15,3,11,12,4,7,19,23,2,16,24],[3,23,19,15,11,12,4,7,2,24],[7,11,15,23,3,12,4,19,10],[11,15,7,23,3,12,4,19,10],[23,7,11,19,15,3,12,4,10],[3,11,4,12,23,7,19,15,2,18,24,20,10],[7,15,3,19,11,4,12,23,2,10],[11,23,3,12,4,7,15,19,10],[11,23,7,19,15,3,12,4,10],[19,7,3,11,4,12,21,23,24,15,2],[19,3,11,12,4,23,15,7,10],[3,19,15,11,12,4,23,7,10],[19,15,23,7,11,3,12,4,10],[19,11,7,15,3,4,12,23,10],[7,23,3,11,12,4,19,15,2,24],[23,15,3,11,4,12,7,19,10],[15,19,3,11,4,12,23,7,10],[19,7,3,15,23,11,12,4,10],[23,15,11,19,7,3,12,4,10],[15,19,7,23,3,11,4,12,10],[11,19,7,23,15,3,12,4,10],[23,19,11,7,15,3,4,12,10],[23,3,15,7,19,11,12,4,2,24],[11,19,3,4,12,2,15,23,7,24],[7,15,23,3,19,11,12,4,2,24],[3,11,4,12,15,23,19,7,2,24,14],[11,3,12,4,23,7,19,15,2,24],[3,15,19,23,11,4,12,2,7,10],[19,7,11,15,23,3,12,4,10],[19,15,23,7,3,11,12,4,10],[3,19,11,4,12,7,23,15,10],[15,7,3,11,4,12,23,19,2,22,24],[15,11,23,7,19,3,4,12,10],[23,19,15,3,7,11,12,4,10],[19,3,15,23,7,11,4,12,10],[15,23,3,7,11,12,4,19,2,16,24],[7,15,11,23,19,3,4,12,22,2,16,24],[11,19,15,23,7,3,12,4,2,24],[3,15,23,11,4,12,7,19,10],[19,7,3,11,12,4,15,23,2,24],[11,23,3,12,4,2,19,7,15,24],[15,19,3,7,11,4,12,23,2,14,24],[23,7,3,11,12,4,15,19,10],[3,11,4,12,23,19,15,7,2,24],[19,3,15,7,23,11,4,12,2,13,24],[3,19,15,7,11,12,4,23,10],[19,11,7,3,4,12,23,15,24,10],[23,15,11,3,12,4,19,7,2,14,24],[3,11,4,12,19,15,7,23,10],[23,19,3,15,7,11,4,12,2,13,24],[23,7,15,11,3,4,12,19,10],[7,3,19,23,15,11,4,12,2,24],[19,15,11,23,7,3,12,4,10],[19,7,11,15,23,3,4,12,10],[23,15,3,19,11,4,12,7,10],[11,23,19,7,15,3,4,12,2,14,24],[15,19,7,3,11,12,4,23,10],[19,11,23,15,7,3,4,12,10],[3,15,11,4,12,23,19,7,10],[15,11,7,3,4,12,23,19,10],[7,15,23,19,11,3,12,4,10],[19,23,7,3,11,4,12,15,10],[19,7,23,3,15,11,4,12,2,24],[23,15,7,3,19,11,4,12,2,24],[11,7,23,19,15,3,12,4,2,16,24],[19,7,3,15,11,12,4,23,10],[15,11,19,23,3,4,12,7,10],[15,19,3,11,12,4,24,7,10],[19,15,7,3,11,4,12,23,10],[19,23,7,11,15,3,12,4,10],[23,7,19,11,3,12,4,21,24,15,2],[7,11,15,19,23,3,4,12,2,22,13,20,24],[3,15,23,19,11,12,4,2,7,14,24],[7,23,19,11,3,12,4,15,10],[19,7,15,23,3,11,4,12,2,24],[7,3,15,19,23,11,12,4,2,24],[15,19,7,23,11,3,4,12,10],[19,15,11,23,7,3,12,4,2,16,24],[23,11,7,19,15,3,12,4,10],[11,7,19,23,15,3,12,4,10],[7,15,3,19,11,4,12,23,10],[23,3,15,7,19,11,4,12,2,24],[11,7,23,19,15,3,12,4,10],[11,3,4,12,7,19,24,15,2,16],[23,19,3,11,12,4,7,15,2,16,24],[11,15,7,19,3,4,12,23,10],[19,15,23,11,7,3,4,12,2,24],[11,3,4,12,19,7,15,23,2,24],[3,19,11,12,4,15,7,24,2,5,23],[15,3,19,23,11,4,12,7,10],[3,7,15,19,11,4,12,23,2,24],[3,23,11,4,12,19,7,15,2,24],[3,19,11,12,4,15,7,23,2,24],[7,15,3,11,12,4,23,19,10],[19,3,11,12,4,15,7,23,10],[7,11,23,3,4,12,15,2,19,5,22,24],[15,11,7,19,23,3,4,12,2,24],[15,11,7,23,19,3,4,12,16,2,24],[23,15,11,19,3,12,4,7,10],[3,11,12,4,15,7,23,19,2,24],[3,15,7,23,11,12,4,19,10],[15,23,19,3,11,4,12,7,2,14,24],[15,3,11,4,12,7,23,19,10],[7,11,19,23,15,3,12,4,2,24],[7,23,19,11,3,12,4,16,15,10],[19,7,3,11,12,4,15,23,2,24],[23,19,11,7,3,12,4,15,10],[15,11,7,23,3,4,12,19,2,24],[23,19,3,11,12,4,15,7,10],[11,3,4,12,15,7,19,23,10],[15,23,3,19,11,12,4,7,10],[15,11,3,12,4,19,7,23,10],[7,23,11,19,3,4,12,15,2,24],[19,23,15,3,11,12,4,7,10],[7,11,23,19,15,3,4,12,2,24],[3,23,7,11,4,12,19,15,10],[19,3,7,15,23,11,12,4,10],[3,11,4,12,19,23,15,7,10],[23,15,7,19,11,3,4,12,2,10],[3,23,7,19,15,11,4,12,10],[7,11,19,23,15,3,4,12,2,24],[15,3,23,19,7,11,12,4,10],[19,7,3,11,12,4,23,15,10],[3,19,11,4,12,23,5,7,15,2,24],[15,19,7,11,23,3,4,12,10],[15,3,11,12,4,7,23,20,19,2,13,24],[7,3,19,11,12,4,15,23,2,24],[7,3,23,19,15,11,12,4,10],[3,19,23,11,12,4,7,15,2,5,24],[11,15,19,7,3,12,4,10],[19,3,23,15,11,4,12,7,10],[15,7,11,23,3,4,12,19,10],[15,19,3,23,11,12,4,7,2,24],[7,19,15,23,11,3,12,4,10],[15,23,19,3,11,12,4,7,10],[3,19,11,12,4,7,15,23,2,24],[19,23,11,7,3,4,12,15,2,24],[11,7,23,19,3,4,12,15,2,24],[11,15,3,12,4,23,19,7,10],[3,19,23,15,11,12,4,7,2,24],[3,23,19,7,15,11,12,4,2,24],[3,23,19,7,15,11,12,4,10],[19,15,11,7,23,3,4,12,10],[3,15,23,19,7,11,12,4,10],[7,23,3,15,19,11,4,12,10],[3,7,19,11,4,12,15,23,2,24],[3,11,12,4,23,19,7,15,10],[11,3,12,4,7,19,15,23,10],[3,19,7,15,11,12,4,23,10],[11,19,23,7,3,12,4,15,2,24],[11,15,19,3,12,4,23,7,2,24],[11,19,3,12,4,7,16,23,15,2,24],[11,7,23,19,3,12,4,15,2,24],[23,15,3,19,11,4,12,7,2,24],[3,7,23,15,11,4,12,19,2,24],[7,19,11,15,3,12,4,23,10],[23,11,15,19,3,12,4,7,2,24],[7,3,15,11,12,4,19,23,10],[7,19,11,3,4,12,15,23,10],[19,15,23,7,3,11,4,12,2,24],[19,7,3,15,23,11,12,4,10],[11,23,19,7,15,3,4,12,2,24],[11,3,12,4,15,2,19,7,23,24],[15,11,19,7,23,3,4,12,10],[3,23,7,11,12,4,15,19,2,24],[15,23,19,7,3,11,12,4,10],[19,23,15,11,3,4,12,7,10],[11,7,15,23,3,12,4,20,19,2,16,24],[15,7,19,23,3,11,12,4,2,24],[19,3,23,15,7,11,12,4,2,24],[23,3,19,7,11,12,4,15,2,24],[7,19,23,3,15,11,4,12,2,24],[15,3,11,12,4,19,24,7,10],[19,11,3,4,12,7,15,23,10],[3,19,23,15,11,4,12,7,10],[3,11,4,12,7,15,19,23,10],[11,15,19,7,23,3,12,4,10],[23,11,3,4,12,19,15,7,2,16,24],[23,11,7,19,3,12,4,15,2,22,24],[11,3,12,4,15,7,19,23,10],[3,7,11,12,4,23,19,15,10],[15,23,7,11,3,4,12,19,10],[19,3,15,11,4,12,7,23,10],[3,23,15,11,12,4,7,19,2,24],[15,23,11,7,3,4,12,19,2,16,24],[19,11,3,12,4,15,23,7,10],[3,15,19,11,4,12,23,7,10],[19,15,23,7,3,11,12,4,2,9,24],[11,7,15,23,3,12,4,19,10],[19,11,3,4,12,7,15,23,10],[19,3,11,12,4,7,2,15,23,24],[19,15,7,3,11,4,12,23,24,2],[3,11,4,12,15,19,7,10],[19,15,3,11,12,4,23,7,10],[3,15,19,7,23,11,12,4,2,24],[23,11,3,4,12,7,19,15,10],[23,19,3,7,15,11,4,12,2,24],[3,7,15,23,11,4,12,19,2,14,24],[3,11,12,4,16,7,24,19,2,15],[15,7,11,19,3,12,4,23,2,24],[11,23,15,19,7,3,4,12,2,24],[3,19,15,11,4,12,7,23,2,24],[19,23,3,7,15,11,12,4,2,24],[11,7,19,23,15,3,12,4,2,16,24],[15,19,11,7,3,4,12,24,2,13,14],[15,19,23,11,7,3,4,12,10],[19,23,3,11,12,4,15,7,2,24],[3,11,12,4,7,19,23,15,10],[3,11,12,4,7,15,19,24,10],[7,11,15,19,3,4,12,23,2,24],[23,15,3,19,11,12,4,7,10],[19,7,15,11,3,12,4,24,2,16],[15,23,19,11,3,4,12,7,2,24],[19,11,15,23,3,12,4,7,2,24],[15,7,3,11,4,12,19,23,24,10],[23,11,7,3,12,4,15,19,2,24],[23,7,11,15,3,12,4,19,10],[7,3,19,11,12,4,15,23,2,22,24],[15,11,23,7,19,3,12,4,24,10],[3,19,23,7,11,4,12,15,10],[15,19,7,11,3,12,4,23,2,24],[15,11,23,7,3,12,4,19,10],[11,3,12,4,19,7,23,15,2,24],[19,15,3,11,4,12,7,23,10],[19,23,15,7,11,3,12,4,2,24],[3,19,15,7,11,4,12,23,2,16,24],[11,23,19,3,4,12,7,15,10],[7,3,23,19,11,12,4,15,2,24],[15,3,11,12,4,23,7,19,2,24],[23,19,11,3,4,12,2,15,7,24],[7,15,3,23,11,12,4,19,2,16,24],[19,15,23,11,3,12,4,7,10],[15,19,3,11,12,4,7,23,2,24],[15,23,19,3,11,4,12,7,2,24],[3,7,15,11,4,12,19,23,2,22,24],[3,19,7,11,4,12,23,15,10],[19,7,3,23,15,11,12,4,10],[23,15,7,19,3,11,12,4,24,6,2],[3,15,7,11,4,12,24,19,10],[23,11,15,19,3,4,12,7,2,22,24],[11,3,12,4,23,19,15,7,2,24],[7,15,23,19,3,11,4,12,2,24],[3,7,19,15,11,12,4,23,2,24],[15,23,19,7,11,3,4,12,2,24],[11,3,12,4,20,19,8,23,15,10],[19,3,11,12,4,7,23,15,10],[23,19,3,7,15,11,12,4,10],[11,7,15,23,19,3,4,12,2,24],[7,23,19,15,3,11,4,12,2,16,24],[19,23,11,7,3,12,4,15,10],[19,15,11,3,4,12,23,7,10],[19,3,7,23,11,12,4,15,10],[11,3,4,12,16,23,19,7,15,10],[11,3,4,12,15,19,7,23,2,8,24],[3,19,15,7,23,11,4,12,10],[7,19,23,15,11,3,12,4,10],[15,11,7,23,3,4,12,19,10],[11,3,4,12,7,19,15,23,2,24],[23,19,3,11,4,12,7,15,2,24],[23,11,15,7,3,4,12,19,2,24],[19,7,3,23,11,4,12,10],[3,11,12,4,15,23,7,19,10],[19,7,11,23,15,3,12,4,10],[11,15,19,7,3,12,4,23,2,24],[23,7,15,3,19,11,4,12,10],[3,19,15,11,4,12,23,2,7,24],[15,11,19,3,12,4,23,7,10],[15,3,23,19,11,4,12,7,10],[11,3,4,12,7,15,23,19,10],[11,3,12,4,23,7,15,19,10],[11,15,19,7,3,4,12,23,2,24],[23,3,11,4,12,19,15,7,2,24],[15,19,3,7,11,12,4,23,10],[3,15,11,12,4,23,19,7,2,24],[15,11,7,19,23,3,12,4,10],[11,3,4,12,23,19,15,8,7,10],[23,11,3,12,4,15,19,7,10],[23,7,19,15,3,11,12,4,2,24],[3,23,7,11,4,12,19,15,2,22,14,24],[7,23,19,11,3,4,12,15,2,17,24],[7,15,23,3,19,11,12,4,2,16,24],[15,19,11,23,3,12,4,7,10],[11,23,19,3,12,4,7,15,2,24],[7,15,3,19,23,11,12,4,10],[15,23,7,3,11,12,4,19,10],[19,7,23,3,11,4,12,24,15,10],[7,3,11,4,12,23,19,15,10],[23,3,11,4,12,7,15,19,2,24],[3,11,12,4,7,23,19,15,2,24],[23,19,3,11,12,4,15,7,10],[3,23,19,7,15,11,4,12,10],[15,23,7,3,11,12,4,19,2,24],[23,11,7,15,3,12,4,19,10],[3,11,12,4,19,7,16,23,15,2,24],[19,7,23,15,3,11,4,12,2,24],[15,7,11,19,3,4,12,23,2,22,24],[11,19,23,7,15,3,12,4,10],[23,3,11,4,12,7,19,15,10],[3,19,11,4,12,8,15,23,2,7,24],[11,3,4,12,15,7,23,19,2,24],[3,11,4,12,19,15,23,8,7,2,24],[23,11,19,15,7,3,12,4,2,24],[19,23,11,3,4,12,10],[15,11,19,3,4,12,23,7,2,16,24],[3,15,23,19,11,4,12,7,10],[23,19,3,11,12,4,7,15,2,16,24],[7,15,23,11,3,4,12,19,10],[3,23,11,12,4,15,19,7,2,24],[3,19,15,23,7,11,12,4,10],[23,3,19,7,11,12,4,15,10],[15,19,3,7,11,12,4,23,2,16,24],[15,19,3,11,12,4,7,23,10],[15,19,11,23,3,12,4,7,10],[23,15,19,7,11,3,12,4,10],[23,3,15,11,4,12,7,19,2,24],[7,3,11,12,4,15,19,10],[7,19,23,3,15,11,4,12,10],[23,3,19,11,12,4,15,7,10],[11,7,3,12,4,19,15,2,23,24],[23,7,3,19,11,12,4,13,15,10],[3,15,7,19,23,11,12,4,2,24],[11,7,19,23,3,4,12,15,10],[11,23,19,3,4,12,7,15,2,24],[11,19,7,15,3,4,12,23,10],[11,23,7,15,3,12,4,19,21,24,10],[19,15,11,23,7,3,12,4,10],[23,15,19,11,3,4,12,8,7,10],[3,23,19,11,4,12,7,15,10],[7,11,3,12,4,15,19,23,10],[3,7,11,4,12,23,19,15,2,24],[7,23,19,11,3,4,12,15,10],[15,19,3,7,11,4,12,23,10],[11,15,7,19,3,12,4,24,10],[7,3,19,11,12,4,23,15,2,8,24],[3,23,15,19,11,4,12,7,2,24],[11,7,3,12,4,23,15,19,10],[23,11,7,19,15,3,4,12,2,16,9],[23,15,19,7,3,11,4,12,2,16,24],[11,19,15,3,12,4,23,7,2,21,24],[19,11,3,4,12,21,23,24,15,7,2],[15,3,11,4,12,19,23,7,10],[15,3,23,7,11,4,12,19,2,21,24],[23,15,19,3,7,11,4,12,2,16,24],[11,15,7,23,19,3,4,12,10],[15,7,3,23,11,12,4,19,2,21,24],[11,23,19,3,4,12,15,7,10],[15,7,3,23,19,11,4,12,10],[11,15,7,23,3,4,12,19,10],[11,15,3,12,4,19,7,23,2,24],[15,7,11,3,12,4,19,23,10],[3,19,7,11,12,4,15,23,2,16,24],[15,23,3,11,12,4,7,19,2,24],[15,23,3,11,4,12,7,19,2,24],[11,23,19,3,4,12,15,7,2,24],[3,23,7,19,11,12,4,15,2,24],[7,15,23,11,19,3,4,12,2,10],[23,19,11,3,12,4,15,7,2,24],[3,7,19,15,23,11,12,4,2,16,24],[19,7,11,15,23,3,4,12,2,24],[3,23,7,15,11,4,12,19,10],[7,11,3,12,4,19,15,23,2,24],[7,23,15,19,11,3,12,4,10],[19,7,3,15,11,4,12,23,2,24],[15,23,11,3,4,12,19,7,2,24],[3,15,7,23,19,11,4,12,2,24],[19,3,23,11,12,4,15,7,10],[3,15,7,11,4,12,19,23,2,21,24],[3,15,11,12,4,7,23,19,2,16,24],[11,23,3,4,12,20,19,15,7,2,24],[11,19,7,23,15,3,12,4,10],[11,7,19,23,3,12,4,15,10],[7,3,15,23,11,12,4,19,10],[19,15,11,3,4,12,23,7,2,24],[7,23,15,3,11,12,4,19,2,24],[3,23,19,7,15,11,12,4,10],[15,3,7,11,12,4,19,23,24,10],[3,7,19,23,15,11,12,4,2,24],[23,3,11,4,12,7,19,15,10],[7,23,15,3,19,11,12,4,10],[23,19,7,11,3,12,4,15,5,2,6,16,24],[15,23,3,7,11,12,4,19,2,24],[23,11,19,7,15,3,12,4,2,24],[19,23,11,15,7,3,4,12,10],[15,3,11,4,12,7,19,23,10],[11,19,3,12,4,15,7,23,2,1,10],[19,7,23,15,11,3,4,12,2,24],[23,15,7,19,11,3,4,12,2,21,24],[3,11,12,4,23,7,19,15,2,24],[19,7,3,23,15,11,4,12,2,22,24],[11,3,12,4,7,19,15,10],[15,19,11,23,7,3,12,4,10],[3,19,11,12,4,7,15,23,10],[23,3,11,4,12,7,15,19,2,24],[19,15,23,11,3,12,4,7,2,24],[23,15,7,3,19,11,4,12,2,24],[7,11,19,23,15,3,12,4,2,24],[23,3,11,12,4,7,16,19,10],[11,3,4,12,7,23,15,10],[7,19,11,23,3,4,12,15,2,24],[23,11,7,3,4,12,19,15,2,24],[19,7,23,15,11,3,12,4,2,16,24],[11,15,23,19,3,4,12,7,2,24],[11,23,7,3,12,4,15,19,10],[11,23,7,15,3,12,4,19,2,24],[3,7,11,4,12,19,15,23,2,24],[23,11,3,4,12,8,19,15,10],[15,23,19,7,11,3,4,12,2,16,24],[19,7,23,11,15,3,4,12,2,24],[3,7,15,23,19,11,12,4,10],[15,7,19,11,23,3,12,4,10],[23,3,19,15,7,11,4,12,10],[19,7,15,11,23,3,4,12,10],[7,19,23,15,11,3,4,12,10],[3,19,15,7,23,11,4,12,2,24],[15,23,3,11,12,4,19,7,10],[7,3,11,4,12,15,19,23,10],[23,3,19,11,4,12,7,15,10],[15,19,3,23,11,4,12,7,2,24],[3,19,15,7,23,11,12,4,2,24],[3,11,12,4,23,15,7,19,10],[11,23,3,12,4,15,7,19,10],[7,15,19,11,23,3,12,4,10],[15,11,23,3,4,12,8,19,2,7,24],[15,23,19,11,7,3,12,4,2,16,24],[19,3,15,11,12,4,7,23,2,17,24],[19,7,3,15,23,11,12,4,2,24],[23,3,7,15,19,11,12,4,2,24],[3,23,15,7,11,12,4,19,10],[23,7,15,19,11,3,4,12,10],[15,7,3,23,11,12,4,19,10],[3,15,7,19,23,11,4,12,2,16,24],[11,19,23,3,12,4,15,7,2,24],[15,11,19,7,23,3,12,4,2,13,24],[23,7,3,15,11,4,12,19,2,24],[23,15,7,11,19,3,4,12,10],[7,19,11,3,4,12,23,16,10],[11,23,15,7,3,4,12,20,19,2,24],[15,7,11,23,3,4,12,19,10],[3,11,12,4,7,24,19,15,2,16],[7,19,11,3,12,4,16,15,23,2,24],[3,23,19,15,7,11,4,12,2,24],[7,3,11,4,12,23,19,15,2,24],[15,7,19,11,3,12,4,23,10],[3,7,11,4,12,16,15,23,19,2,24],[19,15,3,23,7,11,12,4,2,24],[15,23,11,7,19,3,4,12,2,24],[15,11,7,3,4,12,23,19,2,6,16,24],[11,7,3,4,12,23,15,19,10],[15,7,3,19,11,4,12,23,10],[3,23,15,7,11,4,12,19,2,24,16],[23,3,19,11,12,4,7,15,2,24],[11,23,7,19,3,4,12,15,10],[23,7,3,15,19,11,12,4,2,16,24],[19,7,15,23,3,11,4,12,2,10],[7,11,15,3,4,12,23,19,2,10],[15,19,11,3,4,12,23,7,2,24],[7,23,3,15,19,11,4,12,10],[7,23,19,3,15,11,12,4,2,13,14,24],[19,3,11,12,4,23,15,7,10],[19,7,15,11,23,3,12,4,10],[7,15,19,11,23,3,4,12,2,24],[19,15,23,11,3,4,12,7,10],[19,11,15,3,4,12,7,23,2,18,17,20,10],[3,15,11,12,4,7,23,20,19,10],[19,3,7,15,23,11,4,12,10],[15,7,23,19,11,3,12,4,2,24],[15,11,23,19,3,4,12,7,2,24],[11,23,7,15,19,3,4,12,10],[3,11,12,4,23,15,7,19,2,24],[19,23,15,7,11,3,12,4,2,13,24],[23,3,15,11,4,12,20,19,7,10],[23,11,19,7,15,3,12,4,10],[23,3,19,7,15,11,4,12,2,5,24],[3,23,11,4,12,19,7,15,2,24],[15,3,11,12,4,7,23,19,10],[23,7,15,3,19,11,4,12,2,24],[11,7,3,12,4,19,23,15,10],[3,15,7,11,4,12,23,19,10],[11,19,15,3,4,12,23,7,10],[7,23,19,15,3,11,4,12,10],[7,23,15,19,11,3,12,4,2,16,22,24],[7,15,3,11,4,12,19,23,10],[7,15,23,19,3,11,12,4,2,24],[3,23,15,7,11,12,4,19,10],[7,15,11,3,4,12,19,23,2,20,16,24],[11,15,7,3,4,12,19,23,2,24],[23,3,11,12,4,19,15,7,10],[7,11,23,19,15,3,4,12,2,24],[15,19,7,3,23,11,12,4,2,16,24],[11,7,19,3,12,4,15,23,2,16,21,24],[11,15,23,19,3,4,12,7,24,10],[15,11,19,7,23,3,4,12,10],[19,7,15,23,11,3,12,4,10],[15,7,3,19,11,4,12,23,10],[7,15,19,3,11,4,12,23,10],[23,19,7,11,3,4,12,15,10],[23,11,3,4,12,19,7,15,10],[15,23,19,3,11,4,12,7,2,24],[23,19,15,7,3,11,4,12,2,24],[3,23,15,7,11,4,12,19,2,24],[19,3,23,11,12,4,7,15,10],[19,23,3,7,15,11,4,12,10],[15,11,23,7,19,3,4,12,2,24],[23,11,7,19,15,3,4,12,2,24],[15,3,23,7,19,11,12,4,10],[3,23,19,11,4,12,7,15,2,16,24],[19,23,3,11,4,12,15,7,2,13,16,24],[3,19,7,23,15,11,12,4,10],[23,11,7,15,19,3,4,12,10],[23,19,11,3,12,4,7,15,2,24],[3,19,23,11,12,4,16,7,15,10],[19,11,3,12,4,23,15,8,7,10],[3,23,11,12,4,15,7,19,10],[11,23,15,7,3,4,12,19,2,10],[3,23,15,11,4,12,7,19,2,10],[7,23,19,3,15,11,12,4,2,16,24],[7,3,11,12,4,19,15,23,2,24],[19,3,11,4,12,7,23,15,2,24],[11,15,3,4,12,19,23,7,10],[3,15,11,4,12,23,19,7,10],[7,15,11,19,3,12,4,23,2,21,24],[11,3,4,12,23,19,7,15,2,8,24],[15,23,3,19,7,11,4,12,2,17,1,24,16],[11,19,15,3,12,4,7,23,10],[11,7,15,3,12,4,23,19,10],[19,11,7,23,3,12,4,15,2,24],[3,15,7,23,19,11,4,12,10],[15,7,3,11,4,12,19,23,10],[7,15,19,23,3,11,4,12,22,2,24],[23,15,19,11,7,3,12,4,2,9,21,24],[11,19,23,15,3,4,12,7,10],[19,23,3,15,11,4,12,7,2,24],[15,3,11,4,12,10,9],[23,19,11,3,12,4,7,15,2,24],[19,11,7,15,23,3,12,4,24,10],[15,23,3,11,12,4,19,8,7,24,2],[19,7,3,15,23,11,4,12,2,24],[19,23,3,15,7,11,12,4,10],[19,7,23,15,3,11,4,12,10],[15,23,11,19,7,3,12,4,10],[19,7,15,23,3,11,4,12,2,24],[23,11,15,3,4,12,19,7,10],[19,11,3,12,4,7,15,10],[23,7,3,19,11,4,12,15,10],[3,11,4,12,15,19,23,7,2,16,22,24],[23,19,15,11,3,4,12,7,10],[3,15,19,7,11,12,4,23,10],[3,15,19,23,11,4,12,7,10],[15,7,19,23,3,11,4,12,10],[23,7,3,11,12,4,15,19,10],[23,11,3,12,4,19,15,7,2,24],[23,19,7,15,3,11,12,4,2,24],[7,23,3,11,12,4,15,19,2,16,24],[3,7,19,23,11,12,4,15,2,24],[3,11,4,12,15,23,7,19,10],[23,7,3,15,11,4,12,19,10],[19,15,11,3,4,12,8,23,2,7,24],[3,11,4,12,19,7,15,23,2,17,24],[7,11,3,12,4,15,19,23,2,24],[7,19,15,3,11,4,12,23,2,24],[23,7,11,19,15,3,12,4,2,24],[11,15,19,7,23,3,4,12,2,24],[11,19,23,15,7,3,12,4,10],[19,11,7,23,15,3,4,12,10],[19,7,15,23,11,3,12,4,2,16,24],[19,15,3,7,23,11,4,12,2,24],[11,3,12,4,19,7,23,15,10],[11,3,4,12,19,23,15,7,10],[19,23,15,11,3,12,4,7,2,24],[15,11,23,3,4,12,19,7,2,24],[7,15,23,3,11,12,4,10],[19,3,11,4,12,7,23,16,15,2,24],[11,23,3,4,12,7,19,15,2,9,1,24],[23,7,19,15,11,3,4,12,13,10],[15,23,3,11,4,12,19,7,24,2],[19,11,7,3,12,4,15,24,10],[19,7,3,11,4,12,23,15,10],[15,19,23,3,7,11,4,12,2,24],[7,3,11,12,4,15,19,23,10],[19,11,23,7,15,3,4,12,10],[19,7,3,11,4,12,15,23,2,24],[19,15,11,3,4,12,7,23,10],[15,3,23,7,19,11,12,4,2,24],[11,3,12,4,19,7,15,23,10],[19,7,11,15,23,3,12,4,2,24],[23,11,7,3,12,4,19,15,2,24],[7,3,23,15,11,4,12,19,2,24],[3,19,11,12,4,15,7,23,10],[11,15,19,23,3,12,4,7,2,24],[19,7,3,23,15,11,4,12,10],[11,15,23,19,7,3,12,4,2,24],[7,15,3,19,11,4,12,23,2,24],[7,11,15,23,19,3,12,4,2,14,16,24],[11,15,19,7,3,4,12,23,10],[19,3,11,12,4,7,15,23,2,21,24],[23,7,19,15,11,3,4,12,2,16,24],[19,3,23,11,4,12,15,7,2,21,24,6],[11,7,3,4,12,23,19,15,2,24],[7,3,15,11,4,12,19,23,10],[7,15,11,19,3,4,12,23,2,24],[3,19,11,4,12,15,23,7,2,24,16],[11,19,15,23,7,3,12,4,10],[7,11,23,19,15,3,12,4,10],[15,7,11,19,3,12,4,23,2,24],[19,3,11,12,4,15,7,23,10],[7,23,15,11,19,3,12,4,10],[15,19,7,11,23,3,4,12,2,24],[15,23,3,7,11,4,12,19,10],[3,23,15,7,19,11,12,4,2,14,24],[15,11,3,12,4,19,23,7,10],[15,3,19,11,4,12,7,23,10],[7,23,19,11,3,12,4,15,2,24],[15,23,3,7,19,11,4,12,10],[15,7,11,3,4,12,19,23,2,1,24],[7,23,19,11,15,3,4,12,10],[19,3,11,4,12,23,15,8,2,7,24],[7,19,11,3,4,12,15,23,2,13,24],[11,15,19,3,12,4,7,23,10],[7,3,23,15,11,12,4,19,10],[23,11,19,7,3,12,4,15,2,6,8,10],[3,23,19,7,15,11,12,4,2,24],[19,3,23,7,11,12,4,15,2,24],[3,23,11,4,12,15,7,19,10],[15,11,3,12,4,19,7,23,10],[15,23,7,11,19,3,4,12,2,24],[3,19,11,12,4,23,7,15,10],[11,19,23,3,12,4,7,15,10],[3,23,15,11,4,12,7,19,10],[11,23,7,15,19,3,4,12,10],[7,19,15,11,3,12,4,23,2,24],[3,15,23,11,4,12,19,7,10],[19,7,15,11,3,12,4,23,2,24],[15,11,7,23,3,4,12,19,10],[7,15,23,19,11,3,12,4,2,14,24],[19,11,15,23,3,4,12,8,2,7,24],[19,7,3,15,11,4,12,24,10],[3,23,15,19,11,12,4,7,2,24],[11,7,19,3,4,12,15,23,2,16,24],[15,7,11,3,4,12,19,23,10],[15,19,11,7,3,4,12,23,2,14,24],[23,11,3,4,12,7,19,15,10]]}