{"problem_id":"yOYDxDBzk6AdhtC","sigma":150,"alpha":10.000,"cost":0,"probabilities":"[0.2399999999999999, 0.39, 0.2, 0.17]","payoff_matrix":"[[123, 31, 99, -12, 14, 147], [0, 110, 24, -167, 127, -77], [79, -309, 2, -83, -49, 0], [156, -37, -248, 113, -194, -2]]","uncovered":[[6,22,2,14,10,18,5,17,19,7,9,11,20,1,3,4,12,21,23,15,8,24,13],[6,22,2,10,18,5,17,7,14,9,19,11,20,1,3,12,4,21,23,24,13,8,16,15],[2,22,6,14,10,18,5,17,19,7,9,11,12,1,3,4,20,21,23,13,24,8],[6,14,18,5,17,19,7,10,2,22,9,11,20,1,3,12,4,24,21,23,13,16,8],[10,18,2,14,22,6,5,17,7,9,19,11,20,1,3,12,4,24,23,16,8,13,21,15],[2,14,10,22,18,6,17,5,7,9,19,11,20,1,3,12,4,21,23,8,16,15],[6,10,14,18,5,17,19,7,2,22,9,11,20,1,3,4,12,23,24,21,15,13],[6,10,18,5,17,19,7,2,14,22,9,11,20,1,3,4,12,23,21,15,24,13,16,8],[22,18,2,10,6,17,5,7,14,9,19,11,20,1,3,12,4,23,21,13,24,8],[2,18,22,10,14,6,5,17,7,9,19,11,20,1,3,4,12,21,23,24,13,15,8,16],[22,10,14,2,6,18,5,17,7,9,11,19,12,1,3,4,20,24,23,15,13,21],[2,10,22,14,18,6,17,5,7,9,19,11,12,1,3,4,20,21,23,15,24,8,13],[22,10,18,6,5,17,7,2,14,9,19,11,12,1,3,4,20,23,21,13,24,15,16,8],[6,2,22,14,18,17,5,19,7,10,9,11,20,1,3,12,4,21,23,15,13,24,8],[2,14,10,6,18,17,5,7,22,9,11,19,20,1,3,4,12,24,23,21,13,16,15,8],[10,14,6,18,17,5,7,2,22,9,11,19,20,1,3,4,12,24,21,23,16,13,8],[18,6,5,17,7,14,10,22,2,9,11,19,20,1,3,12,4,21,23,15,24,16,13],[14,6,10,22,2,18,17,5,7,9,11,19,12,1,3,20,4,21,23,15,24,13,16,8],[10,14,22,18,2,6,5,17,19,7,9,11,12,1,3,4,20,24,21,23,15,13,16,8],[18,10,6,5,17,19,7,2,22,14,9,11,20,1,3,12,4,23,24,15,21,16,13,8],[2,6,14,18,17,5,19,7,22,10,9,11,20,1,3,4,12,23,24,15,16,21,8],[6,10,18,5,17,7,14,2,22,9,19,11,12,1,3,4,20,23,15,16,21,8,24],[2,22,6,18,17,5,19,7,10,14,9,11,20,1,3,4,12,23,21,13,24,16],[22,10,2,14,18,6,5,17,7,9,19,11,12,1,3,20,4,21,23,24,15,8,16,13],[2,22,10,6,18,5,17,7,14,9,19,11,12,1,3,4,20,24,23,15,21,8],[22,10,14,2,18,6,17,5,7,9,19,11,12,1,3,20,4,21,23,13,24,15,8,16],[10,22,18,14,2,6,5,17,19,7,9,11,20,1,3,12,4,23,21,13,24,16,15],[18,10,14,22,2,6,17,5,7,9,11,19,20,1,3,12,4,21,23,16,24,15,8,13],[18,2,14,6,5,17,7,22,10,9,19,11,20,1,3,4,12,21,23,8,15,24],[2,22,6,10,14,18,17,5,19,7,9,11,12,1,3,20,4,21,24,23,15,8,16],[6,14,22,18,17,5,7,2,10,9,11,19,20,1,3,12,4,23,21,15,24,8,16],[10,22,6,14,2,18,5,17,19,7,9,11,12,1,3,20,4,23,24,13],[14,22,18,10,6,5,17,19,7,2,9,11,12,1,3,20,4,21,23,13,8,24],[2,22,18,14,10,6,5,17,7,9,19,11,12,1,3,4,20,21,23,16,15,24,8],[10,6,22,18,5,17,7,14,2,9,11,19,12,1,3,20,4,24,21,23,13,8],[6,10,2,14,22,18,5,17,7,9,11,19,12,1,3,4,20,24,23,13,21],[22,18,6,17,5,7,2,10,14,9,19,11,12,1,3,4,20,24,23,13,15,8,21],[18,14,6,17,5,7,10,22,2,9,11,19,12,1,3,20,4,24,21,23,13,8,16,15],[18,2,10,6,17,5,19,7,14,22,9,11,12,1,3,20,4,21,23,16,15,8,24,13],[10,22,18,2,14,6,17,5,19,7,9,11,12,1,3,4,20,21,23,24,15,16,8],[2,14,18,10,6,17,5,19,7,22,9,11,12,1,3,20,4,23,13,21,24,15,16,8],[10,22,2,6,14,18,5,17,19,7,9,11,20,1,3,4,12,21,23,16,15,24,8],[6,22,10,2,18,5,17,7,14,9,11,19,20,1,3,12,4,23,21,8,24,13,16],[10,6,18,17,5,19,7,14,2,22,9,11,20,1,3,4,12,21,23,15,24,13,16],[2,22,6,14,10,18,5,17,19,7,9,11,20,1,3,4,12,21,23,16,24,15,8],[2,18,10,22,14,6,5,17,19,7,9,11,20,1,3,4,12,21,23,24,16,13,8],[22,6,2,18,17,5,19,7,14,10,9,11,12,1,3,20,4,24,21,23,16,15],[2,18,22,6,5,17,7,10,14,9,19,11,12,1,3,20,4,21,23,24,16,15,13,8],[2,14,6,22,10,18,17,5,19,7,9,11,20,1,3,4,12,21,23,24,16,13],[14,22,18,2,10,6,5,17,19,7,9,11,20,1,3,4,12,23,21,24,15,13,8,16],[18,22,14,6,5,17,19,7,10,2,9,11,20,1,3,12,4,23,21,24,13,8,16,15],[6,10,14,2,22,18,17,5,7,9,11,19,12,1,3,4,20,24,21,23,8,16,13,15],[6,14,22,2,10,18,5,17,19,7,9,11,20,1,3,4,12,21,23,24,13,15],[10,18,6,17,5,7,2,14,22,9,19,11,12,1,3,20,4,21,23,13,24,8],[14,18,10,2,22,6,17,5,19,7,9,11,20,1,3,4,12,21,23,16,13,24,15,8],[6,22,2,10,14,18,17,5,7,9,19,11,12,1,3,20,4,23,13,21,15,24],[6,22,14,10,2,18,17,5,19,7,9,11,12,1,3,20,4,21,23,8,16,13,24],[10,18,6,5,17,7,22,2,14,9,19,11,12,1,3,4,20,21,23,16,15,24,13,8],[22,2,14,10,6,18,17,5,7,9,19,11,12,1,3,20,4,23,13,24,21,8],[6,10,2,22,14,18,17,5,7,9,19,11,12,1,3,4,20,21,23,15,24,8],[2,6,22,10,14,18,17,5,19,7,9,11,20,1,3,12,4,23,24,13,21,15,16],[14,6,10,18,17,5,7,22,2,9,19,11,12,1,3,4,20,21,23,16,24,15],[10,2,14,6,18,17,5,7,22,9,11,19,20,1,3,4,12,23,24,13],[6,22,10,2,14,18,5,17,19,7,9,11,12,1,3,4,20,21,23,16,13,24,15],[18,6,17,5,19,7,10,2,14,22,9,11,12,1,3,20,4,21,23,24,15,13,8],[6,22,18,17,5,19,7,14,2,10,9,11,12,1,3,20,4,21,23,24,13,15,16],[6,18,17,5,19,7,2,22,14,10,9,11,12,1,3,20,4,24,23,16,13,21,15,8],[22,2,14,18,6,5,17,7,10,9,11,19,12,1,3,4,20,21,23,24,15,8,13],[2,10,22,14,18,6,17,5,19,7,9,11,20,1,3,4,12,23,13,21,24,16,15,8],[22,14,2,6,18,17,5,7,10,9,11,19,12,1,3,20,4,24,21,23,15,16,13,8],[10,2,18,14,6,17,5,7,22,9,19,11,20,1,3,12,4,24,23,8,15],[22,6,2,18,17,5,7,10,14,9,11,19,12,1,3,4,20,24,21,23,13,16,8],[22,10,14,18,6,17,5,7,2,9,19,11,12,1,3,20,4,24,21,23,16,15,8],[14,2,6,22,18,5,17,19,7,10,9,11,12,1,3,4,20,21,23,24,16,13,8,15],[22,10,18,14,6,17,5,19,7,2,9,11,20,1,3,4,12,23,21,15,24],[2,6,14,22,10,18,17,5,7,9,19,11,12,1,3,20,4,21,23,24,13,16],[2,22,10,14,18,6,17,5,7,9,11,19,12,1,3,20,4,21,23,16,13,24,8,15],[14,6,10,22,2,18,5,17,7,9,19,11,12,1,3,20,4,21,23,15,24],[14,18,2,22,10,6,17,5,19,7,9,11,12,1,3,20,4,21,23,13,24,15,16,8],[22,18,10,14,2,6,17,5,19,7,9,11,20,1,3,12,4,21,23,15,8,24],[14,18,10,6,17,5,19,7,22,2,9,11,12,1,3,20,4,24,21,23,16,15,13,8],[22,10,6,14,2,18,5,17,19,7,9,11,20,1,3,4,12,21,23,13,24],[22,10,6,2,14,18,5,17,19,7,9,11,20,1,3,12,4,21,23,24,16,13],[22,18,10,2,6,17,5,7,14,9,19,11,20,1,3,4,12,21,23,24,15,13],[22,18,10,6,17,5,19,7,14,2,9,11,12,1,3,20,4,21,23,24,8,16,13],[2,14,18,6,5,17,7,22,10,9,19,11,12,1,3,4,20,21,23,24,15,16,8,13],[22,2,18,6,5,17,7,14,10,9,19,11,20,1,3,4,12,21,23,13,8,24,16,15],[6,14,10,22,18,17,5,19,7,2,9,11,12,1,3,4,20,24,23,15,21],[18,2,22,10,14,6,5,17,19,7,9,11,12,1,3,4,20,23,24,8,15,21,13],[6,2,22,18,5,17,19,7,14,10,9,11,12,1,3,4,20,21,23,8,24,16,15,13],[14,6,2,10,22,18,17,5,19,7,9,11,12,1,3,20,4,21,23,16,24,15,13,8],[14,18,22,6,17,5,19,7,2,10,9,11,20,1,3,12,4,24,16,21,23,15,13,8],[2,6,22,18,5,17,7,10,14,9,19,11,12,1,3,20,4,21,23,16,24,15,8,13],[18,2,22,10,6,5,17,19,7,14,9,11,20,1,3,4,12,21,23,13,16,24,15,8],[14,22,2,18,6,5,17,7,10,9,11,19,12,1,3,4,20,21,23,15,8,24,13,16],[2,10,14,6,18,5,17,19,7,22,9,11,12,1,3,4,20,21,23,13,24],[10,14,22,18,2,6,5,17,19,7,9,11,20,1,3,12,4,23,21,24,13,8],[2,6,10,14,18,17,5,7,22,9,19,11,12,1,3,4,20,23,13,21],[2,18,14,22,6,17,5,7,10,9,11,19,12,1,3,20,4,24,21,23,13,16,8],[6,18,17,5,19,7,14,10,2,22,9,11,20,1,3,12,4,21,23,16,15,24,13,8],[14,22,10,18,6,5,17,7,2,9,11,19,20,1,3,4,12,24,21,23,13,8,15],[10,2,6,18,5,17,7,22,14,9,19,11,12,1,3,20,4,24,23,21,16,13],[22,6,2,14,18,5,17,19,7,10,9,11,12,1,3,20,4,21,23,24,13,15],[10,14,18,22,2,6,17,5,7,9,11,19,12,1,3,4,20,21,23,13,24],[22,2,10,18,14,6,5,17,19,7,9,11,12,1,3,4,20,24,21,23,15],[14,10,6,22,18,17,5,7,2,9,11,19,20,1,3,12,4,21,23,24,15,8,13],[6,18,5,17,19,7,22,14,10,2,9,11,20,1,3,12,4,21,23,24,15,8],[2,6,18,5,17,19,7,14,22,10,9,11,20,1,3,12,4,24,21,23,15],[10,22,6,2,18,5,17,19,7,14,9,11,12,1,3,20,4,21,23,15,13,24,8,16],[18,22,10,2,6,17,5,7,14,9,11,19,20,1,3,12,4,21,23,16,15,8,24,13],[18,6,5,17,7,10,22,14,2,9,11,19,12,1,3,4,20,21,23,15,24,16],[2,14,6,18,5,17,19,7,10,22,9,11,20,1,3,12,4,21,23,15,24,13],[22,2,14,18,6,5,17,7,10,9,19,11,20,1,3,4,12,23,21,13,24,15,8],[2,22,10,6,18,17,5,7,14,9,19,11,20,1,3,4,12,21,23,15,24],[6,2,14,18,5,17,19,7,22,10,9,11,12,1,3,20,4,24,21,23,16,8,13],[6,22,10,2,18,17,5,7,14,9,11,19,20,1,3,12,4,23,15,8,21,24],[18,6,5,17,19,7,10,14,2,22,9,11,20,1,3,12,4,24,23,16,21,8,13],[2,6,18,17,5,19,7,10,22,14,9,11,20,1,3,4,12,21,23,13,24,16,8],[14,6,2,22,10,18,5,17,19,7,9,11,12,1,3,4,20,23,21,8,24,15],[18,22,6,17,5,7,2,14,10,9,19,11,20,1,3,4,12,21,23,16,8,24,15,13],[18,2,6,17,5,7,22,10,14,9,11,19,12,1,3,20,4,24,21,23,15,8,13,16],[2,22,14,18,10,6,5,17,7,9,19,11,20,1,3,4,12,23,21,15,24,16,8,13],[18,6,5,17,19,7,10,2,22,14,9,11,12,1,3,4,20,24,21,23,15],[18,2,14,22,6,5,17,19,7,10,9,11,12,1,3,20,4,24,23,13,16],[2,14,22,18,6,5,17,7,10,9,11,19,20,1,3,4,12,24,21,23,16,15,13],[18,22,6,17,5,7,14,10,2,9,19,11,20,1,3,12,4,23,21,16,13,24,8,15],[6,2,10,22,14,18,17,5,7,9,19,11,20,1,3,4,12,24,21,23,15,16,13,8],[2,14,6,10,18,5,17,19,7,22,9,11,12,1,3,4,20,23,21,24,8,15],[6,22,14,10,2,18,5,17,7,9,11,19,20,1,3,12,4,21,23,24,15],[14,6,10,22,2,18,5,17,7,9,11,19,20,1,3,12,4,21,23,15,8,24,13],[10,2,6,18,17,5,19,7,22,14,9,11,12,1,3,20,4,21,23,15,24,8,16],[6,22,2,10,18,5,17,19,7,14,9,11,20,1,3,12,4,21,23,16,15,24],[2,6,14,22,18,17,5,19,7,10,9,11,12,1,3,20,4,21,23,13,24],[22,6,10,18,5,17,19,7,14,2,9,11,20,1,3,12,4,24,21,23,15],[22,18,14,6,5,17,19,7,10,2,9,11,20,1,3,4,12,21,23,16,24,15,8,13],[10,2,22,14,6,18,17,5,19,7,9,11,20,1,3,4,12,21,23,8,13,24,16],[14,10,18,6,17,5,19,7,2,22,9,11,20,1,3,4,12,24,23,13,21,15,16],[14,2,18,22,10,6,5,17,19,7,9,11,12,1,3,4,20,21,23,24,15],[18,2,14,22,6,17,5,7,10,9,19,11,20,1,3,12,4,21,23,16,8,15,24],[2,18,22,10,14,6,17,5,7,9,19,11,12,1,3,4,20,21,23,24,13,8,15],[6,10,14,22,18,5,17,7,2,9,11,19,20,1,3,12,4,21,24,23,15,13,8,16],[18,10,6,5,17,19,7,22,2,14,9,11,12,1,3,4,20,21,23,16,15,24,8],[10,18,6,17,5,7,14,22,2,9,11,19,20,1,3,4,12,23,24,13,16,15,21,8],[22,10,14,6,18,17,5,19,7,2,9,11,12,1,3,4,20,21,23,16,13,24,15,8],[22,18,6,5,17,19,7,14,10,2,9,11,20,1,3,12,4,24,23,13,16,8,21,15],[2,22,14,10,6,18,17,5,19,7,9,11,12,1,3,20,4,23,21,16,13,24,8],[6,14,18,17,5,7,22,2,10,9,11,19,12,1,3,20,4,24,15,21,23,16],[6,22,14,2,18,5,17,19,7,10,9,11,20,1,3,4,12,21,23,8,24,13,15,16],[6,14,2,18,5,17,19,7,10,22,9,11,12,1,3,4,20,21,23,13,24,16,8,15],[6,22,18,5,17,7,2,14,10,9,11,19,20,1,3,12,4,21,23,8,16,24,15],[22,14,2,10,18,6,17,5,19,7,9,11,20,1,3,12,4,21,23,13,24,15,8,16],[10,6,22,14,18,17,5,19,7,2,9,11,12,1,3,4,20,21,23,13,24,8,16],[14,18,10,6,17,5,7,22,2,9,11,19,12,1,3,20,4,21,23,24,16,13,8],[6,14,18,17,5,19,7,2,10,22,9,11,12,1,3,20,4,23,21,15,24,16],[14,10,6,2,22,18,5,17,19,7,9,11,20,1,3,12,4,21,23,15],[2,18,10,14,22,6,5,17,7,9,19,11,20,1,3,4,12,21,23,24,8,16,15,13],[10,22,6,2,14,18,17,5,7,9,11,19,12,1,3,4,20,21,23,24,8,15,16,13],[2,14,18,22,6,17,5,19,7,10,9,11,20,1,3,12,4,21,23,13,24,16],[18,22,10,6,17,5,19,7,2,14,9,11,20,1,3,12,4,24,21,23,16,13,8],[6,10,22,18,5,17,7,2,14,9,11,19,12,1,3,20,4,21,23,24,13],[14,22,2,18,6,17,5,7,10,9,19,11,12,1,3,20,4,21,23,13,15,8,24,16],[6,14,18,5,17,19,7,22,10,2,9,11,12,1,3,20,4,24,23,15,21,16,13],[14,2,22,6,18,5,17,19,7,10,9,11,20,1,3,4,12,21,23,15,24],[14,22,10,6,18,5,17,7,2,9,19,11,12,1,3,20,4,24,21,23,13,8,16,15],[14,6,22,10,2,18,5,17,7,9,19,11,20,1,3,4,12,21,23,24,8,15,13,16],[10,22,6,18,17,5,19,7,14,2,9,11,12,1,3,20,4,23,16,13,24,21,8,15],[2,14,10,22,18,6,5,17,7,9,11,19,20,1,3,12,4,21,23,24,13,8,15,16],[22,2,14,10,6,18,5,17,19,7,9,11,20,1,3,12,4,24,23,13,21,15],[6,22,2,10,18,17,5,7,14,9,11,19,12,1,3,20,4,24,21,23,16,15,8,13],[6,2,14,22,10,18,17,5,7,9,11,19,20,1,3,4,12,24,21,23,13],[18,14,22,2,10,6,5,17,19,7,9,11,12,1,3,4,20,21,23,24,8,16,15],[2,22,14,18,10,6,17,5,19,7,9,11,12,1,3,20,4,21,23,24,13],[14,2,22,18,10,6,17,5,7,9,11,19,20,1,3,4,12,21,23,16,13,24,15,8],[22,2,6,14,18,5,17,19,7,10,9,11,20,1,3,4,12,23,24,21,16,13],[14,10,2,18,6,17,5,19,7,22,9,11,20,1,3,12,4,21,23,8,15,24,13],[22,14,10,6,18,5,17,7,2,9,11,19,12,1,3,4,20,23,13,21,24,15,16],[6,10,2,18,17,5,7,22,14,9,11,19,20,1,3,12,4,21,23,16,13,24,8],[6,18,5,17,7,10,2,14,22,9,19,11,20,1,3,12,4,23,16,21,24,15,13,8],[18,6,17,5,19,7,2,10,22,14,9,11,12,1,3,4,20,24,21,23,13,15,8],[18,22,6,5,17,19,7,2,14,10,9,11,20,1,3,12,4,21,23,13,15,24],[10,22,14,2,18,6,17,5,19,7,9,11,12,1,3,4,20,21,23,24,16,13],[22,18,14,2,10,6,5,17,19,7,9,11,20,1,3,4,12,21,23,15,16,24],[18,2,22,6,5,17,19,7,14,10,9,11,12,1,3,20,4,21,23,13,16,24,8,15],[2,18,14,10,22,6,5,17,7,9,11,19,12,1,3,4,20,24,21,23,8,13],[18,10,22,6,5,17,19,7,2,14,9,11,12,1,3,20,4,21,23,8,15,24],[22,14,18,2,6,17,5,19,7,10,9,11,12,1,3,20,4,23,24,8,16,15,21],[18,10,14,22,2,6,5,17,19,7,9,11,20,1,3,12,4,21,23,24,15],[18,14,6,5,17,19,7,2,10,22,9,11,12,1,3,4,20,23,21,13,24,15,8],[6,10,22,18,5,17,19,7,14,2,9,11,20,1,3,12,4,21,23,24,16,8,13,15],[14,10,22,18,6,5,17,19,7,2,9,11,20,1,3,12,4,21,23,13,15,24,8,16],[18,10,14,6,17,5,7,2,22,9,11,19,20,1,3,4,12,21,23,16,24,15,8,13],[22,2,18,14,6,17,5,19,7,10,9,11,12,1,3,20,4,21,23,24,16,8,13,15],[10,14,18,6,5,17,7,2,22,9,19,11,20,1,3,12,4,21,23,15,16,13,8,24],[2,18,10,22,14,6,17,5,19,7,9,11,12,1,3,4,20,21,23,13,24,8],[22,18,10,2,6,17,5,7,14,9,19,11,20,1,3,12,4,21,23,15,24,13],[18,22,6,5,17,19,7,2,10,14,9,11,12,1,3,4,20,24,21,23,13,8],[22,2,18,6,5,17,7,10,14,9,11,19,12,1,3,20,4,21,23,8,15,24,13,16],[2,10,18,22,6,5,17,19,7,14,9,11,12,1,3,4,20,21,23,24,13],[14,2,18,10,6,5,17,19,7,22,9,11,12,1,3,20,4,21,23,24,16,15],[22,18,10,14,6,17,5,7,2,9,11,19,20,1,3,12,4,23,24,15,13,21],[10,22,2,14,18,6,17,5,19,7,9,11,12,1,3,20,4,23,13,24,21,16],[14,10,18,2,6,17,5,7,22,9,19,11,12,1,3,4,20,21,23,16,13,8,24,15],[10,18,6,17,5,19,7,2,22,14,9,11,12,1,3,4,20,21,23,24,16,13,8,15],[10,2,18,22,14,6,5,17,7,9,11,19,12,1,3,4,20,21,23,8,13,16,24],[14,6,22,18,17,5,19,7,2,10,9,11,12,1,3,20,4,21,23,24,15,16,13,8],[6,22,18,17,5,7,2,10,14,9,11,19,20,1,3,4,12,21,23,13,24,8,16,15],[2,6,10,22,14,18,17,5,19,7,9,11,20,1,3,4,12,21,23,15,8,24,13],[14,2,18,10,22,6,5,17,19,7,9,11,20,1,3,12,4,21,23,13,24,15],[6,18,5,17,19,7,14,2,10,22,9,11,20,1,3,12,4,21,23,24,13],[22,2,6,10,14,18,17,5,19,7,9,11,20,1,3,4,12,24,23,21,15,16,8,13],[10,2,6,22,14,18,17,5,7,9,19,11,20,1,3,4,12,21,23,24,16,13,8,15],[14,10,2,18,22,6,17,5,7,9,19,11,12,1,3,4,20,24,21,23,16,13,15],[18,2,14,10,6,5,17,19,7,22,9,11,12,1,3,20,4,24,21,23,15,13,16,8],[22,14,18,6,5,17,7,2,10,9,11,19,12,1,3,20,4,21,23,16,13,24,8],[2,18,14,22,10,6,17,5,7,9,19,11,12,1,3,20,4,24,21,23,16,13],[18,2,6,5,17,7,14,10,22,9,11,19,20,1,3,12,4,23,21,24,13],[10,22,2,6,18,5,17,7,14,9,19,11,20,1,3,12,4,23,21,8,24,13,16,15],[22,6,14,18,5,17,19,7,10,2,9,11,20,1,3,4,12,21,23,13,24,15],[14,18,22,2,10,6,17,5,19,7,9,11,20,1,3,12,4,24,13,21,23,16,15],[14,22,18,6,17,5,19,7,2,10,9,11,20,1,3,4,12,21,23,13,24,8,16],[2,22,14,18,6,17,5,7,10,9,19,11,12,1,3,4,20,24,23,15,16],[10,2,14,22,6,18,17,5,19,7,9,11,20,1,3,4,12,24,21,23,16,13,15,8],[10,18,14,6,17,5,7,22,2,9,19,11,20,1,3,4,12,24,21,23,13,16,8],[2,6,18,17,5,7,22,14,10,9,19,11,20,1,3,12,4,24,21,23,16,15,8],[10,6,18,5,17,7,14,22,2,9,11,19,20,1,3,12,4,24,21,23,13,16,15,8],[2,14,22,10,18,6,5,17,7,9,11,19,12,1,3,20,4,23,21,24,16,15,8,13],[22,6,18,17,5,7,14,2,10,9,11,19,20,1,3,12,4,23,13,24,8,15,21,16],[14,6,2,18,5,17,7,22,10,9,19,11,20,1,3,12,4,24,21,23,13],[22,10,6,14,2,18,17,5,7,9,19,11,12,1,3,4,20,21,23,15,24,8,13,16],[22,6,10,14,2,18,17,5,19,7,9,11,20,1,3,4,12,24,23,13,8,21,16,15],[18,6,5,17,7,14,22,10,2,9,19,11,20,1,3,4,12,24,21,23,15,8,16],[2,6,10,18,5,17,19,7,22,14,9,11,12,1,3,20,4,24,21,23,16,13],[14,6,22,10,2,18,17,5,7,9,19,11,12,1,3,4,20,21,23,13,24,8,15],[22,10,6,14,2,18,17,5,7,9,11,19,12,1,3,4,20,21,23,16,24,13,8,15],[18,22,6,5,17,7,10,14,2,9,11,19,20,1,3,4,12,21,23,24,8,13],[14,6,18,5,17,7,22,10,2,9,19,11,20,1,3,4,12,21,23,24,13,15],[14,6,10,2,18,5,17,7,22,9,19,11,12,1,3,4,20,21,23,24,16,15,8],[2,10,18,14,6,5,17,7,22,9,11,19,20,1,3,12,4,21,23,16,13,8,24],[10,2,6,22,18,5,17,19,7,14,9,11,12,1,3,4,20,21,23,16,24,13,8,15],[6,10,14,22,18,5,17,7,2,9,11,19,12,1,3,4,20,21,23,16,13,24,15],[6,10,2,22,14,18,17,5,7,9,19,11,20,1,3,4,12,21,24,23,13,8],[2,18,6,5,17,7,14,10,22,9,19,11,20,1,3,12,4,21,23,13,24,8],[22,6,14,18,5,17,19,7,2,10,9,11,12,1,3,20,4,21,23,15,24,16,13,8],[10,22,14,6,2,18,5,17,19,7,9,11,12,1,3,4,20,21,23,8,15,24,16,13],[6,10,22,2,14,18,5,17,7,9,11,19,12,1,3,20,4,21,23,24,16,13,8,15],[2,14,18,6,17,5,19,7,22,10,9,11,12,1,3,4,20,21,23,16,24,13],[2,6,14,10,22,18,5,17,19,7,9,11,20,1,3,4,12,21,23,24,16,13,8],[14,10,6,22,18,5,17,19,7,2,9,11,20,1,3,4,12,24,21,23,8,13,15],[2,10,6,18,17,5,19,7,14,22,9,11,12,1,3,4,20,21,23,15,24,8],[6,10,22,2,18,17,5,19,7,14,9,11,12,1,3,20,4,23,16,13,21,24],[18,6,5,17,19,7,22,2,10,14,9,11,20,1,3,12,4,23,24,13,21,16],[10,22,18,2,14,6,5,17,7,9,11,19,20,1,3,4,12,21,23,24,13,15],[18,2,6,17,5,19,7,10,22,14,9,11,12,1,3,20,4,24,21,23,16,15],[6,14,10,22,2,18,5,17,7,9,19,11,20,1,3,12,4,23,24,21,13,8,16,15],[22,14,18,2,6,5,17,7,10,9,11,19,20,1,3,12,4,23,21,24,15,8],[6,18,17,5,7,22,10,2,14,9,11,19,20,1,3,12,4,21,23,24,13,15],[14,18,10,22,2,6,5,17,7,9,11,19,12,1,3,20,4,21,23,24,13,15,8],[18,14,6,5,17,7,2,22,10,9,11,19,12,1,3,4,20,21,23,16,15,24],[6,18,5,17,19,7,10,14,2,22,9,11,12,1,3,4,20,21,23,16,13,15,24,8],[10,6,14,18,17,5,19,7,2,22,9,11,12,1,3,20,4,21,23,16,24,15,8],[10,22,18,2,6,17,5,7,14,9,19,11,20,1,3,4,12,24,16,21,23,15,13,8],[22,2,6,10,18,5,17,7,14,9,11,19,12,1,3,4,20,23,15,21,24],[10,2,18,6,17,5,19,7,22,14,9,11,20,1,3,12,4,21,23,24,15,8,16],[6,2,18,17,5,7,10,14,22,9,11,19,12,1,3,4,20,21,23,15,24],[2,14,22,18,6,5,17,7,10,9,19,11,12,1,3,20,4,21,23,13,8,16,15,24],[18,10,6,17,5,7,2,22,14,9,19,11,12,1,3,20,4,24,21,23,16,15,13,8],[10,22,14,18,6,5,17,7,2,9,19,11,12,1,3,20,4,21,23,24,8,13,16],[18,14,22,6,17,5,19,7,2,10,9,11,20,1,3,4,12,24,23,13,21,16,8],[22,10,18,6,5,17,19,7,2,14,9,11,20,1,3,4,12,24,23,21,15],[2,10,6,14,22,18,5,17,19,7,9,11,20,1,3,4,12,21,23,24,16,13,8],[22,18,14,10,6,17,5,19,7,2,9,11,20,1,3,4,12,21,23,24,16,13,8],[22,2,10,18,14,6,5,17,19,7,9,11,12,1,3,4,20,23,21,8,15,24,13],[14,6,18,17,5,19,7,10,2,22,9,11,12,1,3,4,20,21,23,24,13,16,8,15],[10,14,18,22,6,17,5,7,2,9,19,11,20,1,3,4,12,21,23,15,24],[6,2,14,22,18,5,17,7,10,9,19,11,20,1,3,12,4,21,23,13,24,8,15],[2,10,6,18,5,17,19,7,14,22,9,11,12,1,3,4,20,21,23,13,15,24],[18,2,6,17,5,19,7,10,14,22,9,11,12,1,3,20,4,24,21,23,13,8,16,15],[2,14,10,18,22,6,17,5,7,9,19,11,12,1,3,20,4,24,21,23,15,16,13],[22,10,14,2,6,18,17,5,7,9,11,19,20,1,3,12,4,21,23,24,16,13,15,8],[10,2,14,6,18,17,5,19,7,22,9,11,20,1,3,4,12,21,23,16,13,8,24],[10,22,18,2,14,6,17,5,19,7,9,11,20,1,3,12,4,21,23,15,24,13,16],[14,6,10,2,18,5,17,19,7,22,9,11,12,1,3,20,4,23,21,13,24,15,8,16],[6,22,10,18,17,5,7,2,14,9,19,11,12,1,3,20,4,21,23,24,15,13],[18,10,22,14,2,6,5,17,19,7,9,11,12,1,3,20,4,21,23,24,16,15],[14,10,18,2,6,5,17,19,7,22,9,11,12,1,3,20,4,21,23,16,13,15,8,24],[10,2,18,14,22,6,5,17,7,9,19,11,12,1,3,4,20,21,23,15,13,24,16,8],[22,2,14,10,6,18,5,17,19,7,9,11,20,1,3,12,4,21,23,13,16,15,24,8],[14,10,2,6,18,17,5,7,22,9,19,11,20,1,3,12,4,24,23,13,8,21,16],[10,2,22,18,14,6,5,17,7,9,11,19,20,1,3,12,4,23,21,13,24],[10,6,18,17,5,7,2,14,22,9,19,11,20,1,3,4,12,21,23,15,24],[10,22,18,14,2,6,17,5,19,7,9,11,20,1,3,4,12,21,23,15,13,24,8,16],[10,14,2,22,18,6,17,5,7,9,19,11,20,1,3,4,12,23,21,15,24,16,13],[6,2,14,18,5,17,19,7,10,22,9,11,12,1,3,20,4,21,23,16,13,24],[10,6,22,2,18,5,17,7,14,9,19,11,20,1,3,12,4,21,23,13],[22,10,2,6,18,5,17,7,14,9,11,19,12,1,3,20,4,21,23,8,16,24,15],[2,10,22,14,18,6,5,17,19,7,9,11,20,1,3,4,12,23,24,8,13,21,15,16],[14,6,22,18,17,5,19,7,10,2,9,11,12,1,3,20,4,23,21,24,16,15],[6,14,22,10,18,5,17,7,2,9,19,11,12,1,3,20,4,21,23,13,15,24,16,8],[2,6,10,14,18,17,5,19,7,22,9,11,12,1,3,20,4,21,23,24,15,16,13,8],[2,14,22,10,6,18,17,5,7,9,19,11,20,1,3,4,12,21,23,24,15,13,16,8],[2,18,6,5,17,19,7,14,10,22,9,11,12,1,3,20,4,21,23,24,13,8,15],[18,10,6,5,17,19,7,14,2,22,9,11,20,1,3,4,12,24,21,23,13,15],[10,2,14,18,6,17,5,19,7,22,9,11,12,1,3,20,4,24,23,16,13,8,21,15],[2,6,18,17,5,19,7,10,22,14,9,11,20,1,3,12,4,23,24,13,16],[14,10,18,2,6,5,17,19,7,22,9,11,20,1,3,12,4,23,21,24,15,16,13],[2,6,18,17,5,19,7,10,22,14,9,11,12,1,3,20,4,21,23,24,15,16,13],[2,10,22,6,18,17,5,19,7,14,9,11,20,1,3,12,4,21,23,15,24,8,16,13],[6,18,5,17,19,7,14,10,2,22,9,11,20,1,3,4,12,24,23,21,16,13],[6,14,2,10,22,18,5,17,19,7,9,11,20,1,3,12,4,21,23,24,13,16],[10,14,18,6,5,17,19,7,2,22,9,11,12,1,3,4,20,21,23,24,13,8,16,15],[6,14,10,22,18,5,17,7,2,9,11,19,12,1,3,20,4,21,23,24,15,13,8,16],[6,22,2,14,18,17,5,19,7,10,9,11,12,1,3,4,20,21,23,13,24,15],[22,14,18,6,17,5,7,10,2,9,11,19,20,1,3,12,4,21,23,24,16,13],[22,2,18,6,5,17,19,7,14,10,9,11,20,1,3,12,4,21,23,24,8,15,16],[14,2,10,18,6,17,5,7,22,9,19,11,20,1,3,12,4,21,23,13,24,16,15,8],[22,14,18,10,6,17,5,19,7,2,9,11,12,1,3,4,20,21,23,24,15,16,8],[14,18,10,2,22,6,5,17,19,7,9,11,12,1,3,4,20,23,24,16,21,13,15,8],[10,2,14,18,6,17,5,19,7,22,9,11,20,1,3,4,12,21,23,24,15,13,16],[22,14,18,6,5,17,19,7,2,10,9,11,20,1,3,12,4,21,23,24,13],[14,18,2,6,17,5,19,7,10,22,9,11,20,1,3,12,4,21,23,13,8,24,16,15],[2,10,22,14,6,18,17,5,19,7,9,11,12,1,3,20,4,21,23,16,13,24,8],[10,14,6,22,2,18,5,17,19,7,9,11,20,1,3,4,12,21,23,16,24,8,15],[22,18,14,6,17,5,7,10,2,9,11,19,12,1,3,4,20,23,15,21,8,24,16,13],[14,18,10,22,2,6,5,17,19,7,9,11,20,1,3,4,12,23,15,24,21,8,16],[14,2,22,10,6,18,5,17,7,9,11,19,12,1,3,4,20,21,23,24,16,15,13,8],[22,2,6,14,18,17,5,19,7,10,9,11,12,1,3,20,4,21,23,15,24,16],[6,10,18,5,17,19,7,22,2,14,9,11,20,1,3,12,4,24,21,23,8,15,16],[6,2,14,10,22,18,5,17,19,7,9,11,20,1,3,4,12,24,21,23,13,8],[14,18,2,10,6,17,5,7,22,9,11,19,20,1,3,12,4,23,15,21,13,24,16],[6,10,2,22,18,5,17,7,14,9,19,11,20,1,3,12,4,24,23,15,13,21],[6,2,18,17,5,19,7,10,22,14,9,11,20,1,3,4,12,21,23,8,13,24],[2,22,10,18,14,6,17,5,7,9,19,11,20,1,3,4,12,21,23,15,24,16],[14,10,18,6,5,17,7,2,22,9,11,19,20,1,3,12,4,23,21,13,24,16,8],[18,2,10,6,5,17,7,14,22,9,11,19,20,1,3,4,12,21,23,15,24,13,16,8],[10,2,22,14,18,6,17,5,19,7,9,11,12,1,3,20,4,21,23,24,15,8,13],[2,18,10,14,22,6,17,5,19,7,9,11,20,1,3,12,4,21,23,24,16,15,8,13],[18,2,6,17,5,19,7,22,10,14,9,11,12,1,3,20,4,21,23,24,13],[14,22,18,10,2,6,5,17,19,7,9,11,20,1,3,4,12,21,23,16,24,13,15,8],[14,18,22,2,6,5,17,19,7,10,9,11,12,1,3,20,4,23,24,15,21,8],[10,22,6,18,17,5,19,7,2,14,9,11,20,1,3,12,4,24,21,23,13,16],[18,2,10,14,6,17,5,7,22,9,11,19,12,1,3,4,20,21,23,13,24,15,16,8],[18,6,17,5,7,10,14,2,22,9,19,11,20,1,3,12,4,21,23,16,13,24,8],[2,22,10,14,18,6,17,5,7,9,11,19,20,1,3,12,4,23,21,16,24,13],[6,10,2,14,18,5,17,19,7,22,9,11,20,1,3,4,12,21,23,16,15,24,8],[2,22,18,10,6,5,17,19,7,14,9,11,20,1,3,4,12,21,23,16,8,15,24],[2,22,14,6,10,18,5,17,19,7,9,11,20,1,3,4,12,21,23,24,15,8,16,13],[2,6,14,10,18,5,17,19,7,22,9,11,12,1,3,4,20,21,23,15,24,16,13,8],[18,10,14,6,5,17,19,7,22,2,9,11,20,1,3,12,4,23,24,16,13,21,8],[14,22,10,6,2,18,17,5,7,9,19,11,20,1,3,4,12,24,21,23,16,13,15],[22,2,14,10,18,6,17,5,19,7,9,11,12,1,3,4,20,21,23,16,15,13,24],[22,18,6,17,5,19,7,14,10,2,9,11,12,1,3,20,4,21,23,16,15,8,13,24],[10,6,18,17,5,19,7,2,14,22,9,11,12,1,3,20,4,23,21,13,24,15],[6,2,18,17,5,19,7,22,14,10,9,11,20,1,3,4,12,21,23,8,13,16,24],[10,2,22,18,6,5,17,7,14,9,19,11,20,1,3,4,12,23,21,24,15,16],[6,18,17,5,7,22,2,10,14,9,19,11,12,1,3,4,20,21,23,24,13],[6,22,10,14,18,17,5,19,7,2,9,11,12,1,3,4,20,21,23,24,15],[6,18,5,17,7,2,10,14,22,9,19,11,12,1,3,4,20,24,23,16,15,21],[14,10,6,18,17,5,19,7,22,2,9,11,12,1,3,4,20,23,21,15,13,24,8,16],[2,6,18,5,17,19,7,10,14,22,9,11,12,1,3,4,20,21,23,16,13,24,8,15],[10,18,6,5,17,7,22,14,2,9,19,11,12,1,3,20,4,23,21,13,24,8,16,15],[14,18,22,10,2,6,17,5,19,7,9,11,12,1,3,4,20,21,23,16,24,13,15,8],[2,14,6,18,17,5,19,7,22,10,9,11,12,1,3,4,20,21,23,24,15,8,16],[18,6,5,17,7,14,22,2,10,9,11,19,12,1,3,20,4,21,23,15,24,8,16,13],[22,14,2,18,10,6,5,17,7,9,19,11,12,1,3,4,20,23,21,13,24,16,15],[18,14,22,2,10,6,17,5,19,7,9,11,20,1,3,12,4,23,8,21,13,24,15],[2,6,14,18,17,5,19,7,22,10,9,11,12,1,3,20,4,21,23,16,24,15],[22,18,14,2,6,5,17,7,10,9,11,19,20,1,3,4,12,21,23,13,24,15,16],[2,22,6,18,5,17,19,7,14,10,9,11,20,1,3,12,4,21,23,13,16,24],[6,14,22,2,10,18,17,5,19,7,9,11,12,1,3,4,20,21,23,24,13,16],[18,14,6,17,5,19,7,2,22,10,9,11,12,1,3,4,20,21,23,16,13,24,15,8],[18,2,6,17,5,7,10,22,14,9,19,11,12,1,3,20,4,21,23,24,16,15,8],[10,18,6,5,17,7,22,2,14,9,19,11,20,1,3,4,12,24,23,15,21,16,8,13],[14,6,18,17,5,19,7,2,10,22,9,11,12,1,3,20,4,24,23,13,21],[6,2,22,10,14,18,5,17,7,9,11,19,20,1,3,4,12,23,21,13,15,16,24],[14,10,18,22,6,5,17,7,2,9,11,19,20,1,3,12,4,21,23,15,24,13,8,16],[10,6,18,5,17,19,7,22,2,14,9,11,20,1,3,12,4,23,24,13],[18,22,14,2,10,6,5,17,19,7,9,11,12,1,3,20,4,21,23,13],[22,14,18,2,10,6,5,17,7,9,19,11,20,1,3,4,12,21,23,24,15,16],[6,14,2,22,18,5,17,19,7,10,9,11,12,1,3,20,4,23,21,13,8],[18,14,6,5,17,7,2,22,10,9,19,11,20,1,3,12,4,23,8,21,13,24],[14,18,2,22,10,6,17,5,19,7,9,11,12,1,3,20,4,24,21,23,16,8,13,15],[14,2,18,22,6,17,5,7,10,9,11,19,20,1,3,4,12,24,23,8,13,21,16,15],[22,14,6,18,17,5,19,7,10,2,9,11,20,1,3,4,12,21,23,24,15,8,16],[6,14,22,10,2,18,17,5,19,7,9,11,20,1,3,12,4,24,23,16,21,15,13],[22,6,10,2,18,17,5,19,7,14,9,11,20,1,3,12,4,23,21,24,13,8],[22,10,6,18,5,17,19,7,14,2,9,11,20,1,3,12,4,21,23,15,16,24,8,13],[22,18,14,6,17,5,19,7,2,10,9,11,12,1,3,20,4,23,21,15],[14,6,10,22,2,18,17,5,7,9,11,19,20,1,3,12,4,24,21,23,15,16,8],[22,18,6,5,17,7,10,2,14,9,19,11,20,1,3,4,12,21,23,16,15,24,8],[18,14,2,10,6,5,17,7,22,9,11,19,20,1,3,4,12,23,13,21,24],[6,22,2,10,14,18,17,5,19,7,9,11,20,1,3,4,12,21,23,16,13,24],[6,14,10,2,18,17,5,7,22,9,11,19,20,1,3,12,4,21,23,24,15],[18,2,10,14,6,5,17,19,7,22,9,11,20,1,3,12,4,21,23,13,24,15],[18,2,6,5,17,7,22,14,10,9,11,19,12,1,3,4,20,23,21,8,13,24],[10,18,14,6,17,5,7,2,22,9,19,11,20,1,3,12,4,24,23,8,21,13,16,15],[10,2,22,6,18,17,5,7,14,9,11,19,20,1,3,4,12,21,23,13,24,16,8],[6,10,22,2,18,17,5,7,14,9,19,11,20,1,3,12,4,21,23,16,13,24,15,8],[10,18,6,17,5,19,7,22,2,14,9,11,20,1,3,12,4,23,13,24,15,21,8,16],[6,22,10,14,2,18,5,17,7,9,11,19,12,1,3,20,4,21,23,24,16,13,8,15],[10,2,14,6,22,18,17,5,19,7,9,11,12,1,3,20,4,23,21,24,15],[14,2,10,6,22,18,5,17,7,9,19,11,20,1,3,12,4,21,23,16,24,15,13],[22,2,18,6,5,17,7,10,14,9,11,19,12,1,3,4,20,21,23,8,16,13],[14,22,6,10,2,18,17,5,7,9,11,19,12,1,3,4,20,23,24,21,15,8,16,13],[18,6,17,5,19,7,14,22,2,10,9,11,12,1,3,20,4,21,23,13,24],[2,10,14,6,22,18,17,5,7,9,11,19,20,1,3,12,4,21,23,24,15],[10,14,6,2,22,18,5,17,7,9,19,11,20,1,3,4,12,21,23,15,13,24,16],[6,2,18,5,17,19,7,22,14,10,9,11,12,1,3,20,4,21,23,24,8,13,16,15],[22,2,10,6,14,18,5,17,7,9,11,19,20,1,3,12,4,24,21,23,15],[22,6,10,14,2,18,17,5,19,7,9,11,20,1,3,4,12,23,13,21,24,16],[14,6,2,18,17,5,7,22,10,9,19,11,20,1,3,12,4,21,23,16,15,24,13,8],[14,6,2,22,10,18,17,5,19,7,9,11,20,1,3,4,12,21,23,8,13,24,15],[10,2,6,18,5,17,7,22,14,9,19,11,20,1,3,12,4,23,24,16,15,8,21],[2,22,14,6,10,18,17,5,7,9,11,19,12,1,3,4,20,21,23,24,16,15,8,13],[14,10,22,18,6,5,17,19,7,2,9,11,20,1,3,4,12,21,23,16,13,24],[6,18,17,5,7,22,2,14,10,9,11,19,20,1,3,4,12,23,21,24,13,16,15,8],[10,2,14,6,18,17,5,19,7,22,9,11,20,1,3,4,12,24,21,23,13,15,8,16],[22,18,6,17,5,19,7,10,2,14,9,11,12,1,3,4,20,21,23,16,13,24,8],[6,18,17,5,7,22,2,14,10,9,11,19,20,1,3,12,4,24,23,13,8,16,15,21],[14,18,2,22,10,6,5,17,7,9,11,19,20,1,3,4,12,21,23,13,24,15,16,8],[14,18,10,2,6,17,5,19,7,22,9,11,12,1,3,4,20,21,23,15],[2,22,10,14,6,18,5,17,7,9,19,11,20,1,3,4,12,21,23,13,24,16],[14,22,2,18,10,6,5,17,7,9,11,19,12,1,3,20,4,21,23,13,24,8],[18,2,14,22,10,6,17,5,19,7,9,11,20,1,3,4,12,24,21,23,13,8,15],[6,18,17,5,19,7,2,14,10,22,9,11,12,1,3,20,4,24,23,13,21,16],[14,22,10,6,2,18,5,17,7,9,19,11,12,1,3,20,4,21,23,24,15,16,8],[10,18,14,22,6,5,17,19,7,2,9,11,20,1,3,12,4,23,21,13,15,16,24,8],[6,2,18,17,5,7,14,10,22,9,19,11,12,1,3,4,20,21,23,13,24],[18,2,14,22,10,6,5,17,7,9,11,19,12,1,3,4,20,23,21,15,24,16],[18,14,2,22,6,17,5,19,7,10,9,11,20,1,3,12,4,24,21,23,16,8,13],[6,14,18,5,17,7,2,10,22,9,11,19,20,1,3,12,4,24,21,23,13,8],[22,10,2,6,18,17,5,19,7,14,9,11,20,1,3,12,4,23,15,24,21],[18,22,14,10,6,5,17,19,7,2,9,11,12,1,3,20,4,21,23,16,15,13,24],[18,14,6,5,17,7,2,10,22,9,11,19,12,1,3,20,4,21,23,15,24,13,8],[18,2,22,6,17,5,7,10,14,9,19,11,20,1,3,12,4,21,23,24,15,16,13],[10,22,14,6,2,18,5,17,7,9,19,11,20,1,3,4,12,23,24,15,13,21],[22,2,10,14,6,18,17,5,19,7,9,11,20,1,3,12,4,24,21,23,15,8,13],[2,22,6,14,10,18,5,17,19,7,9,11,20,1,3,12,4,23,21,13,15,24,8,16],[14,6,18,17,5,19,7,22,10,2,9,11,12,1,3,4,20,23,15,21,24,16,8],[18,6,17,5,19,7,2,22,10,14,9,11,20,1,3,4,12,24,23,13,21,15,8,16],[10,6,2,14,18,5,17,19,7,22,9,11,20,1,3,12,4,21,23,13,24,8],[2,22,6,18,17,5,19,7,14,10,9,11,20,1,3,12,4,21,23,24,15,8,16,13],[6,10,22,14,2,18,17,5,19,7,9,11,20,1,3,12,4,21,23,24,15],[22,2,6,14,10,18,5,17,7,9,19,11,20,1,3,4,12,23,24,15,16,21,8],[14,22,10,6,2,18,5,17,7,9,19,11,20,1,3,4,12,21,24,23,15,13],[6,2,14,18,5,17,19,7,10,22,9,11,20,1,3,12,4,21,23,24,15,16],[10,2,14,22,6,18,17,5,7,9,11,19,20,1,3,4,12,24,21,23,15],[10,2,14,22,18,6,5,17,19,7,9,11,20,1,3,12,4,21,23,24,16,15,8],[2,18,14,10,22,6,17,5,7,9,19,11,20,1,3,12,4,21,23,16,13,24],[14,10,22,6,18,5,17,7,2,9,11,19,20,1,3,4,12,21,23,13,24,16,15],[6,10,22,14,18,5,17,7,2,9,19,11,12,1,3,20,4,21,23,24,16,8,13,15],[10,6,18,5,17,7,2,22,14,9,11,19,12,1,3,20,4,21,23,24,16,15],[18,2,14,6,5,17,7,10,22,9,19,11,12,1,3,4,20,21,23,15,24,8,13,16],[14,18,22,10,2,6,5,17,19,7,9,11,20,1,3,12,4,21,23,15],[6,22,10,18,5,17,19,7,14,2,9,11,20,1,3,4,12,23,21,16,8,24,13,15],[14,10,18,22,2,6,5,17,19,7,9,11,12,1,3,4,20,21,23,24,13,15],[14,22,10,18,6,5,17,19,7,2,9,11,20,1,3,12,4,21,23,8,15,24],[6,10,2,18,5,17,7,22,14,9,19,11,20,1,3,12,4,23,21,8,24,15,13,16],[2,14,18,6,17,5,19,7,22,10,9,11,12,1,3,4,20,23,15,24,21,16,8,13],[18,14,6,5,17,19,7,22,10,2,9,11,12,1,3,20,4,21,23,24,8,13],[10,22,2,18,14,6,5,17,19,7,9,11,20,1,3,12,4,21,23,13,15,24,8],[22,6,14,10,2,18,5,17,7,9,19,11,12,1,3,4,20,21,23,15,24,13,16],[14,18,10,2,6,17,5,7,22,9,11,19,20,1,3,12,4,23,21,13,16,24,8,15],[6,22,10,2,18,17,5,7,14,9,11,19,12,1,3,4,20,24,21,23,13,16],[22,18,14,2,6,5,17,7,10,9,19,11,12,1,3,20,4,23,21,24,15,13,8],[22,2,10,14,18,6,5,17,7,9,11,19,20,1,3,12,4,24,21,23,13,8,15,16],[22,2,6,14,18,5,17,19,7,10,9,11,20,1,3,4,12,21,23,15,24,13],[2,14,10,22,18,6,5,17,19,7,9,11,20,1,3,12,4,24,21,23,16,15,8,13],[14,2,6,10,22,18,17,5,7,9,19,11,12,1,3,20,4,23,21,16,13,24,15,8],[22,10,6,18,5,17,19,7,14,2,9,11,12,1,3,20,4,23,21,15,24,13,16,8],[14,2,22,10,6,18,17,5,19,7,9,11,12,1,3,4,20,21,23,13,24,8,16],[22,2,14,10,18,6,5,17,19,7,9,11,20,1,3,4,12,23,21,15,8,24,13,16],[22,10,6,2,14,18,17,5,19,7,9,11,12,1,3,4,20,23,24,16,15,8,21,13],[10,18,14,2,6,5,17,19,7,22,9,11,12,1,3,20,4,21,23,13,24,8,16,15],[6,22,2,10,14,18,5,17,19,7,9,11,12,1,3,4,20,21,23,24,16,15,13,8],[6,2,10,18,5,17,19,7,14,22,9,11,20,1,3,12,4,23,21,13,8,15,24,16],[14,22,2,6,10,18,5,17,7,9,19,11,20,1,3,12,4,21,23,16,15,24,13,8],[14,22,18,6,17,5,7,2,10,9,11,19,12,1,3,20,4,21,23,13,24,16,8,15],[22,18,2,6,5,17,19,7,10,14,9,11,20,1,3,4,12,24,23,13,8,15,21,16],[10,2,6,22,14,18,5,17,19,7,9,11,12,1,3,4,20,21,23,15,24,16],[18,2,22,14,6,17,5,7,10,9,11,19,12,1,3,20,4,21,23,13,24,16],[10,18,6,5,17,19,7,14,2,22,9,11,12,1,3,4,20,21,23,15,16,8],[18,14,6,17,5,7,22,10,2,9,11,19,20,1,3,12,4,21,23,16,24,15,8],[2,18,10,22,6,5,17,19,7,14,9,11,20,1,3,4,12,24,23,13,21],[22,14,18,10,2,6,17,5,19,7,9,11,20,1,3,12,4,21,23,15,8,24,13,16],[18,10,14,22,6,17,5,7,2,9,11,19,12,1,3,20,4,21,23,13,24,8,15],[2,18,10,14,6,5,17,7,22,9,19,11,20,1,3,12,4,21,23,15,16,24,8,13],[6,2,10,14,22,18,17,5,7,9,11,19,12,1,3,20,4,24,21,23,16,15],[22,10,2,18,6,17,5,19,7,14,9,11,12,1,3,4,20,21,23,24,13,8,15,16],[6,10,18,5,17,19,7,22,2,14,9,11,12,1,3,20,4,23,24,13,15,16,21,8],[14,22,10,2,6,18,17,5,7,9,19,11,20,1,3,4,12,23,24,16,21,15,8,13],[2,6,14,18,17,5,19,7,10,22,9,11,12,1,3,20,4,23,21,24,15,8,13,16],[6,10,2,18,17,5,7,14,22,9,19,11,20,1,3,12,4,21,23,24,16,15,13],[14,22,6,18,5,17,7,2,10,9,11,19,12,1,3,20,4,23,13,24,21,8,16],[6,10,18,17,5,7,14,2,22,9,19,11,12,1,3,20,4,24,21,23,13,15,16,8],[10,2,18,6,5,17,19,7,14,22,9,11,12,1,3,4,20,21,23,16,24,15,8,13],[18,10,2,22,14,6,5,17,19,7,9,11,12,1,3,4,20,21,23,24,16,15],[2,22,14,6,10,18,5,17,19,7,9,11,12,1,3,4,20,21,23,24,16,15,13,8],[22,10,18,2,14,6,17,5,19,7,9,11,20,1,3,4,12,21,23,24,16,13,15],[14,10,18,2,6,5,17,19,7,22,9,11,20,1,3,4,12,21,23,16,24,13,15],[22,10,2,18,14,6,17,5,7,9,11,19,12,1,3,4,20,21,23,24,15,13,16],[14,22,6,2,10,18,5,17,7,9,19,11,12,1,3,4,20,21,23,13,24,8,15],[22,14,18,2,10,6,5,17,19,7,9,11,20,1,3,12,4,23,13,21,24,8,16,15],[2,18,10,6,5,17,7,22,14,9,19,11,12,1,3,4,20,24,13,21,23,15],[10,2,18,22,14,6,5,17,19,7,9,11,12,1,3,20,4,21,23,8,16,13,24],[6,14,22,10,2,18,5,17,7,9,11,19,20,1,3,4,12,23,21,16,24,15,8],[10,18,6,5,17,7,14,22,2,9,19,11,20,1,3,12,4,21,23,24,15],[14,2,6,10,18,17,5,19,7,22,9,11,20,1,3,4,12,23,21,24,13,15,8],[22,14,10,18,2,6,5,17,19,7,9,11,20,1,3,12,4,21,23,13,24,15,16],[10,6,22,18,17,5,19,7,14,2,9,11,20,1,3,4,12,21,23,16,24,13],[2,14,10,6,18,5,17,7,22,9,19,11,12,1,3,4,20,24,23,13],[18,22,2,6,5,17,19,7,10,14,9,11,20,1,3,4,12,21,23,15,24,16,13,8],[10,22,14,6,2,18,5,17,19,7,9,11,20,1,3,4,12,24,21,23,15,8,16,13],[18,10,22,2,6,5,17,19,7,14,9,11,20,1,3,4,12,23,21,24,15,13,16,8],[2,14,10,6,18,17,5,7,22,9,19,11,20,1,3,4,12,21,23,24,13,15,8,16],[6,22,2,10,14,18,5,17,19,7,9,11,20,1,3,4,12,24,21,23,13,16,8],[14,6,18,17,5,7,10,22,2,9,19,11,20,1,3,4,12,21,23,16,8,24,13],[10,18,14,2,22,6,5,17,19,7,9,11,20,1,3,12,4,21,23,24,15,16],[10,22,14,6,18,17,5,19,7,2,9,11,20,1,3,4,12,24,23,16,21,13,8,15],[22,2,18,10,14,6,17,5,7,9,11,19,12,1,3,20,4,24,21,23,13],[6,22,18,5,17,7,10,14,2,9,19,11,12,1,3,20,4,21,24,23,13,16,15,8],[6,18,5,17,7,14,10,22,2,9,11,19,12,1,3,20,4,24,21,23,13,16,8],[22,10,14,6,18,17,5,7,2,9,19,11,12,1,3,20,4,24,21,23,8,15],[18,2,14,6,5,17,7,10,22,9,11,19,20,1,3,12,4,21,23,15,24],[6,14,2,22,10,18,17,5,19,7,9,11,12,1,3,4,20,21,23,24,13,16,15,8],[14,22,10,2,6,18,17,5,19,7,9,11,12,1,3,4,20,21,23,15,24,16],[6,2,18,17,5,19,7,14,10,22,9,11,12,1,3,20,4,21,23,13,24,8,15],[10,14,6,22,2,18,5,17,19,7,9,11,20,1,3,12,4,24,21,23,16,15],[22,10,2,14,6,18,17,5,7,9,11,19,20,1,3,4,12,23,21,24,15,8,13],[10,2,18,22,14,6,5,17,19,7,9,11,20,1,3,12,4,21,23,24,16,13],[18,6,17,5,7,22,10,14,2,9,19,11,20,1,3,12,4,21,23,15,16,24,8],[10,6,18,5,17,7,14,2,22,9,11,19,20,1,3,12,4,23,21,15,24,16,8,13],[22,2,6,14,10,18,5,17,19,7,9,11,20,1,3,4,12,23,24,13,21],[10,2,22,6,14,18,17,5,7,9,11,19,12,1,3,4,20,24,21,23,15,16,8,13],[22,2,18,6,17,5,7,10,14,9,19,11,20,1,3,12,4,24,21,23,13],[2,22,18,14,6,17,5,7,10,9,11,19,20,1,3,12,4,24,23,21,16,13],[18,2,22,6,5,17,19,7,10,14,9,11,12,1,3,20,4,21,23,24,15],[18,10,22,2,14,6,17,5,7,9,11,19,20,1,3,12,4,23,21,16,24,15],[18,14,22,10,6,17,5,19,7,2,9,11,20,1,3,4,12,23,21,15,24],[14,18,2,6,5,17,7,22,10,9,11,19,20,1,3,12,4,21,23,13,15,16,24,8],[22,18,6,17,5,19,7,2,10,14,9,11,12,1,3,20,4,23,24,13,21,8,16],[6,14,2,10,18,17,5,7,22,9,11,19,12,1,3,4,20,21,23,13,24,16,15],[2,10,6,22,14,18,17,5,19,7,9,11,12,1,3,4,20,24,21,23,13,8,15],[18,10,22,14,6,5,17,19,7,2,9,11,12,1,3,4,20,23,24,15,21,16],[14,10,22,18,6,5,17,19,7,2,9,11,20,1,3,12,4,21,23,8,24,15,13,16],[2,6,14,10,22,18,17,5,7,9,19,11,20,1,3,12,4,24,23,16,15,21,8,13],[14,22,10,2,6,18,17,5,7,9,11,19,20,1,3,4,12,21,23,16,13,24,15],[6,2,22,14,10,18,5,17,7,9,11,19,20,1,3,12,4,21,23,16,15,24,8,13],[10,18,2,14,22,6,17,5,7,9,11,19,12,1,3,4,20,21,23,16,13,24],[14,2,22,18,10,6,17,5,19,7,9,11,12,1,3,20,4,24,23,21,16,8,13,15],[22,6,2,10,18,5,17,19,7,14,9,11,12,1,3,4,20,21,23,8,15,24,13,16],[22,14,6,18,17,5,7,2,10,9,19,11,12,1,3,20,4,21,23,13,24,15],[6,18,5,17,7,10,2,14,22,9,19,11,12,1,3,20,4,23,21,13],[10,14,22,6,2,18,17,5,19,7,9,11,12,1,3,20,4,24,21,23,15,13,8,16],[18,10,6,17,5,7,2,22,14,9,11,19,12,1,3,20,4,24,21,23,16,13,8,15],[18,14,2,22,6,5,17,19,7,10,9,11,20,1,3,12,4,23,24,13,15,8,21,16],[22,2,10,6,18,5,17,7,14,9,19,11,12,1,3,20,4,21,23,15,24,8,13,16],[6,2,10,18,5,17,19,7,22,14,9,11,12,1,3,4,20,21,23,24,8,15,16,13],[2,10,6,22,14,18,5,17,19,7,9,11,12,1,3,20,4,24,21,23,13,15,16,8],[22,6,10,2,14,18,5,17,7,9,19,11,20,1,3,4,12,21,23,13,15,8,24,16],[22,10,18,6,5,17,7,14,2,9,11,19,12,1,3,4,20,23,21,24,16,13,15,8],[2,10,22,6,18,17,5,7,14,9,11,19,20,1,3,4,12,23,21,13,24,16,8],[2,10,22,6,14,18,17,5,7,9,19,11,12,1,3,4,20,21,23,24,16,15,8],[6,14,10,2,18,5,17,7,22,9,19,11,20,1,3,4,12,24,21,23,15,8,16],[14,22,18,2,10,6,5,17,19,7,9,11,20,1,3,12,4,23,24,15,21,16,13,8],[10,22,6,18,17,5,19,7,14,2,9,11,12,1,3,20,4,23,21,24,13,8,15,16],[2,6,14,18,5,17,7,10,22,9,19,11,12,1,3,4,20,21,23,15,13,24,8],[6,14,18,5,17,7,2,10,22,9,11,19,20,1,3,12,4,24,21,23,13,15,16],[22,10,18,14,6,5,17,7,2,9,19,11,12,1,3,20,4,24,21,23,15,16,8],[10,18,6,5,17,19,7,22,2,14,9,11,20,1,3,4,12,21,23,15,24,13,8,16],[18,22,14,6,5,17,19,7,10,2,9,11,12,1,3,20,4,24,8,21,23,15,13],[10,6,14,22,2,18,17,5,7,9,11,19,12,1,3,4,20,21,23,24,13,16,8],[22,14,6,10,18,17,5,7,2,9,11,19,12,1,3,20,4,24,21,23,16,15,13,8],[2,6,10,18,17,5,7,14,22,9,11,19,20,1,3,12,4,23,16,21,24,13,8,15],[22,2,18,14,6,17,5,19,7,10,9,11,20,1,3,12,4,24,21,23,16,13,15,8],[18,6,5,17,7,2,22,10,14,9,19,11,12,1,3,4,20,21,23,24,16,13,15,8],[18,2,14,10,22,6,5,17,19,7,9,11,12,1,3,4,20,24,21,23,13,15,16,8],[22,10,2,18,14,6,17,5,7,9,11,19,12,1,3,4,20,21,23,16,15,24],[14,6,18,5,17,19,7,10,2,22,9,11,20,1,3,4,12,24,23,16,8,13,15,21],[22,18,14,10,6,5,17,7,2,9,11,19,20,1,3,12,4,21,23,13,16,24,15,8],[2,22,6,14,18,5,17,19,7,10,9,11,20,1,3,12,4,24,21,23,15,8],[22,6,2,14,18,5,17,19,7,10,9,11,12,1,3,20,4,21,23,15,16,13,8,24],[14,10,18,6,5,17,19,7,22,2,9,11,12,1,3,4,20,23,13,21,24,8,16],[10,14,2,18,6,5,17,19,7,22,9,11,12,1,3,4,20,23,21,13,24,8,15],[14,6,22,18,5,17,19,7,10,2,9,11,20,1,3,12,4,23,21,8,16,15,24],[14,18,2,6,17,5,19,7,22,10,9,11,12,1,3,20,4,21,23,15,24,8,16,13],[6,14,10,18,5,17,7,22,2,9,11,19,12,1,3,4,20,21,23,24,16,13],[6,10,2,22,14,18,5,17,19,7,9,11,12,1,3,4,20,24,21,23,16,13,15,8],[22,6,18,17,5,19,7,10,14,2,9,11,20,1,3,12,4,24,23,15,16,8,21,13],[14,22,2,6,18,17,5,19,7,10,9,11,12,1,3,4,20,21,23,16,13,24,8,15],[22,18,6,17,5,7,2,14,10,9,19,11,12,1,3,20,4,23,21,15,24,8,16,13],[22,14,10,2,18,6,5,17,7,9,19,11,12,1,3,4,20,24,23,15,16,8,13,21],[2,14,6,10,18,5,17,19,7,22,9,11,20,1,3,12,4,23,21,24,13,15],[10,14,18,22,2,6,17,5,7,9,11,19,20,1,3,12,4,21,23,16,24,8,13,15],[6,14,2,22,10,18,17,5,7,9,19,11,12,1,3,20,4,21,23,15,24],[22,2,18,14,6,5,17,19,7,10,9,11,20,1,3,4,12,21,23,16,13,24,15],[10,6,18,5,17,7,2,14,22,9,11,19,12,1,3,4,20,21,23,13,8,24],[18,2,6,17,5,19,7,10,22,14,9,11,12,1,3,20,4,21,23,24,16,13,8,15],[2,6,14,22,18,5,17,7,10,9,19,11,20,1,3,12,4,21,23,24,15,13,16],[2,10,14,6,18,5,17,7,22,9,19,11,12,1,3,4,20,21,23,16,13,24,15,8],[2,10,18,6,5,17,7,22,14,9,11,19,12,1,3,4,20,21,23,13,24,15,8],[10,2,18,22,14,6,17,5,7,9,11,19,12,1,3,20,4,24,23,21,16,15,8,13],[14,2,22,18,10,6,5,17,19,7,9,11,20,1,3,4,12,21,23,15,24,16,13,8],[2,18,14,6,5,17,7,10,22,9,11,19,12,1,3,4,20,21,23,16,24,15,13],[22,14,18,10,6,5,17,7,2,9,11,19,12,1,3,20,4,21,23,13,8,24,16],[22,6,18,17,5,7,10,2,14,9,19,11,12,1,3,20,4,23,21,13,24,16,8,15],[14,18,22,10,6,17,5,7,2,9,19,11,12,1,3,4,20,23,16,24,13,15,8,21],[18,2,22,10,6,17,5,19,7,14,9,11,20,1,3,4,12,21,23,24,13],[18,6,17,5,7,2,14,22,10,9,11,19,20,1,3,4,12,21,23,24,15,8],[14,10,18,6,5,17,7,2,22,9,19,11,12,1,3,4,20,21,23,24,8,13],[22,18,2,6,5,17,19,7,14,10,9,11,12,1,3,4,20,23,21,13,24,16,15,8],[6,10,22,2,14,18,17,5,19,7,9,11,20,1,3,12,4,21,24,23,8,13,15],[2,14,22,10,6,18,17,5,19,7,9,11,12,1,3,4,20,21,23,16,24,13,15,8],[2,22,18,6,17,5,19,7,10,14,9,11,12,1,3,20,4,23,21,13,24],[10,22,18,6,17,5,7,2,14,9,19,11,20,1,3,12,4,24,23,15,8,16,21,13],[2,10,18,6,5,17,7,14,22,9,19,11,12,1,3,20,4,21,23,24,13,16,15],[14,22,2,6,18,5,17,7,10,9,11,19,20,1,3,4,12,24,23,16,15,8,21,13],[6,10,2,14,18,5,17,19,7,22,9,11,20,1,3,4,12,21,23,13,24,16,8,15],[14,6,18,17,5,7,10,2,22,9,11,19,20,1,3,4,12,21,23,13,24,16,8],[22,10,18,14,6,5,17,19,7,2,9,11,20,1,3,4,12,21,23,24,13,15,8,16],[2,14,10,6,22,18,5,17,7,9,11,19,20,1,3,12,4,21,23,16,15,24,8,13],[10,18,2,22,6,5,17,19,7,14,9,11,12,1,3,4,20,21,23,13,24,16,15,8],[10,2,14,18,6,17,5,7,22,9,11,19,20,1,3,12,4,21,23,13,24],[10,6,14,2,22,18,17,5,19,7,9,11,12,1,3,4,20,21,23,16,8,24,13,15],[6,10,14,18,5,17,19,7,22,2,9,11,12,1,3,4,20,24,23,16,15,21,13,8],[14,10,22,18,2,6,5,17,19,7,9,11,12,1,3,4,20,21,23,24,15,16],[2,18,22,14,10,6,17,5,19,7,9,11,20,1,3,4,12,24,23,13,21,15,8],[6,18,5,17,19,7,10,14,2,22,9,11,20,1,3,4,12,21,23,15,16,24,8,13],[10,14,18,22,2,6,5,17,19,7,9,11,12,1,3,20,4,24,21,23,13,16,15],[6,18,5,17,19,7,10,2,14,22,9,11,12,1,3,20,4,23,21,13,24,8,15],[2,22,10,18,14,6,5,17,7,9,11,19,12,1,3,4,20,21,23,24,13,8,16],[6,18,5,17,19,7,10,14,22,2,9,11,12,1,3,20,4,21,23,24,15,16],[14,10,6,2,18,17,5,7,22,9,19,11,12,1,3,20,4,23,21,13,24],[6,14,2,10,18,5,17,7,22,9,11,19,12,1,3,4,20,24,23,15,21,16,13],[18,14,10,2,6,17,5,19,7,22,9,11,12,1,3,4,20,21,23,13,24],[6,2,14,22,10,18,5,17,19,7,9,11,12,1,3,20,4,24,21,23,8,15,16],[14,18,2,10,6,17,5,19,7,22,9,11,20,1,3,4,12,24,23,13,16,21,8],[10,2,14,6,18,5,17,7,22,9,11,19,20,1,3,4,12,21,23,13,24,8,16],[22,2,10,6,18,17,5,7,14,9,11,19,12,1,3,20,4,21,23,15,24,16,8],[2,6,14,22,10,18,5,17,19,7,9,11,20,1,3,4,12,24,23,15,21,8,16],[10,18,14,2,22,6,5,17,19,7,9,11,20,1,3,12,4,24,23,21,13,15,16,8],[18,14,10,22,6,5,17,7,2,9,19,11,12