{"problem_id":"yVRNxXfNiUh6Hd9","sigma":75,"alpha":0.100,"cost":4,"probabilities":"[0.48, 0.02, 0.32, 0.18]","payoff_matrix":"[[-49, 67, -51, 28, -13, 76], [-35, -44, 34, 63, 167, 156], [-87, 35, -73, 49, 40, -145], [-57, -113, 58, -33, -58, -67]]","uncovered":[[1,13,9,21,5,7,23],[1,5,21,23,13,17,9,15,7],[13,9,17,1,5,21,7,23],[13,5,9,21,23,1,17,7],[9,17,21,5,7,23],[13,9,1,5,17,21,23,15,7],[5,9,1,17,13,21,7,23],[9,5,21,23,1,13,17,15,7],[13,9,1,21,17,5,7,23],[9,1,17,13,21,5,23,7],[5,1,21,7,23,13,9],[21,9,1,17,13,5,23,15,7],[21,13,17,5,23,1,9,7],[1,13,9,21,5,23,17,7],[21,1,13,17,5,23,9,15,7],[9,21,5,7,23,13,1],[1,9,21,13,17,5,23,7],[17,9,5,1,21,7,23],[17,13,9,5,1,21,7,23],[17,1,13,21,9,5,23,15,7],[5,1,21,7,23,9],[9,1,17,5,13,21,23,7],[17,13,9,21,5,7,23],[5,17,9,1,21,7,23],[1,17,5,21,23,9,13,7],[17,13,21,1,9,5,7,23],[21,5,23,9,1,17,13,15,7],[9,1,21,17,5,23,13,7],[1,9,21,17,13,5,23,7],[21,5,7,23,13,17,9],[1,21,5,23,9,17,13,7],[5,1,17,21,23,13,9,7],[1,5,17,13,21,7,23],[9,17,1,5,21,7,23],[17,13,21,9,5,23,1,15,7],[13,17,21,5,7,23,9],[17,1,9,5,21,23,13,15,7],[13,21,1,9,5,23,17,15,7],[21,17,5,23,9,13,1,15,7],[9,17,21,1,5,23,13,15,7],[9,21,5,23,1,13,17,7],[21,13,17,1,9,5,7,23],[9,5,1,13,17,21,7,23],[5,13,9,1,17,21,7,23],[5,13,21,23,17,1,9,15,7],[17,1,13,9,5,21,7,23],[13,21,17,9,5,23,1,7],[21,5,7,23,13,1,9],[17,21,13,5,7,23,9],[17,13,9,5,21,23,1,7],[21,9,5,23,1,13,17,7],[9,5,21,23,17,13,1,7],[21,13,17,1,5,23,9,7],[17,13,1,9,21,5,7,23],[5,1,13,9,21,7,23],[9,17,5,13,1,21,23,7],[17,1,5,9,21,7,23],[1,21,5,7,23,13,9],[13,1,9,5,21,7,23],[9,1,5,17,13,21,7,23],[17,21,9,5,7,23],[21,13,9,5,23,17,1,15,7],[5,21,7,23,13,17,1],[13,1,5,21,23,9,17,7],[13,9,21,17,1,5,7,23],[21,9,13,5,23,1,17,15,7],[5,17,21,23,9,1,13,7],[1,17,13,5,9,21,23,15,7],[13,9,5,1,17,21,7,23],[17,13,9,21,1,5,23,15,7],[9,21,1,5,7,23],[5,21,23,13,17,1,9,15,7],[9,5,21,23,1,13,17,7],[17,9,13,5,1,21,23,7],[13,21,5,7,23,9,17],[17,9,21,5,23,1,13,7],[13,1,9,5,17,21,23,7],[17,13,1,9,21,5,7,23],[1,5,21,7,23,9],[21,5,23,9,13,17,1,7],[17,21,13,9,5,7,23],[1,17,9,21,5,23,13,15,7],[21,5,7,23,13,9,17],[5,17,9,1,13,21,23,7],[13,21,9,17,1,5,23,7],[1,17,13,5,9,21,23,15,7],[1,5,21,7,23,17],[13,1,21,5,23,17,9,7],[17,13,9,1,21,5,23,7],[1,17,9,21,5,23,13,7],[1,21,5,7,23,17],[17,13,5,9,21,23,1,7],[1,13,9,17,21,5,23,15,7],[21,1,5,23,13,9,17,7],[13,1,21,5,23,9,17,7],[9,17,13,21,1,5,7,23],[9,5,13,21,23,1,17,15,7],[1,17,5,21,23,13,9,7],[17,21,13,9,5,7,23],[21,13,5,23,1,17,9,15,7],[1,13,5,17,21,7,23],[9,5,21,23,17,1,13,7],[21,17,9,1,5,7,23],[9,5,13,17,1,21,7,23],[17,5,13,21,7,23,9],[5,13,9,21,23,17,1,15,7],[5,1,21,7,23,9],[1,5,9,17,13,21,7,23],[17,9,13,5,21,23,1,7],[9,1,17,21,13,5,7,23],[13,5,1,17,21,23,9,7],[1,13,9,17,5,21,23,15,7],[1,9,21,5,23,13,17,7],[1,13,21,5,7,23,17],[1,9,13,17,21,5,7,23],[1,21,17,13,9,5,7,23],[17,9,13,21,5,23,1,7],[9,13,17,5,21,23,1,7],[5,17,21,23,1,9,13,7],[1,9,5,17,21,7,23],[1,17,9,21,13,5,23,7],[17,21,1,5,7,23],[5,17,9,13,1,21,7,23],[13,17,21,5,23,9,1,15,7],[1,9,13,5,21,7,23],[5,1,21,23,9,13,17,7],[13,9,5,21,23,17,1,15,7],[21,13,17,5,23,1,9,7],[5,1,9,13,17,21,7,23],[17,21,5,23,9,1,13,15,7],[5,21,7,23,1,13,17],[21,13,1,5,7,23,17],[9,21,13,17,5,23,1,7],[21,13,1,5,7,23,17],[13,5,9,1,21,23,17,15,7],[21,9,17,5,7,23],[17,1,9,13,21,5,7,23],[5,17,21,7,23,1],[5,21,23,17,9,13,1,15,7],[13,17,1,5,21,7,23],[17,1,21,13,9,5,7,23],[13,5,17,21,23,9,1,7],[9,13,5,21,7,23,17],[21,5,23,9,17,13,1,7],[17,21,13,9,1,5,23,7],[1,5,13,9,21,23,17,7],[5,1,13,21,23,17,9,15,7],[5,17,13,1,9,21,7,23],[5,17,9,13,1,21,23,15,7],[1,9,5,13,21,7,23],[9,17,5,13,21,7,23],[17,21,1,9,5,23,13,15,7],[21,5,7,23,9,13,17],[17,21,13,1,9,5,7,23],[1,17,13,9,5,21,7,23],[13,1,9,21,5,23,17,15,7],[13,17,9,21,1,5,23,7],[17,9,21,5,23,13,1,7],[1,17,9,21,5,23,13,15,7],[1,13,5,21,23,17,9,15,7],[1,5,9,13,17,21,7,23],[1,5,17,13,9,21,23,15,7],[5,9,17,21,23,13,1,7],[5,21,7,23,9,13,1],[5,13,17,21,7,23,9],[1,17,9,13,5,21,7,23],[1,5,9,13,21,23,17,7],[1,9,5,17,21,7,23],[5,13,1,9,17,21,7,23],[21,9,13,17,1,5,23,15,7],[21,1,5,23,9,13,17,7],[13,1,5,21,7,23,17],[13,9,17,5,1,21,7,23],[21,13,17,5,23,9,1,7],[21,17,5,7,23,1],[9,17,13,21,5,23,1,15,7],[5,17,21,7,23,1],[9,13,17,1,21,5,7,23],[5,17,21,7,23,9],[17,5,21,23,1,9,13,15,7],[21,1,17,13,5,7,23],[9,13,21,5,23,17,1,7],[9,17,5,21,23,13,1,7],[9,1,17,13,5,21,23,15,7],[9,21,5,7,23,13,17],[17,9,13,21,1,5,7,23],[13,21,17,5,23,1,9,7],[5,17,21,7,23,9],[13,17,1,5,9,21,7,23],[9,21,13,1,5,7,23],[5,1,13,9,17,21,7,23],[17,13,21,1,9,5,7,23],[13,1,17,5,9,21,7,23],[17,13,5,1,9,21,23,15,7],[1,13,5,17,9,21,7,23],[21,9,17,1,5,23,13,15,7],[1,5,21,7,23,17],[13,5,21,7,23,17,1],[5,1,9,13,17,21,23,7],[9,21,13,1,5,23,17,15,7],[5,1,13,9,21,23,17,15,7],[17,5,21,23,9,13,1,7],[1,9,17,13,21,5,7,23],[13,9,17,5,1,21,23,15,7],[17,9,21,1,13,5,23,15,7],[5,1,9,13,17,21,7,23],[5,21,7,23,1,9],[17,9,13,5,1,21,23,7],[5,13,21,23,9,1,17,15,7],[1,13,17,21,9,5,23,15,7],[5,17,1,13,9,21,7,23],[13,5,17,21,7,23,9],[5,9,1,17,13,21,23,7],[5,13,1,21,23,17,9,7],[21,13,9,5,7,23,1],[9,1,13,5,17,21,7,23],[17,5,21,23,13,1,9,7],[9,1,21,5,23,13,17,7],[9,13,17,5,1,21,7,23],[9,5,21,7,23,13,1],[9,1,21,13,5,7,23],[21,17,5,23,9,1,13,7],[1,17,5,13,9,21,7,23],[21,1,9,13,5,23,17,15,7],[17,13,9,21,5,7,23],[13,17,9,21,5,23,1,7],[1,9,17,13,21,5,7,23],[17,9,21,5,23,13,1,15,7],[9,5,13,1,21,7,23],[17,13,5,21,7,23,1],[1,17,9,21,13,5,7,23],[17,21,13,5,23,9,1,7],[1,21,9,5,7,23],[17,1,21,13,5,23,9,7],[5,9,13,21,23,1,17,15,7],[1,21,5,23,9,17,13,7],[9,21,17,13,1,5,7,23],[13,21,17,1,5,23,9,15,7],[21,9,13,5,7,23,1],[21,13,17,1,5,7,23],[21,9,17,5,7,23],[5,17,1,21,23,13,9,15,7],[5,13,9,17,1,21,7,23],[13,21,5,7,23,9,17],[17,9,21,13,5,7,23],[13,5,21,7,23,1,9],[1,21,13,9,17,5,7,23],[1,9,5,13,17,21,7,23],[1,17,21,9,13,5,7,23],[9,21,1,5,23,13,17,7],[9,17,1,5,13,21,7,23],[9,21,5,23,13,17,1,7],[5,9,21,7,23,13,1],[13,1,9,5,17,21,23,7],[9,21,5,23,1,17,13,7],[17,5,1,9,21,7,23],[21,9,17,5,7,23],[5,1,17,13,21,23,9,7],[1,21,13,9,17,5,23,7],[1,17,21,5,7,23],[5,17,21,23,9,13,1,7],[9,13,21,17,1,5,23,7],[1,21,17,5,23,9,13,15,7],[1,9,5,17,21,7,23],[9,17,5,21,7,23],[21,13,17,5,7,23,1],[21,5,23,9,17,13,1,15,7],[5,13,21,23,17,1,9,15,7],[13,5,17,1,21,23,9,7],[1,9,17,13,5,21,7,23],[1,13,5,9,17,21,7,23],[13,21,9,17,1,5,7,23],[17,21,13,9,1,5,23,7],[21,13,17,1,9,5,23,7],[13,17,9,21,1,5,7,23],[5,9,13,17,1,21,23,7],[13,1,17,5,21,23,9,15,7],[17,5,21,23,9,1,13,15,7],[13,21,5,7,23,17,1],[17,9,1,5,21,23,13,15,7],[21,13,1,5,7,23,9],[9,13,21,1,5,23,17,7],[5,1,13,17,21,23,9,15,7],[17,9,5,13,21,23,1,15,7],[5,21,23,17,13,1,9,7],[9,1,13,17,5,21,23,7],[1,13,9,17,21,5,23,7],[17,1,5,21,7,23],[21,17,13,9,1,5,23,15,7],[5,17,21,23,13,1,9,15,7],[13,21,17,9,5,7,23],[17,5,1,21,7,23],[5,17,1,21,7,23],[13,21,17,1,5,7,23],[1,13,5,9,17,21,23,7],[5,9,17,1,13,21,23,7],[5,9,17,21,7,23],[17,9,21,5,7,23],[9,5,13,21,7,23,17],[9,1,21,17,13,5,7,23],[17,5,21,7,23,9],[1,13,9,21,17,5,7,23],[13,9,1,17,5,21,23,7],[1,21,17,9,5,7,23],[13,21,17,1,5,7,23],[5,17,1,9,13,21,7,23],[5,21,23,1,17,13,9,15,7],[9,21,1,5,23,17,13,7],[17,9,21,5,7,23],[9,17,13,1,5,21,23,7],[13,21,9,1,17,5,23,15,7],[21,9,5,23,17,13,1,15,7],[13,5,9,21,23,17,1,7],[1,17,13,21,9,5,7,23],[21,5,23,17,1,13,9,15,7],[1,5,17,13,9,21,23,7],[13,17,1,9,21,5,7,23],[9,5,21,7,23,17],[1,5,17,21,23,9,13,7],[17,13,21,1,5,7,23],[9,5,13,17,21,23,1,7],[1,13,17,21,9,5,7,23],[17,13,9,5,21,7,23],[17,21,5,23,1,9,13,15,7],[21,9,17,1,5,7,23],[17,1,21,9,13,5,7,23],[9,17,21,5,23,13,1,15,7],[17,1,13,5,9,21,7,23],[9,5,1,21,23,13,17,7],[1,9,21,13,5,23,17,15,7],[17,21,5,7,23,9],[5,1,21,7,23,13,17],[9,21,13,1,17,5,7,23],[21,13,17,1,5,23,9,7],[9,5,1,13,17,21,7,23],[9,21,13,5,23,1,17,15,7],[13,5,21,7,23,17,1],[9,1,17,21,5,23,13,7],[9,13,1,5,21,7,23],[13,1,17,5,9,21,7,23],[1,13,5,9,17,21,7,23],[21,5,7,23,9,17],[13,1,9,5,17,21,23,15,7],[13,1,5,21,7,23,9],[5,1,13,21,23,17,9,7],[9,5,17,13,21,7,23],[5,21,23,9,1,17,13,15,7],[5,21,7,23,9,13,1],[13,9,1,5,17,21,23,7],[13,21,5,7,23,9,1],[5,13,9,21,7,23,1],[17,1,9,21,13,5,23,7],[21,13,1,9,5,7,23],[17,1,9,5,21,7,23],[13,17,1,5,21,7,23],[5,9,13,17,1,21,7,23],[9,1,13,21,17,5,7,23],[13,1,9,21,17,5,7,23],[13,21,17,5,7,23,9],[21,1,13,5,7,23,17],[9,21,1,13,17,5,23,7],[9,21,13,17,1,5,23,7],[5,9,17,13,21,23,1,15,7],[17,1,13,21,5,7,23],[5,1,21,7,23,9],[9,13,5,17,1,21,23,7],[13,1,21,17,5,7,23],[9,17,5,13,21,23,1,15,7],[13,5,17,1,21,7,23],[5,13,1,9,21,7,23],[21,5,7,23,1,9],[1,17,21,13,9,5,23,7],[21,17,13,1,9,5,23,15,7],[1,21,5,7,23,17],[21,9,5,23,1,13,17,7],[5,1,13,9,17,21,7,23],[9,21,17,5,23,13,1,7],[9,17,1,21,13,5,23,7],[17,21,13,9,5,23,1,7],[17,9,5,1,13,21,23,7],[1,17,21,5,23,13,9,7],[9,17,21,1,5,23,13,7],[9,21,5,23,1,17,13,15,7],[13,21,9,5,7,23,1],[1,13,21,17,5,7,23],[5,21,23,9,1,13,17,7],[9,5,13,21,23,1,17,7],[13,5,17,1,21,7,23],[9,1,5,13,21,23,17,15,7],[17,13,5,21,7,23,1],[21,17,13,1,9,5,23,15,7],[17,1,13,5,9,21,23,7],[13,5,17,21,7,23,9],[17,1,5,21,23,9,13,15,7],[1,13,5,9,21,7,23],[5,1,9,17,13,21,23,7],[5,17,1,21,7,23],[21,13,5,7,23,9,1],[17,5,21,23,9,13,1,7],[5,1,9,21,7,23],[9,21,17,1,13,5,7,23],[5,13,17,1,21,7,23],[17,13,9,21,1,5,23,15,7],[9,1,13,17,21,5,7,23],[21,9,1,17,5,7,23],[21,1,9,13,17,5,23,15,7],[21,17,9,5,7,23],[13,1,21,17,5,23,9,7],[13,9,1,5,17,21,7,23],[5,21,7,23,17,13,1],[9,1,17,5,13,21,23,7],[17,9,1,5,13,21,7,23],[9,17,5,1,13,21,7,23],[1,13,5,9,17,21,7,23],[21,13,17,5,23,1,9,15,7],[13,9,21,5,7,23,1],[5,21,23,13,1,17,9,7],[9,21,5,7,23,1],[1,17,13,9,21,5,7,23],[17,9,1,21,13,5,7,23],[21,17,13,1,9,5,7,23],[5,21,23,1,9,13,17,7],[1,17,13,21,5,7,23],[5,17,1,9,21,7,23],[21,5,7,23,13,17,9],[21,13,1,9,5,7,23],[17,1,21,5,23,9,13,15,7],[13,5,1,17,9,21,23,15,7],[5,9,1,21,7,23],[17,9,5,21,23,13,1,15,7],[5,21,23,1,13,17,9,15,7],[1,5,17,13,21,23,9,15,7],[13,17,9,5,1,21,23,15,7],[9,13,5,21,23,17,1,7],[1,9,17,21,13,5,23,7],[5,13,9,21,23,1,17,15,7],[21,1,5,7,23,17],[17,9,13,1,5,21,23,15,7],[9,5,21,7,23,13,1],[21,13,17,1,9,5,23,15,7],[1,21,5,7,23,13,17],[5,1,13,17,21,23,9,7],[5,9,13,21,7,23,1],[17,21,5,23,1,9,13,15,7],[13,9,5,17,1,21,23,7],[5,21,23,9,1,13,17,7],[21,5,7,23,1,17],[9,1,21,5,23,17,13,7],[5,1,13,17,9,21,7,23],[17,1,13,21,5,7,23],[13,5,9,1,17,21,23,15,7],[9,13,21,17,1,5,7,23],[17,1,13,21,9,5,7,23],[5,13,9,21,7,23,1],[17,1,21,9,13,5,7,23],[5,17,9,21,23,13,1,15,7],[1,17,5,13,21,7,23],[13,21,17,5,23,9,1,15,7],[5,1,9,17,21,7,23],[1,13,9,21,5,23,17,15,7],[9,21,13,1,5,7,23],[17,5,1,13,21,7,23],[9,21,17,13,1,5,23,7],[17,1,21,5,23,13,9,7],[17,9,13,5,1,21,7,23],[9,17,5,21,7,23],[9,17,21,1,13,5,7,23],[17,5,13,9,1,21,7,23],[5,21,23,17,9,13,1,7],[17,9,1,5,21,23,13,15,7],[13,21,5,7,23,17,1],[17,21,5,7,23,13,9],[21,13,17,1,5,7,23],[13,5,9,17,21,7,23],[9,21,1,5,23,17,13,7],[1,13,9,17,21,5,23,7],[21,9,5,7,23,1],[9,1,21,13,17,5,23,15,7],[5,13,21,23,1,9,17,15,7],[17,1,5,21,23,13,9,15,7],[17,1,5,13,21,7,23],[5,1,9,17,13,21,23,7],[9,13,21,17,5,23,1,15,7],[21,1,17,13,5,7,23],[5,9,21,23,1,17,13,15,7],[17,9,1,21,5,23,13,7],[13,17,9,5,1,21,7,23],[9,13,5,1,17,21,7,23],[13,9,21,17,5,7,23],[1,17,9,21,13,5,23,7],[5,9,17,21,7,23],[21,5,7,23,17,9],[1,9,5,13,17,21,7,23],[17,13,9,1,21,5,23,15,7],[5,21,7,23,9,13,1],[5,1,9,13,21,7,23],[9,13,1,21,17,5,7,23],[13,9,21,5,23,17,1,7],[5,17,13,9,1,21,23,7],[5,1,21,7,23,9],[17,21,13,9,1,5,23,7],[13,9,21,5,7,23,1],[1,17,21,13,9,5,7,23],[21,9,5,7,23,1],[5,21,23,13,17,9,1,15,7],[9,1,13,21,17,5,23,15,7],[9,5,13,17,1,21,7,23],[21,5,23,13,17,9,1,15,7],[21,1,13,5,23,9,17,7],[1,13,9,17,21,5,7,23],[13,21,9,17,5,23,1,7],[17,21,5,23,13,1,9,7],[9,5,17,21,23,13,1,15,7],[9,1,5,17,13,21,7,23],[17,5,21,7,23,1],[17,5,1,9,21,23,13,15,7],[5,17,13,9,21,23,1,15,7],[1,21,5,23,17,13,9,15,7],[9,13,21,5,7,23,1],[21,5,7,23,9,17],[9,5,17,13,21,7,23],[9,17,13,1,21,5,7,23],[5,9,17,13,1,21,23,15,7],[9,13,5,17,21,7,23],[21,9,17,13,1,5,7,23],[17,5,1,13,9,21,7,23],[5,17,21,23,13,1,9,7],[5,1,9,13,21,7,23],[21,5,7,23,9,13,17],[21,5,7,23,17,1],[21,1,5,23,9,17,13,15,7],[9,17,1,5,21,23,13,7],[5,9,21,23,17,1,13,7],[21,13,1,5,23,9,17,15,7],[9,13,21,1,5,23,17,7],[9,17,5,13,1,21,23,15,7],[9,13,5,17,21,23,1,7],[5,1,21,23,9,17,13,15,7],[13,1,21,17,5,7,23],[9,21,5,7,23,13,1],[13,1,9,17,5,21,23,15,7],[17,13,9,21,1,5,23,7],[21,5,23,1,17,13,9,7],[1,21,5,7,23,9],[21,13,9,1,5,7,23],[1,13,17,21,5,23,9,7],[9,17,1,13,21,5,7,23],[9,1,17,21,5,7,23],[5,21,23,1,17,13,9,15,7],[13,21,9,17,1,5,7,23],[5,1,9,17,21,23,13,7],[5,1,21,7,23,9],[1,9,17,21,5,23,13,15,7],[21,9,1,17,5,23,13,15,7],[9,13,17,21,1,5,23,15,7],[5,17,21,23,13,1,9,7],[21,5,7,23,13,17,1],[1,13,5,9,17,21,7,23],[17,1,13,9,21,5,7,23],[9,13,5,21,7,23,17],[1,17,5,21,23,13,9,15,7],[1,9,21,17,13,5,7,23],[17,9,1,21,13,5,23,7],[13,9,5,1,21,7,23],[13,5,21,23,17,1,9,15,7],[5,13,1,9,17,21,23,7],[17,9,21,5,7,23],[13,9,21,5,7,23,17],[1,13,21,9,17,5,7,23],[21,5,7,23,13,9,17],[5,9,1,21,23,17,13,15,7],[5,13,17,9,1,21,7,23],[5,1,9,13,17,21,7,23],[17,1,9,13,21,5,7,23],[5,21,7,23,13,17,1],[21,5,7,23,9,17],[9,1,21,13,17,5,7,23],[1,13,21,5,7,23,17],[21,9,13,17,1,5,7,23],[13,17,1,21,9,5,23,7],[13,21,9,1,17,5,7,23],[17,1,5,9,13,21,7,23],[1,5,17,21,7,23],[9,5,21,7,23,1],[17,9,1,5,13,21,7,23],[9,1,5,21,7,23],[13,1,21,17,5,23,9,7],[17,21,9,13,5,7,23],[1,13,21,5,7,23,17],[13,9,5,21,7,23,17],[17,13,5,9,21,23,1,15,7],[17,9,5,13,1,21,7,23],[1,17,5,9,13,21,23,15,7],[9,17,21,13,5,23,1,7],[9,17,21,1,5,23,13,7],[9,1,5,13,21,7,23],[1,17,13,21,5,23,9,7],[21,5,23,13,17,1,9,7],[13,17,21,5,23,9,1,7],[21,17,9,5,23,13,1,7],[17,21,1,13,5,7,23],[21,17,9,5,23,13,1,15,7],[1,5,17,13,9,21,7,23],[5,9,1,21,7,23],[17,13,1,5,21,23,9,15,7],[17,1,13,21,5,23,9,15,7],[21,5,7,23,17,1],[21,9,5,23,17,13,1,15,7],[17,1,5,21,7,23],[21,17,5,23,13,9,1,7],[1,17,13,5,21,23,9,15,7],[5,13,1,17,21,23,9,7],[5,13,17,21,23,1,9,7],[21,1,5,23,17,13,9,15,7],[13,5,17,9,1,21,23,15,7],[17,5,1,21,23,9,13,15,7],[13,1,9,21,17,5,7,23],[21,17,1,13,5,7,23],[9,21,13,1,5,7,23],[1,13,5,21,23,9,17,15,7],[13,21,1,17,5,23,9,7],[1,13,21,5,7,23,9],[17,21,1,9,13,5,7,23],[5,13,1,17,9,21,23,15,7],[1,13,21,5,23,9,17,15,7],[17,5,21,23,13,9,1,15,7],[5,13,1,17,21,7,23],[17,13,1,5,9,21,23,15,7],[1,5,9,21,23,13,17,15,7],[5,21,7,23,9,13,1],[1,17,21,9,5,7,23],[5,17,1,21,23,13,9,7],[21,13,1,17,9,5,23,7],[21,5,23,1,13,17,9,7],[9,13,17,21,1,5,23,15,7],[21,1,13,5,23,17,9,7],[17,5,9,21,7,23],[21,9,17,5,23,13,1,7],[1,21,9,5,7,23],[21,1,9,17,13,5,7,23],[5,13,21,7,23,9,1],[17,13,1,21,5,7,23],[5,21,7,23,17,13,9],[1,13,21,9,17,5,7,23],[21,5,23,13,1,9,17,15,7],[21,9,13,5,7,23,1],[13,17,5,1,21,7,23],[21,13,5,23,17,1,9,7],[9,1,13,5,17,21,7,23],[5,21,7,23,1,9],[9,17,21,13,5,23,1,7],[1,13,5,17,9,21,23,7],[1,13,9,17,5,21,7,23],[5,21,7,23,9,1],[17,5,21,7,23,9],[17,13,21,5,7,23,1],[9,13,1,21,5,7,23],[1,5,9,21,7,23],[9,5,17,13,1,21,23,7],[9,1,5,13,17,21,7,23],[9,5,13,21,7,23,17],[21,13,5,23,17,1,9,15,7],[5,9,13,17,1,21,7,23],[9,17,1,21,5,23,13,15,7],[17,21,1,9,5,23,13,15,7],[13,5,21,7,23,9,1],[17,1,5,9,13,21,7,23],[17,13,21,1,5,23,9,7],[13,1,5,21,23,17,9,7],[13,5,1,9,21,23,17,7],[21,1,5,23,9,17,13,15,7],[9,17,13,1,21,5,7,23],[17,13,1,21,5,23,9,15,7],[5,13,21,23,17,1,9,7],[13,21,1,17,9,5,23,15,7],[17,1,13,9,5,21,7,23],[17,1,9,13,5,21,7,23],[5,1,13,9,21,23,17,7],[5,1,21,7,23,13,9],[17,5,21,23,9,1,13,7],[17,1,21,5,7,23],[13,21,1,9,17,5,23,15,7],[21,5,7,23,17,1],[1,21,9,5,7,23],[17,1,13,5,9,21,7,23],[1,17,9,21,5,7,23],[9,5,1,13,17,21,23,15,7],[17,1,13,21,5,23,9,15,7],[5,13,9,1,17,21,7,23],[21,5,23,17,9,1,13,15,7],[9,1,13,5,17,21,7,23],[13,9,5,1,21,7,23],[13,5,21,7,23,9,1],[13,21,9,17,1,5,23,15,7],[9,5,17,21,23,1,13,7],[17,21,1,5,7,23],[17,13,21,1,9,5,7,23],[5,9,13,1,17,21,7,23],[9,1,5,21,7,23],[21,13,17,5,23,1,9,7],[13,17,9,21,5,23,1,15,7],[13,1,9,5,21,23,17,15,7],[1,9,21,5,7,23],[13,9,5,21,7,23,17],[5,17,9,21,7,23],[5,17,1,21,23,9,13,15,7],[1,9,21,13,17,5,7,23],[17,21,5,23,9,1,13,15,7],[17,5,9,1,21,23,13,15,7],[13,9,21,5,7,23,17],[1,17,5,9,21,7,23],[13,1,17,9,21,5,7,23],[9,1,13,17,21,5,23,7],[5,21,23,9,13,1,17,15,7],[13,1,9,17,5,21,23,7],[13,5,17,21,7,23,1],[1,17,13,9,5,21,7,23],[5,17,1,21,23,9,13,7],[13,1,17,9,21,5,7,23],[9,1,5,17,13,21,7,23],[17,5,9,21,23,13,1,15,7],[1,9,21,5,23,17,13,15,7],[1,13,17,5,9,21,7,23],[13,9,17,5,21,23,1,7],[13,17,21,5,7,23,9],[21,9,13,5,23,17,1,15,7],[1,5,13,21,7,23,17],[5,9,13,17,1,21,7,23],[21,5,7,23,13,1,17],[9,17,13,5,21,7,23],[17,5,13,21,7,23,1],[21,5,23,13,9,1,17,15,7],[17,5,13,21,23,9,1,15,7],[5,21,7,23,17,13,1],[9,21,13,17,1,5,7,23],[5,1,9,17,21,23,13,15,7],[17,5,1,9,13,21,23,7],[5,21,7,23,9,17],[9,21,13,17,5,23,1,7],[1,5,13,21,23,17,9,15,7],[21,1,9,5,23,13,17,7],[17,9,21,1,13,5,23,15,7],[9,21,5,23,17,13,1,15,7],[21,17,9,1,13,5,23,7],[17,21,1,9,13,5,7,23],[13,1,9,17,21,5,23,15,7],[9,1,5,13,21,23,17,15,7],[5,17,9,1,13,21,7,23],[13,17,21,1,9,5,23,7],[13,1,5,17,21,23,9,15,7],[13,5,21,7,23,17,1],[13,9,21,17,1,5,23,7],[9,1,13,17,5,21,23,7],[1,9,17,5,21,23,13,15,7],[21,13,1,9,5,23,17,7],[5,17,9,21,7,23],[17,9,5,1,13,21,23,7],[1,17,21,13,5,23,9,15,7],[5,17,1,9,13,21,23,7],[9,5,21,23,13,1,17,15,7],[13,21,9,1,5,23,17,7],[9,1,13,17,21,5,7,23],[9,13,5,17,21,7,23],[13,21,1,5,7,23,17],[9,1,5,13,21,7,23],[9,1,13,17,5,21,7,23],[1,9,5,21,7,23],[17,21,1,9,13,5,23,7],[1,9,17,13,21,5,23,15,7],[9,1,21,17,5,23,13,15,7],[5,9,17,21,7,23],[17,13,5,1,21,7,23],[13,1,5,9,21,23,17,15,7],[5,17,1,21,7,23],[21,17,5,23,13,9,1,15,7],[1,13,9,5,21,7,23],[21,9,17,5,23,1,13,15,7],[5,21,7,23,9,13,1],[5,21,7,23,13,9,1],[9,5,17,1,13,21,7,23],[21,9,17,1,5,23,13,15,7],[1,21,13,5,7,23,9],[17,9,13,1,5,21,7,23],[21,13,17,5,7,23,1],[1,13,5,17,9,21,23,7],[13,17,9,1,21,5,23,15,7],[5,1,13,21,7,23,9],[9,13,5,1,21,7,23],[17,13,5,21,23,9,1,15,7],[5,9,1,21,23,17,13,15,7],[13,17,5,9,21,23,1,7],[9,13,5,21,23,1,17,7],[21,9,17,1,5,23,13,7],[5,13,1,9,21,23,17,7],[5,9,13,1,21,23,17,15,7],[9,17,1,21,5,7,23],[13,21,9,1,5,23,17,7],[21,5,7,23,13,17,9],[13,5,9,1,21,23,17,15,7],[21,1,17,9,13,5,23,7],[17,1,21,9,5,7,23],[5,13,17,9,1,21,23,7],[21,17,5,23,9,1,13,7],[9,21,13,17,5,7,23],[5,17,21,7,23,1],[1,17,9,5,21,23,13,15,7],[9,1,17,13,21,5,23,7],[13,9,1,21,17,5,7,23],[17,21,1,13,5,7,23],[9,5,21,23,13,17,1,15,7],[9,1,5,13,21,23,17,7],[9,13,1,5,17,21,23,15,7],[1,21,17,5,7,23],[5,21,7,23,13,9,17],[5,13,21,23,1,9,17,15,7],[17,21,5,23,9,13,1,7],[21,13,5,23,9,17,1,7],[5,9,13,17,21,7,23],[17,1,5,9,13,21,23,15,7],[9,13,21,5,7,23,1],[9,5,13,17,21,7,23],[1,9,17,5,21,7,23],[5,13,17,9,21,7,23],[1,17,13,9,21,5,23,15,7],[21,17,5,23,9,1,13,7],[1,5,13,17,9,21,7,23],[21,17,1,13,9,5,7,23],[17,9,1,13,21,5,7,23],[17,13,9,1,21,5,7,23],[9,21,5,23,17,1,13,7],[9,5,21,7,23,13,17],[21,13,17,9,5,7,23],[9,21,1,13,5,23,17,7],[17,21,13,5,23,1,9,15,7],[17,9,21,5,7,23],[17,9,13,1,21,5,7,23],[17,1,21,9,5,23,13,15,7],[13,5,21,23,9,1,17,15,7],[13,5,9,1,17,21,7,23],[1,13,5,17,21,23,9,15,7],[1,5,21,7,23,17,9],[1,9,13,17,5,21,7,23],[13,9,21,5,23,17,1,7],[17,21,13,5,7,23,1],[1,13,5,17,9,21,7,23],[1,17,13,9,5,21,7,23],[1,21,17,13,9,5,7,23],[9,17,1,13,21,5,7,23],[9,13,17,21,1,5,7,23],[9,5,13,1,21,7,23],[17,9,1,5,21,23,13,7],[5,17,13,1,21,23,9,15,7],[21,5,23,13,17,1,9,15,7],[1,9,5,17,13,21,23,7],[9,17,5,21,7,23],[13,1,21,5,23,9,17,15,7],[5,9,21,7,23,13,1],[1,5,17,13,21,23,9,15,7],[17,5,13,21,7,23,9],[21,17,9,5,7,23],[13,9,21,17,1,5,23,15,7],[5,13,17,21,23,1,9,15,7],[17,21,13,5,7,23,9],[21,13,5,7,23,1,17],[5,1,13,17,21,7,23],[9,13,1,17,21,5,7,23],[5,13,21,7,23,9,17],[5,21,23,13,1,17,9,7],[21,1,13,5,23,9,17,7],[13,5,1,9,17,21,7,23],[9,5,17,21,23,1,13,7],[21,17,1,5,23,9,13,15,7],[21,17,5,7,23,1],[5,17,9,21,7,23],[21,5,7,23,1,13,9],[21,13,9,17,1,5,23,7],[9,1,21,13,5,7,23],[1,17,5,13,9,21,23,7],[5,1,21,23,17,9,13,15,7],[13,21,9,5,7,23,1],[21,1,5,23,9,13,17,15,7],[1,21,5,23,13,9,17,15,7],[5,9,1,13,17,21,7,23],[1,21,13,9,17,5,7,23],[13,17,5,9,1,21,23,15,7],[21,13,5,7,23,9,1],[21,17,9,13,1,5,23,7],[9,21,5,7,23,17],[9,17,21,13,5,7,23],[5,1,9,21,7,23],[5,17,1,13,21,23,9,15,7],[21,1,9,5,7,23],[13,21,1,17,9,5,7,23],[1,21,5,23,13,17,9,7],[21,1,5,23,9,13,17,7],[1,17,13,9,21,5,23,15,7],[13,17,5,1,21,7,23],[13,21,5,7,23,9,1],[5,9,17,1,13,21,7,23],[1,5,9,17,13,21,7,23],[9,13,21,17,5,23,1,15,7],[1,17,9,13,5,21,23,7],[13,5,17,21,23,1,9,7],[21,13,1,17,9,5,7,23],[9,5,13,17,1,21,7,23],[17,1,21,5,7,23],[5,1,9,21,7,23],[21,1,9,17,5,7,23],[9,17,5,13,21,7,23],[9,21,17,1,13,5,7,23],[9,17,1,13,21,5,7,23],[9,21,1,13,17,5,7,23],[17,21,9,1,5,7,23],[9,5,17,21,7,23],[21,13,9,1,5,7,23],[17,13,21,9,1,5,7,23],[1,21,9,5,23,13,17,7],[21,17,9,13,1,5,7,23],[5,17,9,1,13,21,23,15,7],[21,13,9,1,5,7,23],[9,17,21,1,13,5,7,23],[1,13,5,17,9,21,23,7],[1,9,17,5,21,7,23],[17,5,13,21,7,23,9],[5,17,13,21,7,23,1],[17,13,1,9,21,5,7,23],[1,9,13,21,5,7,23],[1,13,17,21,9,5,23,15,7],[17,13,5,21,23,1,9,15,7],[9,1,17,5,13,21,23,7],[1,13,5,21,7,23,17],[5,1,21,23,17,13,9,7],[1,13,9,5,21,7,23],[9,1,13,21,17,5,7,23],[13,17,5,21,7,23,9],[9,1,13,5,21,23,17,15,7],[5,13,17,21,7,23,9],[21,17,1,13,5,7,23],[21,1,9,17,5,23,13,15,7],[1,5,21,7,23,17],[9,17,5,21,7,23],[9,13,17,5,21,7,23],[5,9,1,21,7,23],[17,5,1,21,23,9,13,7],[9,1,21,5,7,23],[1,17,21,5,23,13,9,15,7],[9,1,5,21,7,23],[17,9,21,13,1,5,7,23],[9,13,5,1,21,23,17,15,7],[5,21,23,13,9,1,17,7],[13,21,1,17,9,5,7,23],[5,9,13,21,7,23,17],[17,1,13,5,21,7,23],[21,13,5,23,1,17,9,7],[13,1,21,5,7,23,9],[9,17,1,21,13,5,7,23],[13,5,21,23,9,17,1,15,7],[9,17,1,21,5,7,23],[21,9,17,5,23,1,13,15,7],[21,13,17,5,7,23,9],[1,17,9,5,21,23,13,7],[5,1,17,13,21,23,9,7],[21,5,23,9,13,17,1,7],[5,1,17,13,21,23,9,15,7],[5,9,17,21,23,1,13,15,7],[5,13,9,17,1,21,23,15,7],[1,17,21,9,13,5,7,23],[5,1,21,7,23,17],[17,9,5,21,23,1,13,15,7],[21,5,23,1,9,13,17,15,7],[5,9,1,13,17,21,7,23],[13,21,9,5,7,23,1],[17,1,21,13,5,7,23],[1,5,21,7,23,9],[21,13,1,9,17,5,23,7],[9,5,21,7,23,17],[13,1,5,17,21,23,9,15,7],[5,9,1,21,23,13,17,7],[1,9,17,5,13,21,23,15,7],[17,13,21,5,23,9,1,15,7],[17,13,9,5,21,23,1,7],[13,17,5,1,21,7,23],[1,5,17,9,21,7,23],[9,5,17,21,7,23],[21,9,5,7,23,13,17],[21,5,7,23,13,1,17],[17,5,1,21,23,9,13,7],[13,9,17,1,5,21,7,23],[9,21,5,23,17,13,1,7],[21,9,13,5,7,23,1],[9,1,21,5,7,23],[13,21,9,1,17,5,7,23],[1,21,5,23,17,9,13,15,7],[17,13,5,21,23,1,9,7],[13,9,5,21,7,23,1],[9,17,21,13,1,5,7,23],[9,21,1,13,17,5,7,23],[13,21,9,17,1,5,7,23],[21,1,5,23,9,17,13,7],[13,5,1,17,9,21,7,23]]}