{"problem_id":"aIfvrznIQLqTBd0","sigma":75,"alpha":3.162,"cost":1,"probabilities":"[0.31, 0.33, 0.09, 0.27]","payoff_matrix":"[[82, 45, 5, -120, -5, -22], [-3, -132, 45, 78, 5, 2], [-12, -14, 14, -43, 10, 89], [-114, 72, 25, 56, 74, 101]]","uncovered":[[18,2,14,22],[6,10,14,9,13,18,2,22,17],[18,22,10,2,14,9,13,6,17],[6,22,10,2,18,14,13,17,9],[10,6,14,13,22,2,18,9,17],[18,22,14,6],[22,18,10,14,9,13,6,2,17],[14,6],[22,18,6,10,14,9,13,2,17],[10,18,2,6,14,9,13,22,17],[14,22,6],[18,14,6],[18,22,6,2,10,14,13,9,17],[18,22,2,14],[18,6,2,10,22,14,9,13,17],[22,6,2,14],[2,10,14,13,6,22,18,9,17],[22,2,10,14,9,13,6,18,17],[22,10,2,14,13,18,6,9,17],[10,22,18,6,14,13,2,9,17],[14,18,6],[22,2,6,14],[18,10,6,14,9,13,2,22,17],[6,22,2,14],[22,14,6],[10,2,18,14,9,13,22,6,17],[10,18,22,6,2,14,13,9,17],[2,14,18],[22,10,18,14,13,6,2,9,17],[14,10,13,6,2,18,22,17,21,9],[18,10,2,22,14,9,13,6,17],[6,14],[14,2,22],[10,6,14,13,2,22,18,9,17],[2,18,6,14],[2,10,18,14,9,13,6,22,17],[18,22,14,2],[2,22,14],[18,14,10,13,22,6,2,9,17],[6,22,10,18,14,13,2,17,9],[14,18,22,2],[10,22,14,9,13,2,18,6,17],[10,2,18,6,22,14,9,13,17],[10,22,18,6,2,14,13,17,21,9],[18,6,22,2,14],[2,10,22,6,14,13,18,17,21,9],[6,2,18,22,10,14,13,9,17],[14,2,22],[14,6],[2,10,22,18,14,13,6,9,17],[22,10,14,13,2,18,6,17,21,9],[22,6,10,18,14,9,13,2,17],[6,14],[14,2,18],[22,14,10,13,6,18,2,9,17],[2,22,14],[6,2,10,14,13,18,22,17,21,9],[10,22,18,6,14,9,13,2,17],[2,22,10,14,13,18,6,17,21,9],[22,6,10,14,13,18,2,17,9],[10,22,18,6,2,14,9,13,17],[22,2,10,18,14,9,13,6,17],[22,18,6,14],[14,6],[14,18,6],[6,10,22,14,9,13,2,18,17],[10,14,13,6,22,2,18,17,21,9],[22,18,14,10,13,6,2,9,17],[2,6,14],[22,6,18,14],[2,18,6,14],[22,6,14],[22,2,10,18,6,14,9,13,17],[22,18,6,2,14],[10,2,22,18,14,9,13,6,17],[6,14],[22,14,18,2],[10,14,13,2,6,22,18,9,17],[14,2,6],[6,18,14],[18,6,2,22,14],[22,2,14],[18,2,10,22,6,14,13,9,17],[18,14,6],[6,14],[18,22,14,10,13,6,2,9,17],[2,14,22],[22,6,18,14],[14,2,22],[10,18,6,14,13,2,22,17,21,9],[2,18,22,6,14],[22,10,18,14,13,2,6,9,17],[18,14,2,6],[6,22,18,2,10,14,9,13,17],[2,22,10,6,14,13,18,9,17],[18,22,10,6,14,13,2,9,17],[18,2,6,10,22,14,9,13,17],[6,14],[10,14,9,13,22,2,18,6,17],[18,10,6,14,13,22,2,9,17],[2,10,6,18,22,14,13,9,17],[10,18,22,14,13,2,6,17,9],[2,10,22,14,13,18,6,17,9],[6,22,2,14],[22,2,6,14],[18,14,10,9,13,2,6,22,17],[22,14,18],[14,22,2],[22,2,18,14],[10,22,6,14,9,13,18,2,17],[6,22,10,18,2,14,13,17,21,9],[6,14],[6,14],[22,6,2,18,10,14,13,9,17],[2,18,6,10,14,9,13,22,17],[10,14,9,13,18,2,22,6,17],[18,22,6,10,2,14,9,13,17],[18,10,6,2,14,9,13,22,17],[18,14,6],[2,6,18,10,14,9,13,22,17],[14,2,22],[14,6],[10,2,22,18,6,14,9,13,17],[18,14,22,2],[14,22,18,6],[18,2,14,10,9,13,6,22,17],[2,10,14,9,13,22,18,6,17],[2,10,6,18,14,13,22,9,17],[14,2,22],[6,14],[2,18,10,22,6,14,13,17,21,9],[10,6,14,13,18,22,2,17,9],[14,2,22],[10,14,9,13,18,2,6,22,17],[22,6,2,14],[6,18,22,14],[14,18,2],[22,10,6,18,14,13,2,9,17],[2,22,14],[18,14,22],[22,18,2,10,6,14,13,17,9],[18,2,6,14],[18,6,10,2,14,13,22,9,17],[6,14],[6,14],[2,10,22,14,9,13,6,18,17],[14,18,22,6],[18,14,22,10,9,13,6,2,17],[22,10,6,2,18,14,13,9,17],[2,14,10,13,6,22,18,9,17],[14,18,22,10,13,6,2,17,21,9],[2,10,14,13,18,22,6,9,17],[6,14],[6,2,10,18,22,14,9,13,17],[10,2,6,18,14,13,22,9,17],[2,10,14,9,13,22,6,18,17],[10,6,2,22,18,14,9,13,17],[2,6,10,14,9,13,22,18,17],[14,22,2],[18,10,2,14,9,13,22,6,17],[14,22,10,13,18,2,6,17,9],[14,22,2],[10,22,2,6,14,9,13,18,17],[14,6],[14,2,6],[14,22,10,13,18,2,6,17,21,9],[14,18,22],[18,2,6,14],[22,10,6,2,14,9,13,18,17],[18,2,6,10,14,13,22,9,17],[18,6,22,10,2,14,9,13,17],[2,10,14,13,18,22,6,9,17],[18,6,2,22,14],[2,10,18,6,14,9,13,22,17],[10,22,2,18,14,9,13,6,17],[6,2,22,10,18,14,9,13,17],[22,2,18,10,14,9,13,6,17],[22,18,10,14,13,2,6,9,17],[22,2,18,6,10,14,13,17,9],[18,14,10,9,13,22,2,6,17],[18,22,2,6,14],[2,22,6,14],[2,18,14],[18,2,14],[14,6],[22,2,10,18,6,14,9,13,17],[6,2,10,22,14,13,18,17,21,9],[6,2,14],[18,14,22,10,9,13,6,2,17],[2,6,22,18,14],[14,18,2],[18,22,10,6,14,13,2,17,21,9],[10,22,18,14,9,13,2,6,17],[18,14,22,6],[18,22,14,2],[18,10,22,6,14,13,2,17,21,9],[14,10,9,13,22,6,2,18,17],[14,22,10,9,13,18,6,2,17],[10,22,18,6,2,14,9,13,17],[6,14],[18,22,6,14],[6,18,2,10,22,14,13,17,21,9],[6,2,14],[10,14,13,18,22,2,6,9,17],[2,10,18,14,9,13,22,6,17],[10,2,22,14,9,13,6,18,17],[2,18,14],[2,10,22,14,13,6,18,17,21,9],[2,22,6,14],[18,6,10,14,13,2,22,17,21,9],[22,6,14],[6,18,14],[6,14],[14,18,10,13,22,6,2,17,21,9],[10,2,22,18,6,14,13,9,17],[22,14,18],[22,18,6,10,2,14,13,17,9],[2,14,10,13,22,6,18,17,9],[18,2,10,6,22,14,9,13,17],[10,22,18,6,14,9,13,2,17],[2,18,14],[6,14],[10,18,14,9,13,6,22,2,17],[6,18,2,14],[18,2,14,6],[10,6,22,14,9,13,18,2,17],[6,10,14,13,18,2,22,9,17],[14,6],[14,22,2],[22,10,2,18,6,14,9,13,17],[18,22,6,14],[10,18,2,6,22,14,9,13,17],[14,18,2],[2,10,22,14,9,13,6,18,17],[18,2,22,14],[22,6,10,18,14,9,13,2,17],[2,6,18,22,14],[6,18,10,14,13,22,2,9,17],[2,10,14,13,22,18,6,17,9],[6,10,22,14,13,2,18,17,9],[22,6,2,18,14],[18,6,14],[2,14,18],[10,2,14,13,22,6,18,9,17],[6,22,18,14],[18,6,22,10,2,14,9,13,17],[22,6,10,18,2,14,13,17,21,9],[14,18,2],[2,18,22,6,10,14,13,17,21,9],[18,14,10,13,22,6,2,9,17],[14,6],[6,22,14],[2,10,22,18,14,9,13,6,17],[2,6,22,10,14,9,13,18,17],[2,22,6,14],[22,18,10,6,14,9,13,2,17],[22,10,18,14,13,2,6,9,17],[10,18,14,13,2,22,6,17,21,9],[10,14,13,6,22,18,2,17,21,9],[2,10,18,6,22,14,13,17,21,9],[6,22,18,2,10,14,9,13,17],[6,22,14],[22,2,10,14,13,6,18,17,21,9],[2,10,22,18,6,14,13,17,21,9],[18,2,6,14],[6,18,14],[2,10,22,14,9,13,6,18,17],[14,6],[10,6,14,13,22,18,2,17,9],[14,6],[6,10,2,14,9,13,18,22,17],[22,6,2,10,14,9,13,18,17],[2,6,10,18,14,13,22,9,17],[22,10,14,13,2,6,18,17,21,9],[22,14,2],[10,14,13,6,22,18,2,9,17],[14,10,13,2,22,18,6,9,17],[2,10,18,22,14,9,13,6,17],[2,14,6],[22,14,2],[6,18,2,10,14,9,13,22,17],[22,6,10,2,18,14,13,17,21,9],[10,14,13,2,18,6,22,17,9],[22,18,6,2,10,14,13,9,17],[10,2,14,9,13,6,22,18,17],[22,18,10,2,6,14,9,13,17],[2,22,6,14],[14,10,13,22,18,6,2,17,9],[6,22,14],[22,10,6,14,9,13,18,2,17],[14,18,6],[2,10,14,13,22,18,6,9,17],[10,14,13,22,18,6,2,17,21,9],[22,2,14],[14,10,9,13,22,2,18,6,17],[14,10,13,2,18,6,22,9,17],[22,18,10,2,14,13,6,17,21,9],[2,22,18,6,10,14,13,9,17],[10,22,18,14,9,13,2,6,17],[6,14],[18,10,6,2,22,14,9,13,17],[10,14,9,13,6,18,22,2,17],[18,2,22,10,14,9,13,6,17],[22,10,14,9,13,18,2,6,17],[2,18,14],[14,2,18],[14,22,6],[6,2,10,22,18,14,13,17,21,9],[10,18,2,22,6,14,9,13,17],[2,6,18,14],[6,18,2,14],[14,2,22],[2,22,14],[18,22,2,14],[6,18,22,2,14],[14,2,22],[18,10,2,22,14,9,13,6,17],[10,6,2,18,22,14,9,13,17],[2,18,6,10,14,9,13,22,17],[18,22,10,6,14,9,13,2,17],[14,10,9,13,22,2,6,18,17],[6,22,10,18,2,14,9,13,17],[10,22,14,9,13,18,6,2,17],[14,6],[10,22,6,14,13,2,18,17,21,9],[18,2,6,10,14,9,13,22,17],[14,18,22,10,13,6,2,17,21,9],[18,22,2,14],[2,10,18,22,6,14,9,13,17],[14,2,6],[10,22,2,18,14,9,13,6,17],[2,6,10,22,18,14,9,13,17],[6,14],[18,22,14,2],[2,6,18,22,10,14,9,13,17],[2,6,14],[10,6,22,14,13,18,2,9,17],[14,22,6],[14,10,13,22,2,18,6,9,17],[22,6,18,10,14,9,13,2,17],[2,22,18,6,14],[22,2,18,14],[18,6,22,10,14,13,2,9,17],[18,14,10,13,22,2,6,17,9],[2,18,22,6,14],[6,22,14],[2,6,14],[22,2,6,10,18,14,9,13,17],[2,10,6,14,13,22,18,9,17],[6,2,22,10,18,14,9,13,17],[6,22,2,18,14],[14,18,2],[2,6,14],[18,10,2,14,13,6,22,9,17],[14,18,22,10,9,13,6,2,17],[18,2,22,10,6,14,13,9,17],[2,18,22,14],[2,6,18,10,14,9,13,22,17],[18,6,2,22,10,14,13,9,17],[2,22,18,10,14,9,13,6,17],[2,22,6,18,14],[22,6,14],[2,22,10,14,13,6,18,9,17],[14,10,9,13,6,22,2,18,17],[2,18,22,14],[18,14,6],[6,22,18,2,14],[14,18,2,10,13,22,6,9,17],[2,18,14],[6,2,22,18,10,14,13,17,21,9],[14,2,6],[2,14,6],[18,22,2,14],[6,14],[10,18,6,2,14,9,13,22,17],[18,14,22,10,9,13,6,2,17],[14,2,6],[22,10,14,13,6,18,2,17,21,9],[6,10,22,18,2,14,9,13,17],[2,10,14,9,13,22,18,6,17],[22,18,2,10,6,14,9,13,17],[18,14,6],[18,22,6,2,14],[18,10,6,14,13,22,2,17,9],[18,14,22,6],[2,22,10,6,18,14,13,17,21,9],[18,10,14,9,13,2,22,6,17],[2,14,6],[22,14,18,2],[2,18,10,6,14,9,13,22,17],[2,14,10,13,6,18,22,9,17],[10,14,9,13,6,18,2,22,17],[18,14,2],[22,18,2,10,6,14,13,17,21,9],[22,18,14,6],[22,2,18,6,14],[2,18,14],[2,6,22,14],[2,18,22,10,6,14,13,17,9],[18,10,14,9,13,22,6,2,17],[14,18,22,2],[6,18,10,22,14,13,2,9,17],[22,6,2,14],[22,2,10,14,9,13,6,18,17],[2,6,18,22,14],[14,2,6],[10,2,14,13,6,22,18,9,17],[2,14,18,22],[22,18,2,6,14],[22,14,6],[18,14,6],[2,14,18],[14,2,6],[22,18,14,2],[14,2,10,9,13,6,18,22,17],[18,22,6,14],[14,2,6],[18,10,2,22,6,14,9,13,17],[10,18,2,14,13,22,6,9,17],[22,18,14],[14,6],[22,6,18,10,14,13,2,17,9],[18,14,22],[10,6,22,2,14,13,18,9,17],[14,22,18,10,9,13,2,6,17],[6,2,10,22,18,14,9,13,17],[10,18,22,14,9,13,6,2,17],[14,18,2],[18,14,6],[10,14,9,13,18,22,6,2,17],[6,22,14],[14,22,18,10,9,13,6,2,17],[6,22,14],[6,2,10,22,14,9,13,18,17],[10,2,14,9,13,18,22,6,17],[10,14,9,13,18,6,22,2,17],[2,22,14],[14,2,6],[18,6,10,14,13,2,22,9,17],[22,2,10,18,6,14,13,17,21,9],[14,2,10,13,6,22,18,17,9],[22,6,10,2,18,14,9,13,17],[22,10,14,9,13,18,6,2,17],[18,6,14],[2,14,10,9,13,18,22,6,17],[18,6,22,14],[10,6,18,2,22,14,13,9,17],[6,2,18,10,22,14,13,9,17],[18,10,2,22,6,14,13,9,17],[2,22,14],[6,14],[6,18,14],[22,18,6,10,2,14,13,9,17],[10,2,6,14,13,18,22,17,9],[10,14,13,22,6,18,2,9,17],[10,2,6,22,18,14,9,13,17],[18,2,22,6,10,14,9,13,17],[22,18,10,6,14,9,13,2,17],[18,6,14],[14,2,10,13,22,6,18,17,21,9],[18,22,14,10,13,2,6,9,17],[10,14,9,13,22,18,2,6,17],[18,6,14],[2,18,6,14],[2,22,14],[10,14,9,13,6,18,2,22,17],[10,14,13,6,2,18,22,9,17],[6,22,2,18,10,14,9,13,17],[14,10,13,18,22,2,6,17,9],[6,18,2,14],[18,2,22,10,14,13,6,9,17],[14,18,10,13,6,2,22,17,9],[22,2,18,14],[14,18,10,9,13,2,6,22,17],[22,18,14,10,9,13,2,6,17],[6,10,18,22,14,13,2,9,17],[10,22,2,6,14,13,18,9,17],[6,14],[2,6,10,18,22,14,9,13,17],[10,14,9,13,2,6,18,22,17],[2,18,6,14],[14,10,13,2,22,6,18,17,21,9],[2,14,18],[14,18,22],[2,14,10,9,13,6,18,22,17],[6,2,18,14],[6,22,18,10,2,14,13,17,21,9],[14,18,10,13,6,22,2,17,21,9],[18,22,14,10,9,13,2,6,17],[6,2,10,14,9,13,22,18,17],[18,14,6],[2,22,14],[6,2,22,10,18,14,9,13,17],[14,22,18,2],[10,22,18,2,14,13,6,17,21,9],[22,18,10,6,14,13,2,17,9],[10,22,18,14,13,2,6,17,9],[6,14],[14,18,6],[18,22,6,2,10,14,13,17,21,9],[14,18,2],[18,10,14,9,13,6,2,22,17],[10,6,2,14,13,22,18,9,17],[6,18,22,14],[10,2,18,22,6,14,9,13,17],[6,22,14],[2,22,10,14,13,18,6,17,21,9],[6,2,10,22,14,9,13,18,17],[2,6,10,14,13,18,22,9,17],[2,10,18,14,9,13,22,6,17],[22,18,6,14],[18,22,14,10,9,13,6,2,17],[14,6],[10,2,14,13,18,22,6,9,17],[2,6,22,10,18,14,9,13,17],[2,14,6],[2,18,14],[2,18,6,22,10,14,9,13,17],[2,14,18],[14,6],[14,2,22],[14,6],[10,6,14,13,22,18,2,17,21,9],[18,14,22,2],[22,10,18,2,6,14,13,9,17],[22,14,10,13,6,18,2,17,21,9],[14,22,2],[14,22,10,13,6,18,2,17,9],[10,6,2,22,14,9,13,18,17],[22,2,14],[2,18,6,10,14,9,13,22,17],[14,6],[14,6],[10,2,18,14,9,13,22,6,17],[2,6,22,18,14],[22,14,2],[2,14,22,18],[10,22,2,6,14,9,13,18,17],[2,14,22],[6,14],[22,6,10,2,18,14,13,9,17],[6,10,2,22,18,14,13,9,17],[22,2,6,18,14],[6,18,22,2,10,14,13,9,17],[6,18,10,14,9,13,22,2,17],[18,10,14,13,22,2,6,17,21,9],[14,18,2],[6,22,18,14],[2,14,6],[18,22,10,6,14,13,2,9,17],[14,18,22],[22,18,14,10,9,13,2,6,17],[14,6],[2,14,18],[10,14,13,2,22,18,6,9,17],[2,22,14],[10,14,13,18,2,22,6,17,9],[10,6,2,18,22,14,13,9,17],[22,14,18,2],[14,6,2],[10,22,14,9,13,18,2,6,17],[2,18,22,10,6,14,9,13,17],[18,2,6,22,14],[14,18,10,13,2,6,22,17,21,9],[2,6,18,10,22,14,13,9,17],[18,14,6],[10,2,14,9,13,18,22,6,17],[14,18,6],[22,6,14],[22,14,10,13,6,18,2,17,21,9],[18,6,14],[14,2,6],[10,18,14,9,13,2,22,6,17],[10,14,9,13,22,18,6,2,17],[18,14,6],[18,2,10,14,9,13,22,6,17],[2,14,6],[22,10,6,14,13,2,18,17,9],[10,14,13,6,2,22,18,17,21,9],[10,2,6,14,9,13,22,18,17],[18,14,22,10,9,13,2,6,17],[6,22,14],[18,14,22,2],[14,22,2],[22,18,10,2,6,14,13,9,17],[2,14,10,13,6,22,18,17,21,9],[14,22,18,2],[18,14,10,9,13,6,22,2,17],[6,18,2,14],[2,14,6],[2,14,18],[14,6],[2,18,22,10,14,13,6,9,17],[2,6,22,10,18,14,13,17,21,9],[14,22,6],[14,2,10,9,13,6,22,18,17],[18,14,10,9,13,2,22,6,17],[2,10,14,13,18,6,22,9,17],[18,22,10,14,13,2,6,9,17],[6,18,10,14,13,22,2,9,17],[2,10,22,18,14,13,6,9,17],[10,14,9,13,18,2,6,22,17],[10,18,22,2,6,14,9,13,17],[18,2,6,14],[14,6],[10,18,6,14,13,2,22,9,17],[10,18,14,9,13,6,2,22,17],[6,22,18,2,10,14,13,9,17],[2,18,14],[2,6,10,18,22,14,9,13,17],[10,14,9,13,22,2,6,18,17],[2,22,18,10,14,13,6,9,17],[6,22,10,2,14,13,18,9,17],[22,2,18,10,6,14,13,17,21,9],[14,6],[14,2,22,18],[10,18,6,14,9,13,2,22,17],[10,14,9,13,22,18,6,2,17],[2,6,18,14],[18,6,2,22,14],[2,14,22],[2,18,22,14],[22,10,14,13,2,6,18,9,17],[2,6,22,18,14],[10,18,14,13,2,6,22,9,17],[10,2,6,18,14,13,22,9,17],[10,2,6,18,14,9,13,22,17],[10,6,18,14,13,2,22,9,17],[14,22,18,2],[14,10,13,2,6,18,22,17,9],[2,14,10,13,6,18,22,9,17],[10,6,14,9,13,18,2,22,17],[14,6],[18,6,14],[22,14,2],[2,10,14,13,6,18,22,9,17],[18,14,6],[10,2,18,14,13,22,6,9,17],[14,10,9,13,2,6,22,18,17],[6,14],[14,22,2],[10,18,2,22,6,14,13,9,17],[22,10,18,14,9,13,2,6,17],[10,18,6,14,13,22,2,17,9],[22,14,18,6],[6,2,18,10,14,13,22,17,21,9],[22,6,10,2,14,9,13,18,17],[2,18,10,22,14,13,6,17,9],[2,6,22,10,14,9,13,18,17],[2,14,22],[6,10,22,2,14,13,18,9,17],[14,18,2,22],[2,10,18,22,6,14,13,17,21,9],[14,18,6],[18,14,2,22],[2,22,18,6,10,14,13,9,17],[22,2,6,10,18,14,13,9,17],[10,14,9,13,6,2,22,18,17],[10,2,22,18,14,13,6,17,9],[18,2,14],[14,22,10,9,13,2,18,6,17],[22,18,2,14],[2,14,18],[10,6,14,13,2,18,22,17,9],[22,10,6,2,14,13,18,9,17],[22,10,18,6,2,14,13,17,9],[6,10,22,14,13,2,18,9,17],[18,22,10,14,13,2,6,17,21,9],[18,2,14],[6,10,2,14,9,13,18,22,17],[6,10,18,2,22,14,13,9,17],[6,14],[18,14,2],[2,18,22,6,14],[2,14,10,13,18,6,22,9,17],[2,6,22,10,14,9,13,18,17],[14,10,9,13,18,6,2,22,17],[14,2,10,9,13,18,22,6,17],[2,10,22,18,6,14,9,13,17],[22,14,6],[6,22,18,2,10,14,9,13,17],[22,10,2,14,13,18,6,17,21,9],[18,14,2],[6,18,22,14],[6,22,2,18,10,14,9,13,17],[18,10,14,9,13,22,6,2,17],[6,14],[18,22,2,10,14,13,6,17,21,9],[18,6,10,2,14,13,22,17,21,9],[2,10,14,13,18,6,22,17,21,9],[10,22,14,9,13,2,18,6,17],[6,2,18,22,10,14,13,9,17],[2,6,14],[6,18,22,2,10,14,9,13,17],[18,14,2],[2,18,14,6],[18,14,2,6],[10,6,18,2,14,9,13,22,17],[10,14,13,6,2,22,18,9,17],[10,14,13,6,2,18,22,9,17],[6,22,2,10,18,14,9,13,17],[18,10,6,2,14,13,22,17,9],[2,22,10,6,18,14,13,9,17],[6,10,18,22,14,13,2,17,9],[18,22,14,6],[10,18,14,9,13,2,22,6,17],[6,18,14],[18,10,6,2,14,9,13,22,17],[10,2,6,14,13,18,22,9,17],[10,18,22,6,2,14,13,9,17],[22,14,6],[22,10,18,2,6,14,13,9,17],[10,18,14,13,2,6,22,9,17],[22,6,14],[14,10,9,13,18,6,2,22,17],[14,2,6],[18,22,2,14],[6,22,14],[6,10,22,2,18,14,13,9,17],[2,18,14,6],[18,14,10,9,13,22,6,2,17],[10,22,18,14,9,13,6,2,17],[10,6,14,13,22,2,18,17,21,9],[10,6,14,13,2,18,22,17,9],[6,22,14],[18,14,10,13,6,22,2,9,17],[18,22,6,14],[6,2,18,14],[2,18,6,22,14],[6,18,14],[14,10,13,6,2,22,18,9,17],[18,6,10,22,14,13,2,17,21,9],[2,6,14],[10,2,22,6,18,14,13,9,17],[14,2,18,10,13,22,6,9,17],[14,22,2],[14,18,10,13,22,2,6,9,17],[10,22,2,18,6,14,13,17,9],[14,10,9,13,2,18,6,22,17],[22,6,14],[10,14,13,2,18,6,22,9,17],[2,14,10,9,13,22,6,18,17],[10,2,22,18,14,9,13,6,17],[18,14,22,10,9,13,2,6,17],[22,14,6],[6,10,2,18,14,13,22,9,17],[6,22,14],[14,18,10,9,13,22,6,2,17],[10,2,22,6,18,14,13,17,21,9],[14,6],[2,14,10,9,13,6,18,22,17],[14,6],[6,2,10,22,18,14,9,13,17],[22,6,10,2,14,13,18,9,17],[10,6,18,22,2,14,13,17,21,9],[2,22,10,18,14,9,13,6,17],[2,6,14],[18,6,2,22,10,14,13,9,17],[18,22,2,6,10,14,9,13,17],[18,22,14],[14,2,10,13,6,22,18,17,9],[10,14,9,13,18,22,6,2,17],[10,18,14,13,22,2,6,9,17],[14,22,2],[10,2,6,18,14,13,22,9,17],[2,18,10,22,14,9,13,6,17],[14,22,18,2],[2,10,22,18,14,9,13,6,17],[18,14,2],[18,14,6],[14,2,22],[14,22,10,13,6,2,18,9,17],[22,2,10,14,9,13,18,6,17],[6,10,18,2,14,9,13,22,17],[10,22,2,18,6,14,13,9,17],[6,2,18,14],[2,22,14],[6,22,2,10,14,9,13,18,17],[10,6,22,2,18,14,9,13,17],[10,14,9,13,22,6,2,18,17],[14,22,2],[2,10,22,6,18,14,9,13,17],[14,22,10,13,18,6,2,9,17],[18,6,22,2,14],[14,6],[2,6,18,10,22,14,9,13,17],[2,18,14],[10,22,6,2,18,14,9,13,17],[6,10,14,9,13,18,2,22,17],[14,18,6],[6,22,14],[6,22,14],[2,18,10,14,13,6,22,17,21,9],[14,10,9,13,18,22,2,6,17],[14,6],[14,10,13,22,6,18,2,17,21,9],[10,14,13,22,2,6,18,9,17],[6,10,2,22,18,14,13,17,9],[22,18,14,2],[18,10,2,22,6,14,9,13,17],[6,14],[10,2,18,6,14,13,22,9,17],[2,18,22,10,14,9,13,6,17],[2,10,14,9,13,22,18,6,17],[6,22,2,14],[2,18,10,6,14,9,13,22,17],[10,6,14,9,13,22,2,18,17],[14,18,22,10,9,13,6,2,17],[18,2,22,14],[2,10,14,9,13,6,18,22,17],[2,14,6],[14,22,18],[14,10,13,6,2,18,22,17,21,9],[18,2,6,10,22,14,13,9,17],[2,22,14],[22,18,14,2],[6,22,18,10,14,13,2,9,17],[6,22,2,18,10,14,13,9,17],[10,14,9,13,18,2,22,6,17],[14,6],[18,2,6,22,14],[18,6,2,10,14,9,13,22,17],[22,2,6,14],[22,14,18,2],[2,14,10,9,13,18,22,6,17],[2,10,14,9,13,6,18,22,17],[2,14,22],[6,10,2,18,14,9,13,22,17],[14,2,18],[10,2,22,6,14,9,13,18,17],[14,6],[14,6],[10,6,14,9,13,18,2,22,17],[2,18,14],[6,18,22,14],[18,14,6],[10,22,2,14,9,13,6,18,17],[18,10,22,2,14,13,6,9,17],[14,18,2],[18,2,14],[22,6,18,2,10,14,13,17,9],[22,6,14],[18,22,2,10,6,14,13,17,9],[6,14],[14,10,9,13,22,6,18,2,17],[14,10,9,13,2,18,22,6,17],[6,14],[10,2,6,14,9,13,18,22,17],[22,10,18,6,2,14,13,17,21,9],[6,22,14],[22,18,2,14],[6,10,22,18,2,14,9,13,17],[18,2,14,10,9,13,6,22,17],[18,6,10,14,13,2,22,17,21,9],[22,6,14],[22,6,10,18,2,14,13,17,21,9],[14,22,18],[2,10,18,6,22,14,13,17,21,9],[14,10,13,2,22,6,18,17,21,9],[10,18,14,13,2,22,6,9,17],[22,2,18,10,6,14,13,17,21,9],[10,18,6,14,13,2,22,17,21,9],[22,14,6],[22,18,2,10,6,14,9,13,17],[10,6,18,14,9,13,22,2,17],[18,2,6,22,14],[10,18,6,14,13,22,2,17,21,9],[6,10,14,13,18,2,22,9,17],[6,18,14],[22,6,18,2,10,14,9,13,17],[18,6,2,14],[18,2,6,14],[14,18,22,6],[22,14,6],[22,18,10,2,6,14,9,13,17],[14,2,22],[2,18,10,14,9,13,22,6,17],[22,2,6,18,14],[10,22,6,14,13,18,2,17,21,9],[18,22,6,10,14,13,2,17,21,9],[6,14],[10,22,14,13,2,6,18,17,9],[6,22,14],[22,2,6,10,18,14,9,13,17],[2,6,22,10,14,13,18,17,9],[10,14,9,13,18,6,2,22,17],[14,18,10,9,13,6,22,2,17],[10,18,22,14,13,6,2,17,9],[18,22,10,2,6,14,13,9,17],[2,10,6,22,14,9,13,18,17],[22,6,10,2,18,14,13,17,21,9],[14,18,2,22],[6,10,18,14,13,22,2,17,21,9],[6,18,22,14],[14,18,10,13,6,2,22,17,9],[6,22,18,10,2,14,9,13,17],[14,6],[2,18,14],[2,10,22,14,9,13,18,6,17],[14,2,22],[10,18,2,6,14,9,13,22,17],[22,6,18,2,14],[18,2,14,6],[18,22,14],[22,10,14,9,13,2,18,6,17],[22,10,14,9,13,2,6,18,17],[22,18,2,10,14,9,13,6,17],[2,18,10,14,13,22,6,17,9],[18,6,10,22,14,9,13,2,17],[22,2,10,18,6,14,9,13,17],[6,18,2,10,22,14,13,9,17],[2,22,6,18,10,14,13,9,17],[2,18,22,14],[14,6],[6,22,10,14,9,13,18,2,17],[14,6],[14,2,10,9,13,6,22,18,17],[22,18,14,6],[10,22,18,2,14,9,13,6,17],[10,18,6,22,14,9,13,2,17],[22,6,10,14,9,13,18,2,17],[18,6,14],[18,22,10,14,13,6,2,17,9],[14,6],[6,14],[14,10,9,13,22,6,18,2,17],[18,2,14],[14,2,18],[6,18,10,2,22,14,9,13,17],[10,22,14,13,2,6,18,9,17],[18,14,22,6],[14,22,6],[22,2,6,14],[18,14,2,6],[14,6],[2,6,10,18,22,14,13,17,9],[10,18,2,6,22,14,13,9,17],[14,2,22],[14,6],[22,6,2,18,10,14,9,13,17],[14,22,10,13,2,6,18,17,21,9],[14,22,10,9,13,6,2,18,17],[14,6],[18,2,14],[6,2,22,18,14],[18,22,2,14],[18,14,22,10,9,13,6,2,17],[6,10,22,14,13,18,2,9,17],[14,2,18],[10,22,14,13,18,6,2,9,17],[2,10,22,6,18,14,9,13,17],[6,10,2,14,9,13,18,22,17],[18,10,22,2,14,9,13,6,17],[6,2,10,22,18,14,9,13,17],[2,22,6,18,10,14,9,13,17],[22,10,18,2,6,14,13,17,21,9],[22,6,2,10,14,13,18,9,17],[6,22,14],[10,22,14,9,13,2,18,6,17],[10,14,13,22,18,2,6,17,9],[6,22,2,10,18,14,13,17,9],[18,14,2],[22,18,2,10,14,9,13,6,17],[22,2,14],[6,22,10,2,14,9,13,18,17],[2,14,10,13,18,22,6,9,17],[18,6,14],[10,22,2,14,9,13,18,6,17],[6,22,10,14,9,13,2,18,17],[18,10,6,22,14,13,2,9,17],[10,14,13,2,18,22,6,17,9],[6,14],[10,18,22,6,14,9,13,2,17],[22,18,2,6,14],[2,22,6,10,14,9,13,18,17],[6,2,22,10,18,14,9,13,17],[2,22,10,6,14,13,18,9,17],[2,18,14],[6,18,14],[14,18,10,13,22,6,2,9,17],[10,14,13,2,18,22,6,9,17],[22,2,6,14],[6,18,14],[18,6,10,14,9,13,2,22,17],[22,14,6],[6,22,10,2,18,14,13,9,17],[14,22,6],[22,10,14,13,18,6,2,9,17],[10,2,22,18,14,13,6,17,21,9],[2,22,18,14],[10,18,14,9,13,2,22,6,17],[2,14,6],[14,2,6],[14,6],[2,6,22,10,14,9,13,18,17],[22,2,6,18,14],[18,6,10,14,13,22,2,9,17],[10,22,6,18,14,9,13,2,17],[18,10,14,13,22,2,6,9,17],[14,22,6]],"n_human":104}