{"problem_id":"gk7RAUfx1yx3WCT","sigma":150,"alpha":10.000,"cost":1,"probabilities":"[0.3, 0.32, 0.26, 0.12]","payoff_matrix":"[[-12, -174, -4, 102, -48, -142], [22, -163, 2, 93, -93, -75], [-34, 27, -94, 139, 233, 157], [-316, -72, 63, -76, 170, 121]]","uncovered":[[6,22,10,18,2,14,1,13,9,15],[6,2,10,22,14,1,18,13,9,3,11,21,15],[10,2,22,6,14,13,18,1,9,15],[14,10,22,6,18,2,1,13,9,3,15],[22,6,2,18,10,14,1,13,9,15],[2,18,10,6,14,1,22,13,9,15],[18,10,22,6,2,14,1,13,9,15],[18,2,6,10,14,1,22,13,9,15],[6,10,14,18,22,2,13,1,9,15],[22,6,18,14,2,1,10,13,9,15],[10,14,6,18,22,2,1,13,9,15],[10,22,14,2,1,6,18,13,9,3,15],[22,10,6,18,2,14,1,13,9,3,15],[6,2,14,13,22,10,18,1,9,3,11,21,15],[6,22,14,10,2,1,18,13,9,15],[6,2,10,18,14,13,22,1,9,15],[2,18,10,6,22,14,13,1,9,15],[10,2,6,18,22,14,1,13,9,15],[10,2,14,1,18,22,6,13,9,3,15],[6,14,22,10,2,1,18,13,9,3,11,21,15],[10,6,18,14,2,1,22,13,9,3,11,21,15],[10,14,18,2,1,6,22,13,9,15],[18,10,6,22,2,14,13,1,9,15],[22,18,2,14,13,10,6,1,9,15],[10,6,14,22,18,2,13,1,9,3,11,21,15],[14,22,6,18,10,2,1,13,9,15],[22,10,6,2,14,13,18,1,9,15],[22,2,18,10,6,14,13,1,9,3,11,21,15],[14,2,1,22,18,10,6,13,9,15],[22,2,14,13,18,6,10,1,9,15],[22,10,14,6,18,2,1,13,9,15],[6,10,18,2,14,13,22,1,9,3,15],[10,14,18,22,6,2,1,13,9,15],[6,18,10,22,14,2,1,13,9,3,11,21,15],[18,22,14,2,13,6,10,1,9,3,11,21,15],[6,14,2,1,10,18,22,13,9,3,11,21,15],[6,22,14,2,13,18,10,1,9,3,15],[18,6,2,10,14,13,22,1,9,15],[14,18,6,10,2,13,22,1,9,3,11,15],[22,6,2,18,10,14,13,1,9,15],[18,10,14,2,13,6,22,1,9,3,11,21,15],[14,18,6,22,10,2,13,1,9,3,15],[18,6,2,14,13,22,10,1,9,3,11,21,15],[10,2,14,13,18,6,22,1,9,15],[18,10,6,2,22,14,1,13,9,3,15],[2,6,18,22,10,14,13,1,9,15],[18,22,10,2,6,14,13,1,9,15],[2,10,18,22,14,1,6,13,9,15],[22,6,18,14,10,2,1,13,9,15],[10,14,2,13,18,6,22,1,9,3,11,21,15],[2,10,14,1,18,6,22,13,9,15],[2,22,10,6,14,13,18,1,9,3,15],[14,10,18,22,2,1,6,13,9,3,11,21,15],[14,2,13,22,18,10,6,1,9,3,15],[18,10,2,22,6,14,1,13,9,15],[2,6,14,13,10,18,22,1,9,3,15],[6,2,22,18,10,14,13,1,9,15],[22,2,6,18,10,14,1,13,9,15],[22,10,14,6,2,13,18,1,9,15],[2,10,6,14,13,18,22,1,9,3,15],[2,14,13,10,18,22,6,1,9,3,11,21,15],[14,22,6,10,2,1,18,13,9,15],[2,6,22,10,18,14,1,13,9,3,15],[18,14,10,22,2,13,6,1,9,15],[14,2,13,22,10,6,18,1,9,3,15],[6,22,2,18,14,1,10,13,9,3,15],[2,22,6,10,18,14,1,13,9,3,11,21,15],[22,10,18,6,2,14,1,13,9,15],[18,22,6,14,10,2,13,1,9,3,11,21,15],[14,6,18,22,2,13,10,1,9,15],[10,14,22,6,18,2,1,13,9,15],[22,10,14,18,6,2,1,13,9,15],[2,14,1,18,6,10,22,13,9,3,15],[22,2,10,14,1,6,18,13,9,15],[10,6,2,18,22,14,13,1,9,3,15],[22,6,10,14,2,13,18,1,9,3,15],[18,14,2,1,10,6,22,13,9,3,15],[22,10,14,6,2,1,18,13,9,15],[14,2,13,18,22,10,6,1,9,15],[2,14,13,10,22,6,18,1,9,3,11,21,15],[22,14,2,1,10,18,6,13,9,15],[10,6,14,22,2,13,18,1,9,3,11,21,15],[22,14,10,18,6,2,13,1,9,15],[2,14,13,6,22,18,10,1,9,15],[18,2,22,6,14,13,10,1,9,3,15],[2,22,14,13,6,18,10,1,9,15],[14,2,13,18,6,10,22,1,9,15],[2,22,10,14,1,18,6,13,9,15],[2,10,18,22,14,1,6,13,9,15],[6,10,18,2,14,1,22,13,9,15],[6,2,10,14,1,22,18,13,9,3,15],[14,6,18,2,1,10,22,13,9,3,11,21,15],[2,14,13,18,10,22,6,1,9,3,15],[10,2,22,6,14,13,18,1,9,15],[22,14,6,2,13,18,10,1,9,3,15],[10,18,6,14,22,2,13,1,9,15],[6,22,2,18,10,14,1,13,9,15],[14,18,10,22,6,2,13,1,9,15],[10,14,18,2,1,22,6,13,9,3,15],[2,22,10,6,14,1,18,13,9,15],[22,2,14,13,10,6,18,1,9,3,11,21,15],[14,18,10,6,22,2,13,1,9,15],[2,18,10,6,14,1,22,13,9,3,11,21,15],[6,2,14,1,10,22,18,13,9,3,11,21,15],[2,14,1,22,10,6,18,13,9,15],[22,14,2,13,18,10,6,1,9,15],[10,18,6,14,22,2,1,13,9,3,15],[14,6,22,18,10,2,1,13,9,3,11,21,15],[6,18,10,14,2,1,22,13,9,15],[6,18,10,2,22,14,1,13,9,15],[6,22,18,10,14,2,1,13,9,3,15],[22,10,14,18,6,2,1,13,9,3,11,21,15],[10,14,22,18,6,2,13,1,9,15],[18,6,2,14,1,22,10,13,9,3,11,21,15],[14,2,13,18,10,6,22,1,9,3,15],[10,6,2,18,14,1,22,13,9,3,11,21,15],[14,22,10,18,2,13,6,1,9,3,15],[22,2,10,18,14,1,6,13,9,15],[2,22,6,18,14,13,10,1,9,15],[10,2,6,14,1,22,18,13,9,15],[10,2,18,14,1,6,22,13,9,3,15],[14,10,22,6,2,13,18,1,9,15],[18,10,6,14,2,1,22,13,9,3,11,21,15],[22,2,6,18,10,14,1,13,9,15],[10,6,2,14,13,22,18,1,9,3,11,21,15],[2,6,18,10,22,14,13,1,9,3,15],[6,22,18,10,2,14,1,13,9,3,15],[22,14,18,6,2,13,10,1,9,15],[6,22,10,14,18,2,1,13,9,3,15],[10,2,14,1,22,6,18,13,9,3,11,21,15],[14,2,13,18,6,22,10,1,9,3,15],[22,10,18,6,14,2,1,13,9,3,15],[22,2,6,14,13,18,10,1,9,3,11,21,15],[22,18,2,6,14,13,10,1,9,3,15],[18,2,6,22,14,1,10,13,9,15],[10,2,18,22,14,1,6,13,9,15],[2,6,10,14,13,18,22,1,9,15],[18,6,2,22,14,13,10,1,9,15],[10,18,6,14,2,1,22,13,9,3,11,21,15],[10,14,6,2,1,18,22,13,9,15],[10,14,22,6,18,2,1,13,9,3,15],[2,22,6,18,14,13,10,1,9,15],[2,10,22,6,18,14,1,13,9,3,11,21,15],[2,22,14,13,6,18,10,1,9,15],[6,10,2,14,1,22,18,13,9,3,11,21,15],[22,18,10,6,2,14,1,13,9,15],[22,14,2,1,6,10,18,13,9,3,15],[18,2,22,14,1,6,10,13,9,3,15],[14,6,10,2,1,22,18,13,9,3,11,21,15],[18,2,14,1,6,10,22,13,9,15],[18,22,14,6,2,1,10,13,9,15],[18,2,14,13,6,22,10,1,9,15],[14,2,1,22,6,18,10,13,9,3,15],[6,10,22,14,2,13,18,1,9,15],[6,22,14,10,2,13,18,1,9,3,11,21,15],[22,10,6,2,18,14,13,1,9,15],[10,2,22,18,6,14,13,1,9,3,11,21,15],[2,22,6,18,14,13,10,1,9,3,15],[2,6,22,14,1,10,18,13,9,3,15],[6,2,22,10,18,14,1,13,9,15],[22,2,10,18,14,1,6,13,9,3,11,21,15],[22,18,10,14,6,2,13,1,9,3,15],[14,2,13,22,6,18,10,1,9,15],[18,10,2,14,13,6,22,1,9,3,15],[6,22,2,18,14,13,10,1,9,3,11,21,15],[18,14,6,10,22,2,1,13,9,3,11,21,15],[18,10,14,22,6,2,1,13,9,3,11,21,15],[22,10,18,2,14,13,6,1,9,15],[10,22,6,2,14,13,18,1,9,15],[2,14,1,6,22,10,18,13,9,15],[18,6,22,2,14,1,10,13,9,3,15],[22,2,10,18,14,13,6,1,9,3,11,21,15],[10,2,6,14,1,22,18,13,9,3,11,21,15],[18,22,2,10,6,14,1,13,9,15],[2,14,13,10,6,18,22,1,9,15],[14,2,13,18,10,6,22,1,9,15],[22,14,10,18,2,13,6,1,9,15],[6,2,18,22,14,1,10,13,9,15],[6,10,22,18,14,2,13,1,9,3,15],[14,22,2,1,18,10,6,13,9,15],[18,14,22,6,10,2,13,1,9,15],[18,10,6,14,22,2,13,1,9,15],[10,22,14,18,2,1,6,13,9,3,15],[18,6,22,14,2,13,10,1,9,3,11,21,15],[18,10,22,2,14,1,6,13,9,15],[22,14,10,18,6,2,13,1,9,15],[18,2,10,6,22,14,13,1,9,3,11,21,15],[2,14,13,18,10,6,22,1,9,3,11,21,15],[6,10,22,18,14,2,13,1,9,3,15],[6,22,14,10,2,13,18,1,9,3,11,21,15],[2,6,14,13,18,10,22,1,9,15],[6,22,14,18,2,13,10,1,9,3,11,21,15],[14,10,6,18,2,1,22,13,9,15],[2,10,18,14,13,22,6,1,9,15],[18,6,14,22,2,13,10,1,9,3,11,15],[10,14,6,22,18,2,1,13,9,15],[22,14,6,2,1,10,18,13,9,15],[6,22,2,14,13,10,18,1,9,3,11,15],[6,18,22,14,10,2,1,13,9,3,15],[14,2,13,18,6,22,10,1,9,15],[18,14,10,2,1,22,6,13,9,15],[14,6,18,10,2,1,22,13,9,15],[10,2,14,13,22,6,18,1,9,3,15],[14,6,22,2,1,18,10,13,9,3,15],[6,10,2,14,13,22,18,1,9,3,11,21,15],[2,10,22,18,6,14,1,13,9,3,11,21,15],[18,22,14,10,2,13,6,1,9,3,11,21,15],[2,14,13,22,10,18,6,1,9,15],[22,14,6,18,2,1,10,13,9,15],[6,18,10,2,14,1,22,13,9,3,15],[10,6,22,18,2,14,1,13,9,3,15],[18,14,22,10,6,2,1,13,9,3,15],[10,18,6,2,14,13,22,1,9,3,11,21,15],[22,6,14,10,18,2,1,13,9,3,11,21,15],[10,14,6,18,22,2,1,13,9,3,11,21,15],[2,22,10,6,18,14,13,1,9,15],[18,6,14,10,2,1,22,13,9,15],[22,2,6,14,1,10,18,13,9,15],[22,18,2,14,1,6,10,13,9,15],[18,14,22,6,10,2,1,13,9,15],[22,14,10,18,6,2,13,1,9,3,15],[14,6,18,2,13,10,22,1,9,15],[14,18,6,10,22,2,13,1,9,15],[2,14,1,22,18,10,6,13,9,15],[14,6,18,22,10,2,1,13,9,15],[14,18,10,22,6,2,13,1,9,15],[18,22,6,14,2,1,10,13,9,3,11,21,15],[18,22,14,10,6,2,13,1,9,15],[6,10,18,22,14,2,1,13,9,15],[18,6,22,14,2,13,10,1,9,3,15],[18,14,10,22,6,2,13,1,9,3,11,21,15],[14,22,10,2,13,6,18,1,9,3,11,21,15],[18,22,6,10,2,14,13,1,9,3,15],[2,6,22,14,1,18,10,13,9,3,15],[2,22,14,1,18,10,6,13,9,15],[18,10,2,22,14,1,6,13,9,15],[14,10,6,22,2,13,18,1,9,15],[2,10,22,14,1,18,6,13,9,15],[6,18,2,14,13,22,10,1,9,15],[18,14,6,2,1,10,22,13,9,3,11,21,15],[2,10,22,14,13,18,6,1,9,15],[22,10,2,18,6,14,13,1,9,15],[14,6,2,1,22,10,18,13,9,3,11,21,15],[10,6,18,14,2,13,22,1,9,15],[2,6,18,10,14,13,22,1,9,3,15],[2,18,22,10,14,13,6,1,9,15],[22,6,2,10,18,14,1,13,9,15],[10,14,22,18,6,2,1,13,9,15],[6,14,22,10,18,2,13,1,9,15],[18,14,10,22,6,2,13,1,9,15],[14,18,22,6,2,1,10,13,9,3,11,21,15],[22,14,10,2,13,18,6,1,9,3,15],[22,6,14,2,1,18,10,13,9,3,11,21,15],[6,14,2,13,22,18,10,1,9,15],[10,6,18,14,2,13,22,1,9,15],[2,14,13,10,22,6,18,1,9,3,15],[22,18,6,2,14,13,10,1,9,3,15],[2,14,1,18,22,10,6,13,9,3,11,21,15],[6,18,14,2,1,10,22,13,9,3,15],[2,18,14,13,6,10,22,1,9,3,11,21,15],[6,14,22,10,18,2,1,13,9,15],[18,6,22,14,10,2,13,1,9,15],[10,2,22,14,1,6,18,13,9,3,15],[14,18,6,2,1,10,22,13,9,15],[6,10,14,2,13,18,22,1,9,3,15],[2,14,13,6,22,18,10,1,9,15],[22,18,6,2,10,14,13,1,9,15],[18,22,10,14,6,2,13,1,9,15],[6,22,2,10,18,14,13,1,9,15],[2,6,18,22,14,13,10,1,9,15],[2,10,6,18,22,14,1,13,9,15],[10,22,2,18,14,13,6,1,9,15],[22,6,2,18,14,13,10,1,9,3,15],[18,22,6,14,2,1,10,13,9,15],[6,14,10,2,13,18,22,1,9,15],[22,10,14,2,13,18,6,1,9,3,15],[18,22,2,6,10,14,13,1,9,15],[22,18,6,10,14,2,13,1,9,15],[6,14,2,13,22,18,10,1,9,3,11,21,15],[22,10,6,2,14,1,18,13,9,15],[22,18,2,6,10,14,1,13,9,3,11,21,15],[14,6,10,2,13,22,18,1,9,3,15],[10,6,2,14,13,22,18,1,9,3,11,21,15],[22,6,10,14,2,1,18,13,9,15],[10,22,2,18,14,13,6,1,9,15],[18,14,22,6,10,2,1,13,9,3,11,21,15],[14,6,10,2,1,18,22,13,9,3,15],[2,22,10,14,1,18,6,13,9,3,15],[6,10,14,2,1,22,18,13,9,15],[2,10,22,18,14,13,6,1,9,15],[18,14,6,10,2,1,22,13,9,3,15],[10,22,2,6,14,13,18,1,9,15],[18,6,10,22,14,2,13,1,9,3,15],[18,10,14,22,2,1,6,13,9,3,15],[22,6,2,14,1,18,10,13,9,3,15],[6,14,2,1,10,18,22,13,9,3,11,21,15],[2,18,14,1,6,22,10,13,9,3,15],[6,18,14,10,22,2,13,1,9,15],[2,22,18,14,1,10,6,13,9,3,15],[14,10,6,22,2,13,18,1,9,3,15],[6,22,10,18,14,2,13,1,9,3,15],[22,2,18,14,1,6,10,13,9,15],[18,22,2,6,14,13,10,1,9,15],[10,6,14,2,13,18,22,1,9,15],[6,22,18,10,14,2,1,13,9,3,15],[14,6,22,18,10,2,1,13,9,3,15],[6,22,10,14,18,2,13,1,9,3,15],[22,14,2,1,6,10,18,13,9,15],[10,18,22,2,6,14,13,1,9,15],[2,6,18,22,14,13,10,1,9,3,11,21,15],[2,10,18,6,14,1,22,13,9,15],[14,2,1,10,18,6,22,13,9,15],[10,2,14,1,6,22,18,13,9,15],[2,14,13,18,6,22,10,1,9,15],[2,6,14,1,10,18,22,13,9,3,15],[22,14,2,1,6,10,18,13,9,15],[6,10,18,22,14,2,13,1,9,15],[14,22,10,2,1,6,18,13,9,15],[10,14,2,1,6,22,18,13,9,15],[18,22,6,2,10,14,1,13,9,3,15],[6,10,2,14,13,22,18,1,9,3,15],[18,10,2,14,1,6,22,13,9,15],[6,22,18,10,2,14,13,1,9,15],[18,2,22,6,14,1,10,13,9,3,15],[10,14,18,2,1,22,6,13,9,3,11,21,15],[14,22,6,10,18,2,1,13,9,15],[14,6,10,22,18,2,13,1,9,15],[2,14,13,22,10,6,18,1,9,15],[14,22,18,10,6,2,1,13,9,15],[18,2,22,14,13,10,6,1,9,15],[6,22,14,18,10,2,13,1,9,15],[18,14,22,2,1,10,6,13,9,15],[6,10,18,2,22,14,13,1,9,3,15],[2,6,14,13,22,10,18,1,9,15],[18,2,6,22,10,14,1,13,9,15],[14,6,10,22,2,13,18,1,9,15],[14,6,10,18,22,2,13,1,9,3,11,21,15],[14,2,1,18,6,10,22,13,9,3,11,21,15],[6,18,10,22,14,2,13,1,9,3,15],[18,6,2,10,22,14,1,13,9,15],[2,22,18,14,13,10,6,1,9,15],[10,22,18,2,14,13,6,1,9,3,15],[10,18,14,6,2,13,22,1,9,3,15],[22,18,10,14,2,13,6,1,9,3,11,21,15],[14,18,2,13,22,10,6,1,9,15],[14,18,2,1,10,6,22,13,9,15],[6,2,10,22,14,13,18,1,9,15],[22,10,6,18,14,2,13,1,9,3,11,21,15],[10,6,22,14,18,2,1,13,9,3,15],[18,6,14,2,1,22,10,13,9,3,11,21,15],[6,18,10,22,2,14,13,1,9,15],[14,6,10,22,2,13,18,1,9,15],[10,6,2,22,14,13,18,1,9,15],[22,10,14,18,6,2,1,13,9,15],[2,18,10,6,14,13,22,1,9,3,15],[18,2,14,13,22,6,10,1,9,15],[10,6,2,14,13,18,22,1,9,3,11,21,15],[10,2,18,6,14,13,22,1,9,15],[6,22,18,14,2,13,10,1,9,15],[22,2,14,13,10,6,18,1,9,3,15],[10,6,18,22,14,2,1,13,9,15],[2,18,22,6,14,1,10,13,9,3,15],[18,10,22,14,2,1,6,13,9,15],[18,22,14,6,2,1,10,13,9,15],[10,2,18,6,22,14,13,1,9,15],[10,2,14,1,22,18,6,13,9,3,15],[14,18,22,10,6,2,13,1,9,3,11,21,15],[10,18,22,6,14,2,1,13,9,3,15],[10,2,18,22,6,14,13,1,9,15],[10,14,22,18,2,1,6,13,9,15],[18,14,22,10,2,1,6,13,9,3,15],[10,18,2,22,6,14,1,13,9,3,11,21,15],[2,18,6,10,14,1,22,13,9,15],[10,18,14,6,22,2,1,13,9,3,11,21,15],[18,2,22,14,13,6,10,1,9,3,11,21,15],[2,18,6,10,22,14,13,1,9,15],[6,18,2,14,1,22,10,13,9,3,15],[2,22,6,14,13,18,10,1,9,15],[14,22,2,13,10,18,6,1,9,15],[22,6,2,14,1,18,10,13,9,15],[2,14,13,18,6,10,22,1,9,3,11,21,15],[6,22,10,18,14,2,13,1,9,15],[6,22,14,2,13,18,10,1,9,3,15],[2,18,22,6,14,13,10,1,9,15],[10,18,6,22,2,14,13,1,9,15],[18,22,6,14,2,13,10,1,9,3,11,21,15],[2,18,6,14,1,22,10,13,9,3,15],[22,6,18,10,2,14,13,1,9,3,11,21,15],[2,22,14,13,6,10,18,1,9,15],[14,18,2,1,10,22,6,13,9,15],[10,2,6,22,18,14,1,13,9,3,11,21,15],[6,2,10,18,22,14,1,13,9,15],[10,2,6,14,1,22,18,13,9,15],[6,22,18,14,2,1,10,13,9,15],[18,6,14,2,13,10,22,1,9,15],[6,18,22,14,10,2,13,1,9,15],[22,6,10,18,2,14,13,1,9,3,11,21,15],[2,10,22,18,6,14,1,13,9,15],[6,10,2,18,14,1,22,13,9,15],[10,2,18,6,22,14,1,13,9,15],[2,22,10,6,14,13,18,1,9,3,15],[10,14,6,18,22,2,1,13,9,15],[22,2,10,14,1,6,18,13,9,3,15],[2,18,14,13,6,10,22,1,9,15],[2,22,14,13,10,6,18,1,9,15],[18,10,6,2,14,13,22,1,9,3,15],[10,6,22,14,18,2,13,1,9,3,15],[18,10,22,14,6,2,1,13,9,15],[2,22,6,18,10,14,13,1,9,3,11,21,15],[2,14,13,6,10,22,18,1,9,15],[14,10,2,13,6,22,18,1,9,3,15],[14,2,1,22,6,10,18,13,9,15],[18,6,14,10,2,13,22,1,9,15],[2,18,10,22,14,1,6,13,9,15],[22,14,2,1,10,6,18,13,9,3,11,21,15],[22,10,18,14,2,13,6,1,9,15],[14,22,10,2,13,6,18,1,9,15],[10,18,14,6,2,1,22,13,9,3,11,21,15],[14,2,1,6,18,22,10,13,9,15],[14,6,10,2,13,22,18,1,9,15],[22,6,18,14,2,1,10,13,9,3,11,15],[6,10,2,18,22,14,13,1,9,3,11,21,15],[10,22,6,2,18,14,1,13,9,15],[18,6,10,22,2,14,13,1,9,15],[10,22,6,18,14,2,13,1,9,3,15],[14,22,6,18,2,1,10,13,9,15],[2,18,22,14,1,6,10,13,9,15],[10,6,2,14,1,18,22,13,9,15],[22,10,6,18,14,2,1,13,9,3,15],[22,6,18,14,10,2,13,1,9,15],[10,6,22,18,2,14,1,13,9,15],[18,6,22,2,10,14,13,1,9,15],[10,6,22,2,14,13,18,1,9,3,11,21,15],[6,18,2,14,1,22,10,13,9,3,15],[10,14,2,13,18,6,22,1,9,3,11,21,15],[6,2,10,22,18,14,13,1,9,15],[2,10,22,6,14,13,18,1,9,15],[2,10,22,14,1,6,18,13,9,3,11,21,15],[14,10,6,18,22,2,13,1,9,15],[22,14,6,18,10,2,13,1,9,3,15],[14,22,6,18,2,13,10,1,9,3,15],[6,18,22,2,10,14,13,1,9,3,15],[6,10,18,22,2,14,1,13,9,15],[2,6,14,13,22,18,10,1,9,3,11,21,15],[18,22,6,2,10,14,13,1,9,15],[18,2,22,14,13,6,10,1,9,15],[10,2,14,1,18,6,22,13,9,3,15],[14,22,18,6,2,13,10,1,9,3,11,21,15],[22,2,10,18,6,14,13,1,9,3,11,21,15],[2,10,6,22,18,14,13,1,9,3,15],[18,6,22,10,2,14,1,13,9,3,11,21,15],[2,14,13,22,10,18,6,1,9,15],[2,14,1,6,18,22,10,13,9,15],[6,14,2,1,22,18,10,13,9,3,11,21,15],[18,14,10,6,2,1,22,13,9,3,11,15],[6,14,22,18,2,1,10,13,9,15],[18,2,6,14,1,22,10,13,9,3,11,21,15],[14,22,18,10,2,13,6,1,9,3,15],[22,18,6,10,2,14,13,1,9,15],[6,2,14,1,10,18,22,13,9,15],[14,6,18,10,22,2,1,13,9,3,11,21,15],[2,6,18,10,22,14,13,1,9,3,11,21,15],[10,18,22,2,6,14,13,1,9,3,15],[2,6,14,13,18,22,10,1,9,15],[22,6,14,10,2,13,18,1,9,15],[10,22,18,14,6,2,1,13,9,3,15],[22,6,14,2,13,10,18,1,9,3,11,21,15],[6,14,22,10,2,1,18,13,9,15],[2,22,14,1,10,18,6,13,9,3,11,21,15],[10,18,22,2,14,1,6,13,9,15],[2,14,13,22,10,18,6,1,9,15],[22,18,10,14,2,13,6,1,9,3,15],[22,10,6,2,18,14,1,13,9,15],[22,14,18,10,6,2,13,1,9,3,11,21,15],[6,10,14,2,1,22,18,13,9,15],[2,10,6,22,14,13,18,1,9,3,15],[22,6,2,18,14,13,10,1,9,3,15],[22,2,14,1,6,18,10,13,9,3,15],[10,14,18,22,2,1,6,13,9,3,15],[22,18,6,14,2,13,10,1,9,15],[10,6,18,2,22,14,1,13,9,15],[22,10,14,6,2,1,18,13,9,15],[2,14,1,18,22,10,6,13,9,3,11,21,15],[14,18,6,10,2,1,22,13,9,15],[6,14,18,10,2,13,22,1,9,3,11,21,15],[10,14,6,22,18,2,13,1,9,3,11,21,15],[18,6,10,2,22,14,1,13,9,3,11,21,15],[10,2,22,14,13,6,18,1,9,3,15],[10,6,18,14,2,13,22,1,9,15],[6,22,18,2,10,14,1,13,9,15],[14,2,13,18,6,22,10,1,9,15],[10,18,22,14,2,13,6,1,9,3,15],[10,2,14,1,18,6,22,13,9,15],[6,22,18,2,10,14,13,1,9,15],[14,2,13,6,22,10,18,1,9,15],[2,14,1,6,10,22,18,13,9,15],[14,6,2,13,10,22,18,1,9,3,15],[22,6,14,10,18,2,13,1,9,3,15],[22,14,10,6,18,2,1,13,9,15],[10,6,18,22,2,14,1,13,9,15],[6,10,22,14,18,2,13,1,9,3,15],[2,6,22,14,13,18,10,1,9,3,11,21,15],[22,18,2,14,1,6,10,13,9,3,11,21,15],[2,14,1,18,22,10,6,13,9,15],[6,22,2,10,18,14,1,13,9,15],[10,6,2,18,22,14,13,1,9,3,11,21,15],[22,18,14,2,1,6,10,13,9,15],[10,18,6,2,22,14,1,13,9,3,11,21,15],[14,6,22,10,18,2,1,13,9,3,15],[6,14,22,2,13,10,18,1,9,15],[18,6,22,10,2,14,1,13,9,3,11,21,15],[22,2,10,6,14,13,18,1,9,15],[18,6,2,10,22,14,13,1,9,3,15],[10,6,14,18,2,13,22,1,9,3,11,21,15],[10,6,14,2,1,18,22,13,9,3,11,15],[22,14,2,1,10,18,6,13,9,3,15],[22,14,10,2,1,18,6,13,9,15],[18,10,6,2,22,14,13,1,9,15],[6,2,18,14,1,10,22,13,9,3,11,21,15],[18,14,10,2,1,22,6,13,9,15],[2,22,14,1,18,6,10,13,9,15],[6,18,14,10,2,1,22,13,9,15],[18,22,6,2,14,13,10,1,9,3,11,21,15],[14,10,6,22,18,2,13,1,9,3,11,21,15],[2,18,10,14,13,6,22,1,9,3,11,21,15],[10,14,6,18,22,2,1,13,9,3,11,21,15],[14,18,10,6,2,13,22,1,9,15],[2,22,6,10,14,1,18,13,9,3,15],[18,10,6,2,22,14,1,13,9,3,15],[2,10,22,18,6,14,13,1,9,3,15],[2,10,14,13,6,22,18,1,9,3,15],[22,18,6,2,10,14,13,1,9,3,11,21,15],[14,22,10,18,6,2,1,13,9,15],[18,6,10,14,22,2,13,1,9,3,11,21,15],[14,22,18,6,10,2,1,13,9,3,11,21,15],[22,18,10,2,14,13,6,1,9,3,11,21,15],[6,22,2,18,10,14,1,13,9,3,11,21,15],[6,10,18,2,14,1,22,13,9,3,15],[10,6,14,2,1,22,18,13,9,15],[18,14,2,13,6,10,22,1,9,3,11,21,15],[14,10,2,1,6,22,18,13,9,3,11,21,15],[18,6,10,22,2,14,1,13,9,15],[14,18,6,22,10,2,1,13,9,15],[18,6,2,14,13,10,22,1,9,3,11,21,15],[10,2,18,14,1,22,6,13,9,15],[22,10,14,2,1,18,6,13,9,3,15],[22,14,18,6,10,2,1,13,9,15],[18,2,6,14,1,22,10,13,9,3,11,15],[10,18,22,2,6,14,13,1,9,3,11,21,15],[6,18,22,2,10,14,13,1,9,3,11,21,15],[10,18,6,2,14,13,22,1,9,15],[14,6,10,2,1,22,18,13,9,15],[2,6,22,14,13,18,10,1,9,3,15],[18,2,10,22,6,14,1,13,9,15],[22,18,6,14,2,13,10,1,9,15],[2,10,22,14,13,6,18,1,9,3,15],[2,22,18,6,14,1,10,13,9,3,15],[2,18,10,14,13,6,22,1,9,3,11,21,15],[22,6,18,14,10,2,1,13,9,15],[6,2,22,10,18,14,13,1,9,3,15],[14,10,2,1,18,6,22,13,9,15],[22,6,18,10,14,2,13,1,9,15],[18,22,6,14,2,1,10,13,9,15],[14,22,10,6,2,13,18,1,9,3,11,21,15],[2,14,13,10,22,18,6,1,9,3,15],[18,10,2,22,6,14,13,1,9,15],[2,6,14,1,18,10,22,13,9,3,11,21,15],[6,18,22,2,14,1,10,13,9,3,11,15],[22,6,10,18,2,14,13,1,9,3,11,21,15],[22,10,14,6,2,13,18,1,9,15],[22,2,10,18,6,14,13,1,9,15],[6,2,10,18,22,14,13,1,9,3,11,21,15],[14,2,1,22,10,6,18,13,9,3,11,21,15],[10,2,18,14,1,6,22,13,9,15],[18,6,14,2,1,10,22,13,9,15],[14,18,22,2,1,6,10,13,9,15],[22,2,14,13,6,18,10,1,9,15],[10,22,14,2,1,18,6,13,9,15],[14,10,2,13,22,18,6,1,9,15],[18,6,2,22,14,13,10,1,9,15],[2,22,18,14,13,6,10,1,9,3,11,15],[14,18,22,6,2,1,10,13,9,15],[22,14,18,10,6,2,1,13,9,3,11,21,15],[2,18,14,13,22,10,6,1,9,15],[22,6,18,14,10,2,1,13,9,15],[14,22,10,2,1,6,18,13,9,3,11,21,15],[6,22,18,14,10,2,1,13,9,15],[10,14,22,18,2,1,6,13,9,15],[2,10,18,6,22,14,13,1,9,3,15],[10,6,14,2,1,18,22,13,9,3,15],[2,6,14,1,22,10,18,13,9,15],[22,2,14,1,18,10,6,13,9,15],[2,10,18,14,13,6,22,1,9,15],[14,18,10,22,6,2,1,13,9,3,11,21,15],[18,6,2,14,13,10,22,1,9,3,11,21,15],[2,6,14,1,22,18,10,13,9,15],[18,10,22,14,6,2,1,13,9,15],[22,6,2,10,18,14,13,1,9,3,15],[18,6,10,2,14,13,22,1,9,15],[22,6,2,10,14,1,18,13,9,15],[14,10,2,13,22,6,18,1,9,3,11,21,15],[14,18,6,2,13,10,22,1,9,3,11,21,15],[14,2,1,22,6,10,18,13,9,3,11,21,15],[22,14,2,1,10,6,18,13,9,15],[10,14,6,18,2,1,22,13,9,15],[6,22,10,2,18,14,13,1,9,3,11,21,15],[2,6,18,14,1,10,22,13,9,3,15],[10,18,6,14,2,1,22,13,9,15],[10,6,22,14,18,2,13,1,9,15],[6,10,18,22,2,14,1,13,9,15],[18,6,2,10,14,1,22,13,9,3,11,21,15],[18,6,2,10,22,14,1,13,9,3,11,21,15],[18,6,2,10,22,14,13,1,9,3,15],[14,6,18,2,13,10,22,1,9,15],[18,22,2,10,14,1,6,13,9,3,11,21,15],[22,10,18,2,14,13,6,1,9,15],[14,22,10,6,2,13,18,1,9,15],[6,22,18,2,10,14,13,1,9,3,11,21,15],[14,22,2,13,6,18,10,1,9,3,11,21,15],[10,22,6,14,18,2,1,13,9,3,15],[2,22,10,6,18,14,13,1,9,15],[14,10,22,18,6,2,13,1,9,15],[18,14,22,10,2,1,6,13,9,15],[2,18,10,6,14,13,22,1,9,3,15],[14,2,13,18,6,10,22,1,9,15],[10,22,18,14,2,13,6,1,9,15],[22,10,14,6,2,13,18,1,9,3,15],[6,22,10,2,14,1,18,13,9,3,15],[14,22,10,2,1,18,6,13,9,3,15],[6,18,22,10,2,14,1,13,9,15],[2,22,10,6,14,1,18,13,9,3,15],[6,18,22,14,10,2,13,1,9,15],[22,18,14,2,1,6,10,13,9,3,15],[22,2,14,1,18,10,6,13,9,3,11,21,15],[10,18,6,14,2,13,22,1,9,15],[22,6,10,2,18,14,13,1,9,3,11,21,15],[2,22,18,14,13,10,6,1,9,3,11,21,15],[22,14,2,13,6,18,10,1,9,15],[18,6,10,22,14,2,1,13,9,15],[10,22,14,18,2,13,6,1,9,3,11,21,15],[14,22,2,1,10,18,6,13,9,3,15],[2,6,14,13,22,18,10,1,9,3,11,21,15],[2,14,1,6,22,18,10,13,9,15],[18,6,2,22,10,14,1,13,9,3,11,21,15],[14,6,2,13,10,22,18,1,9,15],[18,2,22,14,13,6,10,1,9,15],[14,6,22,10,2,1,18,13,9,15],[6,14,10,22,18,2,13,1,9,15],[2,14,1,18,22,10,6,13,9,3,15],[22,18,6,2,14,13,10,1,9,15],[22,14,10,18,6,2,13,1,9,3,11,21,15],[14,6,10,2,1,22,18,13,9,15],[2,18,14,1,22,6,10,13,9,15],[22,6,18,2,14,13,10,1,9,15],[2,18,6,22,10,14,13,1,9,3,15],[18,2,10,6,22,14,13,1,9,3,15],[18,2,6,22,14,13,10,1,9,3,11,21,15],[14,22,10,18,2,13,6,1,9,3,15],[10,18,2,6,14,1,22,13,9,15],[6,22,14,18,2,1,10,13,9,3,15],[22,2,18,10,14,13,6,1,9,15],[6,2,10,22,14,1,18,13,9,15],[2,10,14,13,18,22,6,1,9,15],[18,10,2,6,22,14,1,13,9,15],[2,10,6,22,14,1,18,13,9,3,11,21,15],[18,10,2,6,14,13,22,1,9,3,11,21,15],[6,18,22,2,14,13,10,1,9,15],[10,22,2,6,18,14,1,13,9,15],[14,10,18,2,1,22,6,13,9,3,11,21,15],[22,2,6,14,1,18,10,13,9,3,11,21,15],[6,22,14,2,1,10,18,13,9,15],[10,6,2,22,14,1,18,13,9,3,15],[6,14,22,10,18,2,1,13,9,15],[2,18,14,13,10,6,22,1,9,15],[18,6,22,14,10,2,13,1,9,15],[22,2,18,14,1,6,10,13,9,15],[10,18,14,22,2,1,6,13,9,3,15],[6,10,18,14,2,1,22,13,9,3,11,21,15],[2,10,18,14,13,6,22,1,9,15],[10,14,2,1,6,18,22,13,9,3,15],[14,2,1,10,22,6,18,13,9,15],[14,22,10,18,2,13,6,1,9,3,15],[2,6,14,1,18,10,22,13,9,15],[14,18,22,6,2,1,10,13,9,3,15],[2,10,22,18,6,14,13,1,9,3,11,21,15],[10,22,6,14,18,2,1,13,9,15],[14,18,22,2,13,6,10,1,9,3,15],[22,18,10,14,6,2,13,1,9,15],[2,22,10,18,14,1,6,13,9,15],[2,22,6,10,18,14,13,1,9,3,15],[14,10,6,22,18,2,1,13,9,3,15],[10,6,14,22,2,13,18,1,9,15],[10,14,18,6,2,13,22,1,9,15],[22,18,14,6,2,13,10,1,9,15],[18,6,22,10,14,2,1,13,9,15],[6,18,2,10,22,14,13,1,9,3,11,21,15],[18,10,2,14,13,22,6,1,9,3,15],[14,6,2,13,22,10,18,1,9,3,11,21,15],[10,2,18,14,1,6,22,13,9,15],[14,6,2,13,10,18,22,1,9,3,11,21,15],[6,10,2,22,18,14,13,1,9,3,11,21,15],[22,14,6,2,13,10,18,1,9,15],[18,2,6,14,13,10,22,1,9,15],[2,10,14,13,18,22,6,1,9,15],[14,18,6,2,13,10,22,1,9,15],[22,18,2,14,1,6,10,13,9,15],[22,14,2,1,18,6,10,13,9,3,11,21,15],[10,22,6,18,14,2,1,13,9,3,15],[18,22,14,10,2,13,6,1,9,15],[10,22,18,6,2,14,1,13,9,15],[14,22,18,6,2,1,10,13,9,15],[18,10,22,6,14,2,1,13,9,3,11,21,15],[6,14,22,2,13,10,18,1,9,15],[22,14,18,10,6,2,1,13,9,3,11,21,15],[6,18,10,22,14,2,1,13,9,15],[10,18,22,6,14,2,13,1,9,15],[2,10,6,18,22,14,1,13,9,3,15],[14,2,13,6,22,18,10,1,9,15],[22,2,18,6,10,14,13,1,9,3,11,21,15],[6,2,14,13,22,18,10,1,9,3,15],[14,22,6,10,18,2,1,13,9,15],[14,18,22,2,13,6,10,1,9,15],[22,2,10,18,14,1,6,13,9,15],[6,22,2,10,18,14,1,13,9,15],[10,14,22,18,2,1,6,13,9,15],[22,14,10,2,13,18,6,1,9,3,15],[14,10,22,18,2,13,6,1,9,3,15],[18,6,10,22,14,2,13,1,9,3,11,21,15],[22,2,6,14,1,18,10,13,9,15],[14,2,13,10,6,22,18,1,9,3,15],[6,18,22,10,2,14,1,13,9,15],[10,18,22,2,14,1,6,13,9,15],[2,22,18,6,10,14,13,1,9,15],[22,6,18,14,2,13,10,1,9,15],[14,22,2,13,18,10,6,1,9,15],[2,6,18,14,13,10,22,1,9,15],[22,10,2,6,14,13,18,1,9,15],[18,14,6,22,2,13,10,1,9,3,11,21,15],[2,10,18,22,6,14,13,1,9,15],[18,14,10,22,2,13,6,1,9,15],[14,10,22,6,18,2,1,13,9,3,11,21,15],[22,14,2,1,6,18,10,13,9,15],[18,14,2,13,10,6,22,1,9,15],[2,6,22,18,10,14,1,13,9,15],[2,6,22,10,18,14,1,13,9,3,11,21,15],[2,18,6,10,14,1,22,13,9,15],[18,2,22,6,10,14,1,13,9,15],[10,14,18,6,2,1,22,13,9,15],[14,2,1,18,10,22,6,13,9,15],[2,18,14,1,6,22,10,13,9,15],[2,6,14,13,18,22,10,1,9,3,15],[2,10,22,18,14,13,6,1,9,15],[2,22,6,14,13,18,10,1,9,3,11,15],[18,22,6,14,10,2,13,1,9,15],[22,14,18,2,1,6,10,13,9,3,11,21,15],[14,10,6,2,1,18,22,13,9,3,15],[2,10,14,13,22,6,18,1,9,3,15],[10,22,14,2,13,6,18,1,9,3,15],[6,2,18,10,22,14,1,13,9,15],[6,22,10,18,14,2,1,13,9,15],[6,14,2,13,18,10,22,1,9,3,15],[2,6,14,13,18,10,22,1,9,15],[10,22,6,2,14,1,18,13,9,15],[6,22,2,18,14,13,10,1,9,15],[2,14,1,10,22,18,6,13,9,15],[22,6,14,10,18,2,1,13,9,3,15],[10,14,18,2,13,6,22,1,9,15],[14,22,10,6,18,2,13,1,9,15],[2,10,22,14,13,18,6,1,9,15],[22,18,14,10,6,2,13,1,9,3,11,21,15],[14,10,18,22,2,13,6,1,9,3,15],[2,10,14,13,18,22,6,1,9,15],[10,14,18,6,22,2,13,1,9,15],[2,6,14,1,22,18,10,13,9,3,11,21,15],[6,2,22,18,14,13,10,1,9,15],[14,18,2,13,10,6,22,1,9,3,15],[6,14,22,2,1,18,10,13,9,3,15],[14,10,18,2,1,22,6,13,9,3,11,21,15],[2,6,10,22,18,14,1,13,9,15],[14,18,10,22,2,1,6,13,9,15],[2,6,10,14,13,22,18,1,9,3,15],[2,6,10,18,22,14,1,13,9,15],[2,14,13,22,10,6,18,1,9,3,15],[22,2,18,10,14,1,6,13,9,15],[22,6,14,18,10,2,1,13,9,3,15],[14,6,2,1,22,10,18,13,9,3,11,21,15],[10,2,18,22,6,14,13,1,9,15],[14,22,6,10,18,2,13,1,9,3,15],[10,14,18,22,6,2,1,13,9,3,11,21,15],[14,6,2,13,18,22,10,1,9,3,11,21,15],[22,18,2,10,6,14,13,1,9,3,15],[14,6,2,13,10,22,18,1,9,3,15],[10,14,2,13,6,18,22,1,9,15],[18,2,6,10,14,1,22,13,9,15],[6,18,10,22,14,2,1,13,9,15],[14,22,18,10,2,13,6,1,9,3,15],[22,2,10,14,13,6,18,1,9,3,15],[18,22,2,10,6,14,13,1,9,3,11,21,15],[2,14,13,18,10,6,22,1,9,15],[18,22,10,2,14,13,6,1,9,15],[10,2,18,22,14,13,6,1,9,3,11,21,15],[22,6,2,14,13,18,10,1,9,3,15],[10,2,18,6,14,13,22,1,9,15],[22,2,6,18,10,14,13,1,9,15],[18,14,22,6,2,1,10,13,9,3,15],[6,18,22,14,2,1,10,13,9,15],[6,18,2,14,1,10,22,13,9,15],[2,18,14,13,6,10,22,1,9,15],[14,2,13,10,6,22,18,1,9,3,15],[22,10,2,6,18,14,1,13,9,15],[14,6,10,18,22,2,1,13,9,3,11,21,15],[14,6,18,22,10,2,13,1,9,15],[2,6,10,18,22,14,13,1,9,3,15],[22,6,18,10,2,14,1,13,9,3,11,21,15],[2,6,14,1,10,22,18,13,9,3,11,21,15],[2,6,14,1,18,22,10,13,9,3,11,21,15],[6,18,14,2,13,10,22,1,9,15],[14,18,6,10,2,1,22,13,9,15],[10,6,18,14,22,2,1,13,9,3,15],[6,10,14,22,18,2,1,13,9,3,11,21,15],[6,2,18,22,14,1,10,13,9,15],[10,18,22,14,6,2,13,1,9,3,11,15],[22,2,14,13,6,10,18,1,9,3,15],[2,14,1,6,22,10,18,13,9,3,15],[2,18,10,14,1,6,22,13,9,3,11,21,15],[18,14,2,1,10,6,22,13,9,15],[6,2,18,14,1,10,22,13,9,3,11,21,15],[6,2,10,14,1,18,22,13,9,15],[14,18,6,2,13,22,10,1,9,3,15],[2,10,14,13,18,22,6,1,9,15],[18,2,10,6,22,14,1,13,9,3,15],[2,22,14,1,18,10,6,13,9,3,15],[18,6,14,2,13,22,10,1,9,3,11,21,15],[22,6,18,10,14,2,13,1,9,15],[22,10,2,6,14,13,18,1,9,15],[18,6,10,22,2,14,1,13,9,15],[2,18,6,14,13,22,10,1,9,3,11,21,15],[18,22,10,14,6,2,1,13,9,3,15],[2,14,13,22,10,6,18,1,9,3,15],[22,2,18,10,6,14,13,1,9,15],[2,10,18,14,1,6,22,13,9,3,15],[10,6,14,22,18,2,13,1,9,3,15],[14,10,18,22,2,1,6,13,9,15],[18,6,2,10,22,14,13,1,9,3,15],[22,18,2,10,6,14,1,13,9,15],[2,14,13,18,6,10,22,1,9,15],[22,14,10,2,13,18,6,1,9,3,15],[10,14,6,2,13,22,18,1,9,15],[10,2,6,22,18,14,1,13,9,3,15],[2,22,6,14,13,10,18,1,9,3,11,21,15],[14,2,13,18,22,10,6,1,9,3,11,21,15],[2,14,13,6,10,18,22,1,9,3,11,21,15],[2,22,14,13,10,6,18,1,9,3,11,21,15],[6,10,22,14,2,13,18,1,9,15],[6,18,10,22,14,2,1,13,9,3,11,21,15],[14,22,2,13,10,6,18,1,9,3,15],[6,2,18,10,22,14,1,13,9,15],[6,14,22,18,10,2,13,1,9,15],[14,18,2,13,6,22,10,1,9,15],[2,22,10,18,14,1,6,13,9,3,15],[22,18,10,6,14,2,13,1,9,15],[10,14,2,13,22,6,18,1,9,3,15],[10,22,2,6,18,14,1,13,9,15],[6,22,10,18,14,2,1,13,9,3,11,21,15],[6,10,22,18,14,2,13,1,9,3,15],[2,6,14,1,10,18,22,13,9,3,15],[2,22,14,1,10,6,18,13,9,15],[22,2,14,1,6,10,18,13,9,15],[22,2,14,1,18,10,6,13,9,15],[10,18,6,22,14,2,1,13,9,3,15],[6,2,18,22,10,14,13,1,9,15],[18,22,14,10,6,2,13,1,9,3,11,21,15],[6,14,10,22,18,2,13,1,9,3,15],[18,2,10,22,14,13,6,1,9,15],[10,2,6,14,13,18,22,1,9,3,15],[6,2,22,10,14,1,18,13,9,3,15],[10,22,14,18,6,2,1,13,9,3,15],[22,18,6,2,10,14,13,1,9,15],[14,2,13,18,6,10,22,1,9,15],[18,6,2,14,13,22,10,1,9,3,15],[2,18,6,22,10,14,1,13,9,15],[22,14,2,13,6,10,18,1,9,15],[14,22,18,6,10,2,13,1,9,3,11,21,15],[6,18,2,22,10,14,13,1,9,3,11,21,15],[2,14,13,10,6,22,18,1,9,15],[18,10,14,6,2,1,22,13,9,3,11,15],[6,2,10,22,14,13,18,1,9,3,15],[6,14,10,2,13,18,22,1,9,3,11,21,15],[2,18,10,6,14,1,22,13,9,3,11,21,15],[18,2,22,14,1,6,10,13,9,3,15],[18,14,22,2,1,6,10,13,9,15],[14,10,2,13,22,18,6,1,9,15],[14,22,18,2,1,6,10,13,9,15],[6,22,10,14,2,1,18,13,9,3,11,21,15],[14,2,13,22,18,6,10,1,9,15],[10,6,22,2,14,1,18,13,9,15],[18,22,2,6,10,14,1,13,9,15],[18,14,2,13,10,22,6,1,9,3,15],[14,6,22,18,10,2,1,13,9,3,15],[10,2,18,6,22,14,1,13,9,3,11,21,15],[6,14,2,13,18,22,10,1,9,3,11,21,15],[18,22,2,14,13,6,10,1,9,3,15],[14,10,2,1,22,18,6,13,9,3,11,21,15],[14,6,2,1,18,22,10,13,9,3,15],[2,14,13,18,10,6,22,1,9,3,11,21,15],[14,18,6,10,22,2,1,13,9,3,15],[18,10,2,14,13,22,6,1,9,15],[14,2,1,10,6,22,18,13,9,15],[10,6,22,2,14,1,18,13,9,3,15],[2,6,22,14,1,10,18,13,9,3,15],[6,18,10,2,22,14,13,1,9,3,11,21,15],[18,14,6,2,13,22,10,1,9,15],[6,22,2,18,10,14,1,13,9,3,15],[10,6,14,18,2,1,22,13,9,3,15],[14,10,22,2,13,6,18,1,9,15],[2,22,14,13,6,10,18,1,9,15],[2,14,13,18,6,22,10,1,9,15],[2,22,10,6,14,1,18,13,9,3,15],[14,6,10,18,22,2,13,1,9,15],[2,14,1,18,6,22,10,13,9,15],[22,6,10,2,18,14,13,1,9,3,15],[2,6,22,10,18,14,1,13,9,15],[22,18,10,2,6,14,1,13,9,3,15],[2,18,6,14,1,22,10,13,9,3,15],[22,14,10,18,2,13,6,1,9,15],[14,22,2,13,18,10,6,1,9,3,15],[10,22,18,2,6,14,13,1,9,15],[2,10,6,14,13,22,18,1,9,3,15],[6,2,10,14,1,22,18,13,9,3,15],[14,6,10,2,13,22,18,1,9,15],[18,14,2,13,22,6,10,1,9,3,11,21,15],[10,22,14,18,6,2,13,1,9,15],[6,14,2,1,22,18,10,13,9,15],[14,10,22,6,18,2,13,1,9,15],[2,22,6,18,14,1,10,13,9,3,15],[10,18,22,2,14,13,6,1,9,3,15],[2,10,14,1,22,18,6,13,9,3,15],[10,2,22,6,14,1,18,13,9,15],[2,6,22,10,14,1,18,13,9,15],[22,18,10,6,14,2,1,13,9,15],[6,2,14,13,22,18,10,1,9,3,15],[18,6,2,22,10,14,13,1,9,15],[2,6,18,14,13,22,10,1,9,3,11,21,15],[2,6,14,1,22,18,10,13,9,15],[10,22,18,14,6,2,13,1,9,3,11,21,15],[2,10,22,6,18,14,1,13,9,15],[22,6,10,18,2,14,13,1,9,3,11,21,15],[2,22,6,14,1,10,18,13,9,15],[22,14,6,10,2,13,18,1,9,15],[2,14,1,6,22,10,18,13,9,3,15],[22,2,14,13,10,6,18,1,9,3,11,21,15],[14,22,6,10,2,1,18,13,9,15],[14,22,18,10,6,2,13,1,9,3,15],[2,22,14,13,10,6,18,1,9,15],[14,22,6,10,2,1,18,13,9,3,11,21,15],[18,6,10,22,2,14,13,1,9,3,15],[2,18,22,10,6,14,13,1,9,3,15],[10,14,6,18,2,1,22,13,9,3,15],[22,18,10,6,14,2,13,1,9,3,11,21,15],[22,2,10,6,14,1,18,13,9,3,11,21,15],[2,22,6,18,10,14,13,1,9,3,15],[18,22,6,10,14,2,1,13,9,15],[2,14,1,10,18,6,22,13,9,3,11,21,15],[10,2,6,22,14,13,18,1,9,3,11,21,15],[18,14,10,2,13,6,22,1,9,3,11,21,15],[14,10,22,2,13,6,18,1,9,15],[14,6,18,22,2,1,10,13,9,3,15],[2,6,22,10,18,14,1,13,9,3,15],[14,6,2,1,18,22,10,13,9,15],[14,2,13,18,6,10,22,1,9,3,11,21,15],[10,6,2,14,13,22,18,1,9,3,15],[22,2,18,10,14,1,6,13,9,3,11,21,15],[18,14,10,2,13,22,6,1,9,15],[6,14,22,18,10,2,1,13,9,3,11,21,15],[2,22,10,18,6,14,1,13,9,15],[10,18,14,2,13,6,22,1,9,15],[2,14,13,10,6,18,22,1,9,3,11,15],[6,18,22,14,10,2,1,13,9,15],[22,6,18,14,2,1,10,13,9,15],[6,10,14,18,2,13,22,1,9,15],[2,10,22,14,1,6,18,13,9,3,11,21,15],[22,14,2,13,6,10,18,1,9,3,11,21,15],[22,14,18,2,1,10,6,13,9,3,15],[10,14,18,6,22,2,13,1,9,15],[18,10,22,14,2,13,6,1,9,3,11,21,15],[6,2,10,14,1,22,18,13,9,3,11,21,15],[2,10,6,18,22,14,1,13,9,15],[18,6,2,14,1,10,22,13,9,15],[22,2,14,1,10,18,6,13,9,3,15],[18,10,22,2,6,14,1,13,9,15],[2,6,18,22,14,1,10,13,9,3,15],[6,18,2,14,1,10,22,13,9,3,11,21,15],[14,2,1,18,22,10,6,13,9,3,15],[18,2,22,14,1,10,6,13,9,15],[6,14,18,2,13,10,22,1,9,3,11,21,15],[10,6,14,2,13,18,22,1,9,15],[18,10,6,14,22,2,13,1,9,3,15],[6,18,10,14,22,2,13,1,9,15],[2,14,1,6,18,10,22,13,9,3,11,21,15],[18,2,14,13,6,22,10,1,9,3,15]],"n_human":6}