{"problem_id":"IlOGxYFXiOX7xhQ","sigma":75,"alpha":10.000,"cost":1,"probabilities":"[0.15, 0.24, 0.13, 0.48]","payoff_matrix":"[[25, -8, 87, 92, 11, -101], [-39, 38, -105, -65, -10, -24], [14, -76, -23, -54, -72, 1], [59, 12, -6, 67, -39, 93]]","uncovered":[[24,20,4,2,8,12,16,14,22,6,1,23],[16,20,8,12,4,14,24,2,22,7,13,21,1,23,15,3],[12,24,4,22,2,16,14,8,20,5,13,21,3,15,23,1,6],[8,12,24,16,22,14,4,2,20,7,23],[20,4,12,24,2,8,16,22,14,7,1,21,3,23,13],[20,16,8,12,4,2,24,22,14,1,23],[12,4,16,14,24,20,8,22,2,6,23],[4,20,24,12,2,16,22,14,8,7,23],[12,16,4,14,8,20,24,2,22,1,21,23,3,13,15,6,5],[20,16,24,22,14,4,2,12,8,7,23],[16,24,14,20,4,12,22,2,8,6,3,23],[24,12,20,8,16,14,4,2,22,3,21,1,23,13,15,6,5],[16,20,4,14,12,8,24,2,22,7,1,21,23,3,13],[24,20,16,14,4,12,8,22,2,6,3,23],[24,20,16,22,14,12,8,4,2,1,23],[16,24,22,14,20,4,2,8,12,6,3,23],[16,20,8,12,4,14,24,2,22,5,23],[4,20,24,12,8,2,16,22,14,1,21,3,23,13,15,6,5],[24,20,12,4,8,2,16,14,21,22,1,3,23,13,15,6,5],[16,20,8,12,4,2,24,22,14,6,1,23],[20,12,24,4,8,2,16,14,22,6,21,1,23,3,13,15,7],[8,4,24,22,2,20,16,14,12,6,21,1,23,3,15,5],[20,24,12,8,4,22,2,16,14,7,1,21,3,23,13],[4,24,8,2,12,20,16,14,22,7,3,23],[16,20,24,22,14,8,12,4,2,7,1,21,3,23,13],[20,12,4,24,8,22,2,16,14,23,7],[20,12,8,4,24,2,16,22,14,6,1,23],[4,16,14,12,8,20,24,22,2,6,13,21,1,23,15,3,5],[8,16,20,4,14,24,22,2,12,6,23],[8,12,16,20,24,22,14,4,2,3,6,23],[4,12,24,22,2,16,14,20,8,5,21,1,23,3,15,6],[4,24,16,22,14,2,8,20,12,6,21,1,23,3,13,15,5],[20,16,12,8,4,14,24,22,2,21,3,1,23,13,15,6,7],[20,12,16,24,22,14,4,2,8,15,7],[8,16,24,14,12,20,4,22,2,1,23],[16,4,2,12,24,14,8,20,22,6,1,21,3,23,13,15,5],[12,24,8,4,16,14,2,20,22,5,21,1,3,23,13,15,6],[12,4,20,16,2,8,24,14,22,6,1,23],[24,4,12,22,2,8,20,16,14,6,23],[12,24,16,14,8,20,4,2,22,6,1,21,23,3,15,5],[8,4,12,24,20,2,16,14,22,6,11,1,21,23,3,13,15],[24,8,16,14,20,4,12,22,2,6,23],[24,4,16,14,12,8,2,20,22,5,23],[4,20,16,2,24,22,14,12,8,1,21,23,3,6,13,15,5],[8,12,16,24,14,4,20,22,2,6,3,21,1,23,13,15,5],[20,12,8,4,16,2,24,14,22,7,23],[16,12,20,8,24,22,14,4,2,3,21,1,23,6,15,5],[12,16,24,14,4,8,2,20,21,22,1,3,23,6,13,15,5],[24,16,14,4,12,20,8,22,2,7,23],[16,4,14,12,20,24,22,2,8,23,6],[12,4,24,20,2,8,16,14,22,23,6],[20,24,4,8,2,12,16,14,22,7,15],[20,24,8,16,22,14,12,4,2,7,13,21,1,15,23,3],[20,24,8,4,22,2,12,16,14,6,23],[12,20,16,4,2,24,14,8,22,6,15,21,1,3,23,5],[12,8,24,4,20,16,14,22,2,6,3,23],[8,24,12,4,20,2,16,14,22,1,23],[4,12,8,16,2,24,14,20,22,5,23],[12,8,24,20,16,22,14,4,2,6,1,21,23,3,13,15,5],[12,20,16,4,14,24,22,2,8,7,21,1,23,3,13],[12,8,4,20,24,22,2,16,14,21,1,23,3,13,15,6,5],[20,24,8,16,22,14,4,2,12,6,3,15],[20,16,4,14,24,2,8,12,22,6,23],[24,12,20,16,14,8,4,2,22,7,23],[12,8,24,16,22,14,4,2,20,6,13,21,1,15,23,3,5],[12,20,24,16,22,14,4,2,8,3,7,23],[12,16,24,22,14,4,2,20,8,5,3,21,1,23,15,6],[12,24,16,14,20,4,22,2,8,5,10,3],[16,12,8,4,2,24,22,14,20,6,1,21,3,23,13,15,5],[20,12,8,16,4,14,24,22,2,7,1,21,3,23,13],[8,20,4,24,12,16,14,2,22,6,1,21,3,23,13,15,5],[4,8,20,16,2,24,14,12,22,6,21,1,23,3,13,15,5],[8,16,24,14,20,4,2,12,22,3,23],[24,20,16,22,14,12,8,4,2,6,10,23],[16,20,4,2,24,22,14,8,12,6,21,1,23,3,15,5],[4,8,12,20,24,22,2,16,14,6,1,23],[16,12,4,2,24,14,20,8,22,1,21,3,23,15,6,7],[20,16,4,14,24,22,2,12,8,6,15,21,1,3,23,5],[4,8,24,16,14,2,12,20,22,7,21,1,23,3,13],[8,4,16,14,24,22,2,12,20,1,23],[4,16,2,24,14,20,12,8,22,6,1,23],[16,20,24,14,4,22,2,12,8,5,21,1,3,23,13,15,6],[16,24,22,14,8,12,20,4,2,7,21,1,3,23,13],[12,8,20,24,4,22,2,16,14,6,21,1,23,3,13,15,5],[20,24,8,4,2,12,16,22,14,6,1,21,23,3,13,15,5],[4,8,20,24,12,2,16,22,14,6,1,21,23,3,15,7],[16,12,4,14,24,20,22,2,8,6,1,23],[12,8,20,16,24,14,4,22,2,9,6,11,10,23],[8,24,4,22,2,12,16,14,20,5,1,21,3,23,13,15,6],[24,20,4,8,2,16,14,12,22,6,21,1,3,23,13,15,5],[8,12,4,24,2,20,16,22,14,6,21,1,3,23,13,15,5],[4,24,8,22,2,12,16,14,20,6,21,1,23,3,13,15,5],[24,4,20,22,2,16,14,8,12,6,23],[4,12,8,24,20,2,16,14,22,5,23],[16,12,4,2,24,22,14,8,20,7,21,1,23,3,13],[16,20,8,24,22,14,4,2,12,6,3,21,1,23,13,15,5],[4,24,20,12,2,8,16,14,22,6,3,23],[8,4,24,12,2,16,22,14,20,23,5],[20,16,12,24,14,8,4,22,2,3,6,21,1,23,13,15,5],[8,4,12,24,16,14,2,20,22,6,23],[24,12,20,8,16,22,14,4,2,5,3,21,1,23,13,15,6],[8,4,20,16,14,12,24,2,22,6,5,9,21,1,3,23,10,15],[20,8,4,12,16,2,24,22,14,6,3,21,1,23,13,15,5],[20,4,8,16,2,24,14,12,22,6,21,1,3,23,13,15,5],[16,4,14,12,20,24,2,8,22,5,1,23],[20,24,4,16,14,22,2,12,8,6,9,10,1,23],[12,24,4,8,2,20,16,22,14,5,6,21,1,3,23,13],[24,20,8,12,4,16,22,14,2,5,1,21,3,23,13,15],[4,24,12,20,22,2,16,14,8,6,1,23],[4,8,20,16,14,24,22,2,12,6,1,23],[8,24,20,12,16,22,14,4,2,7,23],[16,12,4,14,20,8,24,2,23,22,1],[12,20,8,24,4,16,22,14,2,7,1,21,3,23,13],[16,20,24,22,14,4,2,12,8,1,21,23,3,13,15,6,5],[20,16,24,22,14,8,4,2,12,7,23],[20,12,4,8,16,2,24,22,14,7,23],[8,20,24,16,14,4,12,2,22,6,21,1,23,3,13,15,5],[8,12,4,24,22,2,16,14,20,6,3,21,1,23,13,15,5],[12,16,8,24,22,14,4,2,20,6,21,1,3,23,13,15,5],[4,24,20,16,22,14,2,8,12,6,23],[24,12,20,8,4,2,16,22,14,7,1,21,23,3,15],[12,8,4,16,14,24,20,2,22,6,11,21,1,3,23,15,5],[20,16,4,14,24,2,12,8,22,6,1,23],[16,4,14,8,20,24,2,12,22,6,15,23],[20,24,4,2,12,8,16,14,22,5,3,23],[20,12,24,8,16,14,4,22,2,1,21,3,23,13,15,6,5],[12,24,20,4,8,2,16,14,23,22,7],[4,20,12,16,14,24,8,2,22,6,1,21,23,3,13,15,5],[16,8,24,14,12,20,4,22,2,6,21,1,23,3,13,15,5],[20,8,16,12,24,14,4,2,22,21,1,3,23,13,15,6,7],[8,12,4,24,2,16,22,14,20,7,1,23],[12,4,24,8,2,20,16,22,14,6,21,3,1,23,15,5],[20,8,24,4,12,16,14,22,2,7,1,23],[4,8,16,2,12,24,22,14,20,6,13,21,1,15,23,3,5],[12,16,4,2,8,20,24,22,14,6,23],[12,20,8,16,4,14,24,22,2,7,23],[20,12,4,24,16,22,14,2,8,6,21,1,23,3,13,15,5],[20,12,24,4,2,16,22,14,8,21,1,23,3,15,6,5],[8,24,16,14,12,20,4,22,2,6,21,1,23,3,13,15,5],[16,24,22,14,4,2,8,20,12,6,13,21,23,15,1,3,5],[12,20,8,24,4,2,16,14,23,22,6],[4,20,24,8,2,12,16,22,14,7,1,23],[16,4,2,20,12,24,22,14,8,6,1,21,23,3,15,5],[12,24,16,14,4,2,8,20,22,1,23],[20,16,8,24,22,14,12,4,2,21,1,3,23,13,15,6,5],[12,16,24,14,20,4,22,2,8,21,1,23,3,6,13,15,7],[20,8,12,16,24,22,14,4,2,1,21,3,23,13,15,6,5],[20,4,24,22,2,8,12,16,14,3,6,21,1,23,13,15,7],[16,8,20,24,14,4,22,2,12,23,6],[24,8,12,20,4,16,22,14,2,6,21,1,23,3,13,15,5],[4,12,16,14,20,24,2,8,22,6,1,21,23,3,13,15,5],[20,8,4,12,24,22,2,16,14,7,1,21,3,23,13],[4,20,24,8,12,2,16,14,22,6,23],[16,20,12,4,14,8,24,22,2,21,1,23,3,6,13,15,5],[4,12,16,14,20,24,8,22,2,21,1,3,23,13,15,6,5],[16,20,4,2,24,14,8,12,22,7,1,21,3,23,13],[4,20,24,8,12,2,16,22,14,5,1,21,23,3,13,15,6],[8,4,24,2,20,12,16,14,22,6,21,1,3,23,13,15,5],[20,8,4,12,16,14,24,2,22,7,23],[12,24,4,2,8,16,14,20,22,5,1,21,23,3,13,15,6],[8,4,12,16,2,24,14,20,22,21,1,3,23,13,15,6,5],[16,20,24,22,14,4,2,12,8,6,1,23],[16,8,12,24,22,14,20,4,2,6,23],[12,8,4,20,16,2,24,22,14,5,21,1,23,3,13,15,6],[20,4,8,12,24,16,22,14,2,6,3,21,1,23,13,15,5],[12,4,24,8,16,22,14,2,20,9,10,6,21,1,3,23,13],[12,20,16,8,24,14,4,22,2,23,6],[8,12,4,24,20,2,16,14,22,6,13,21,23,15,1,3,5],[4,24,12,8,22,2,16,14,20,6,1,21,3,23,13,15,5],[16,8,20,24,14,4,22,2,12,7,1,21,3,23,15],[20,8,4,12,24,16,22,14,2,5,23],[24,20,8,4,16,22,14,2,12,6,1,23],[12,4,8,16,14,24,20,2,22,6,21,1,3,23,13,15,7],[16,24,22,14,4,2,20,8,12,6,21,1,23,3,13,15,5],[16,24,22,14,12,4,2,8,20,7,23],[24,20,12,8,4,2,16,14,22,1,21,3,23,6,13,15,7],[20,12,4,24,2,16,22,14,8,6,1,21,3,23,13,15,5],[16,20,24,22,14,4,2,12,8,5,1,23],[8,4,20,12,24,2,16,22,14,7,23],[24,8,4,20,16,14,22,2,12,6,23],[24,12,20,16,22,14,4,2,8,7,21,1,23,3,13],[4,12,8,16,14,24,20,22,2,6,1,21,23,3,13,15,7],[20,4,12,8,24,22,2,16,14,6,1,23],[12,8,16,24,14,20,4,22,2,5,1,21,3,23,13,15,6],[4,16,14,12,24,2,8,20,22,3,6,23],[8,4,20,16,2,24,22,14,12,5,1,21,23,3,15,6],[4,12,24,16,22,14,2,20,8,5,3,23],[20,16,12,4,14,24,8,22,2,6,1,23],[4,8,12,24,22,2,16,14,20,6,23],[20,16,24,22,14,12,8,4,2,7,1,21,23,3,13],[16,24,22,14,4,2,12,20,8,6,1,21,3,23,13,15,5],[4,12,20,8,16,14,24,22,2,6,21,1,3,23,13,15,5],[20,16,4,2,12,24,14,8,22,5,3,21,1,23,15,6],[8,4,20,24,22,2,12,16,14,6,21,1,3,23,15,5],[24,16,22,14,20,12,4,2,8,6,1,21,3,23,13,15,5],[8,24,20,12,4,16,14,22,2,5,23],[8,12,20,24,4,2,16,14,22,6,3,21,1,23,15,7],[4,8,20,16,14,24,12,22,2,21,3,1,23,15,6,5],[4,24,12,16,14,22,2,8,20,13,21,1,6,15,23,3,5],[20,8,4,16,14,24,12,22,2,6,21,1,3,23,13,15,5],[20,12,16,24,14,8,4,2,22,6,3,21,1,23,13,15,7],[24,16,14,20,8,4,2,12,22,6,5,23],[20,16,8,24,14,4,2,12,22,6,3,23],[4,8,20,16,2,12,24,22,14,6,23],[20,12,8,24,4,16,14,22,2,6,23],[20,8,16,24,14,12,4,2,22,21,1,23,3,6,13,15,5],[8,4,16,14,24,12,2,20,22,1,21,23,3,13,15,6,5],[16,20,12,24,14,4,22,2,8,6,1,21,3,23,13,15,5],[4,8,20,24,16,14,12,2,22,7,3,23],[16,24,22,14,12,8,4,2,20,7,23],[4,16,2,20,24,14,8,12,22,6,3,23],[12,16,24,22,14,20,4,2,8,23,6],[4,8,16,14,12,20,24,22,2,21,1,23,3,6,13,15,5],[20,16,4,14,8,12,24,22,2,1,21,3,23,13,15,6,5],[4,20,8,24,12,2,16,14,22,7,15],[16,12,20,24,14,8,4,2,22,6,1,21,3,23,13,15,5],[12,20,8,4,16,2,24,14,22,1,21,23,3,13,15,6,5],[12,20,16,4,2,8,24,14,22,5,9,10,3],[20,12,4,8,24,16,14,22,2,6,21,1,3,23,13,15,5],[4,20,24,2,12,16,14,8,22,5,9,10,23],[4,12,16,2,24,22,14,8,20,6,21,1,3,23,13,15,5],[12,4,16,2,20,8,24,14,22,21,3,1,23,13,15,6,5],[16,8,24,22,14,20,4,2,12,7,11,23],[12,4,16,14,20,8,24,22,2,5,3,23],[20,8,12,24,16,22,14,4,2,6,21,1,3,23,15,5],[8,24,12,16,14,20,4,22,2,5,3,23],[8,20,24,4,12,2,16,22,14,6,1,21,23,3,13,15,5],[4,16,14,24,22,2,20,8,12,6,1,21,3,23,13,15,5],[16,12,4,2,20,24,14,8,22,5,1,23],[24,12,16,22,14,20,4,2,8,7,1,21,3,23,13],[12,8,16,20,24,14,4,2,22,3,6,23],[12,24,8,4,2,20,16,14,22,7,3,21,1,23,13],[8,16,4,14,24,2,20,12,22,6,1,23],[8,4,20,16,2,24,14,12,22,6,10,21,1,3,23,13],[4,24,22,2,20,16,14,12,8,6,21,3,1,23,13,15,5],[12,16,8,20,24,22,14,4,2,6,3,23],[16,8,12,20,4,2,24,14,22,11,6,23],[12,16,8,20,4,14,24,2,21,22,1,3,23,6,13,15,5],[12,24,8,20,4,2,16,14,22,6,3,23],[16,20,8,24,14,4,22,2,12,13,21,3,15,23,1,6,7],[20,4,24,12,22,2,16,14,8,7,3,21,1,23,13],[8,4,24,16,22,14,2,12,20,6,21,1,23,3,13,15,5],[12,16,8,4,2,20,24,14,22,6,21,1,23,3,15,5],[8,20,4,16,14,24,2,12,22,23,6],[12,4,24,2,20,16,14,8,22,6,1,21,3,23,13,15,5],[20,4,8,24,2,12,16,14,23,22,5],[16,12,8,4,2,20,24,22,14,5,23],[4,24,20,12,8,16,22,14,2,1,5,21,23,3,13,15,6],[16,12,20,8,24,22,14,4,2,5,3,21,1,23,15,6],[24,4,8,20,16,22,14,2,12,7,23],[24,20,4,2,16,14,8,12,22,6,21,1,3,23,13,15,5],[20,8,16,4,2,12,24,22,14,7,1,21,3,23,13],[12,16,24,22,14,4,2,8,20,5,11,21,1,23,3,13,15],[12,8,20,24,16,14,4,2,21,22,1,23,3,6,13,15,5],[20,8,16,24,14,4,2,12,22,6,1,21,3,23,13,15,5],[24,4,12,2,16,14,8,20,22,6,5,23],[20,24,16,14,12,4,22,2,8,23,6],[20,24,12,16,22,14,8,4,2,7,13,21,23,1,15,3],[8,16,12,4,2,20,24,14,22,5,1,21,3,23,15,6],[16,8,12,24,14,4,20,2,22,5,1,21,23,3,13,15,6],[24,8,20,4,22,2,16,14,12,1,23],[12,20,16,24,14,8,4,2,22,1,23],[12,8,20,16,24,22,14,4,2,6,23],[24,8,4,22,2,16,14,12,20,6,15,23],[12,24,20,16,22,14,8,4,2,6,3,21,1,23,13,15,5],[4,12,20,16,14,24,22,2,8,5,13,21,23,1,15,3,6],[16,12,8,20,4,14,24,2,22,7,21,1,23,3,13],[4,24,2,8,16,14,12,20,22,1,21,23,3,13,15,6,5],[4,8,24,2,12,20,16,22,14,7,21,1,3,23,13],[20,4,8,12,16,14,24,22,2,1,21,3,23,13,15,6,5],[24,20,8,4,12,16,22,14,2,6,21,1,3,23,13,15,5],[4,16,2,12,24,22,14,8,20,6,3,21,1,23,13,15,7],[16,12,8,4,14,20,24,22,2,6,3,21,1,23,13,15,5],[20,4,24,16,14,12,22,2,8,6,9,11,1,21,23,3,13,15,5],[16,4,14,8,24,2,12,20,22,6,21,1,3,23,13,15,5],[24,4,22,2,16,14,8,12,20,6,11,1,21,3,23,13,15,5],[16,8,4,14,20,12,24,2,22,5,3,23],[16,12,8,20,24,14,4,22,2,6,1,23],[4,16,14,12,8,24,20,22,2,1,23],[4,8,24,20,12,16,14,2,21,22,1,3,23,6,13,15,5],[24,12,8,16,22,14,20,4,2,7,1,21,23,3,13],[8,4,16,14,24,12,2,20,22,6,21,1,3,23,13,15,5],[20,24,16,14,12,4,8,2,23,22,5],[8,24,12,20,4,2,16,14,22,5,21,1,23,3,13,15,6],[12,4,24,20,22,2,8,16,14,5,7,3],[4,20,12,8,24,22,2,16,14,5,3,21,1,23,13,15,6],[8,16,12,20,4,14,24,2,22,6,23],[4,8,24,20,22,2,16,14,12,5,1,23],[4,16,14,20,12,24,8,2,22,7,13,21,1,23,15,3],[12,4,16,14,24,22,2,20,8,6,1,23],[4,12,16,2,20,8,24,14,22,5,1,21,23,3,13,15,6],[16,12,8,4,2,24,22,14,20,1,23],[8,24,12,16,14,4,2,20,21,22,1,23,3,15,6,5],[20,24,12,16,14,8,4,2,22,7,1,21,3,23,13],[4,16,2,24,14,8,12,20,22,6,3,21,1,23,13,15,5],[8,16,4,2,20,12,24,22,14,21,1,3,23,6,13,15,5],[12,4,16,14,8,24,22,2,20,21,3,1,23,6,13,15,7],[16,8,4,2,20,24,14,12,22,7,23],[12,16,4,2,24,14,8,20,22,5,23],[8,24,20,12,16,22,14,4,2,5,23],[4,16,2,24,22,14,20,12,8,6,1,21,23,3,13,15,5],[20,4,16,2,24,22,14,12,8,6,23],[16,24,14,8,12,20,4,22,2,6,1,21,23,3,13,15,5],[20,8,12,24,16,22,14,4,2,7,23],[24,12,20,16,14,4,22,2,8,6,1,21,23,3,13,15,5],[12,16,24,22,14,8,20,4,2,1,23],[12,20,4,8,16,2,24,14,22,6,1,21,3,23,13,15,5],[20,4,24,8,12,2,16,14,22,6,1,21,23,3,13,15,5],[16,4,2,20,12,24,22,14,8,7,1,21,3,23,15],[4,8,16,14,24,12,20,22,2,6,3,23],[20,8,16,4,14,24,12,22,2,6,19,3,21,1,23,13,15,5],[4,20,24,8,2,16,22,14,12,7,21,1,23,3,15],[8,12,20,24,4,16,14,22,2,6,1,21,23,3,13,15,5],[20,4,8,16,2,24,22,14,12,6,1,21,3,23,13,15,7],[12,16,8,4,2,24,14,20,22,6,10,21,1,23,3,13],[12,8,16,20,24,22,14,4,2,7,23],[12,20,24,16,14,8,4,2,22,6,23],[24,4,20,16,14,2,12,8,22,7,23],[20,24,8,4,16,22,14,2,12,7,1,21,23,3,13],[20,4,16,2,12,8,24,14,22,6,1,21,3,23,15,5],[24,20,16,14,4,22,2,12,8,6,13,21,23,1,15,3,5],[16,20,12,24,14,8,4,2,22,7,1,21,3,23,13],[12,24,8,4,20,16,22,14,2,1,21,23,3,13,15,6,5],[24,12,8,16,22,14,4,2,20,6,3,15],[24,8,16,22,14,20,4,2,12,5,21,3,1,23,15,6],[16,4,14,20,8,24,22,2,12,3,21,1,23,13,15,6,5],[4,24,2,8,16,14,20,12,22,7,1,21,23,3,13],[12,20,24,16,22,14,8,4,2,6,21,1,23,3,13,15,5],[16,12,4,2,24,22,14,20,8,6,21,1,3,23,13,15,5],[8,4,20,16,14,24,22,2,12,6,1,21,23,3,13,15,5],[16,24,22,14,8,20,12,4,2,6,1,21,23,3,13,15,5],[20,12,4,16,2,8,24,14,22,6,13,23,21,15,3,1,5],[8,20,4,16,2,24,22,14,12,5,3,15],[8,12,24,16,14,4,20,2,21,22,1,23,3,13,15,6,5],[20,16,24,14,8,4,2,12,22,7,1,21,3,23,13],[12,8,4,24,16,22,14,2,20,7,1,23],[16,24,22,14,4,2,8,20,12,6,1,21,23,3,13,15,5],[4,20,24,12,2,16,22,14,8,6,7,21,1,3,23,13],[16,24,22,14,12,20,8,4,2,7,3,21,1,23,13],[20,4,8,24,12,2,16,14,22,5,21,1,23,3,13,15,6],[20,12,24,4,22,2,8,16,14,6,13,21,15,23,1,3,7],[4,8,12,20,24,22,2,16,14,6,23],[4,16,2,24,22,14,20,12,8,6,1,21,3,23,13,15,5],[24,8,2,20,12,16,22,14,4,3,21,1,23,13,15,6,5],[24,4,16,14,8,2,12,20,22,6,3,21,1,23,13,15,5],[8,4,12,24,16,22,14,2,20,5,3,23],[20,24,4,16,14,8,2,12,22,6,1,21,23,3,13,15,5],[20,4,8,24,22,2,12,16,14,1,21,23,3,13,15,6,5],[4,12,8,16,2,24,14,20,22,6,23],[4,12,16,2,20,8,24,14,22,6,3,10,23],[20,4,24,2,16,22,14,8,12,6,1,23],[24,20,8,12,4,22,2,16,14,21,1,3,23,5,13,15,6],[24,20,16,22,14,8,12,4,2,6,13,21,1,23,15,3,5],[4,8,16,14,24,2,12,20,22,5,23],[4,24,20,8,22,2,16,14,12,6,21,1,3,23,13,15,5],[8,20,4,16,2,12,24,14,22,5,23],[20,16,24,14,8,12,4,2,22,6,3,23],[16,4,2,20,24,14,12,8,22,6,21,1,23,3,13,15,5],[20,4,8,24,12,16,22,14,2,7,3,21,1,23,13],[12,8,16,4,2,24,14,20,22,23,6],[16,8,12,24,14,4,22,2,20,5,23],[20,8,4,16,14,24,22,2,12,6,21,1,23,3,15,5],[24,20,4,12,16,22,14,2,8,6,21,1,23,3,13,15,5],[12,8,24,20,4,16,14,22,2,3,21,1,23,13,15,6,5],[8,12,24,20,4,22,2,16,14,7,13,21,1,23,15,3],[20,24,12,8,4,2,16,22,14,1,7,23],[4,24,22,2,16,14,20,8,12,6,21,1,3,23,13,15,7],[20,4,16,14,8,12,24,2,22,6,3,21,1,23,13,15,5],[16,8,24,14,20,4,12,2,22,6,3,23],[16,8,20,24,14,4,12,22,2,6,3,23],[8,12,16,24,22,14,4,2,20,5,9,10,13,21,1,15,23,3],[20,16,8,4,14,12,24,22,2,6,23],[20,8,24,4,22,2,12,16,14,5,1,21,3,23,13,15,6],[4,8,12,24,20,22,2,16,14,7,21,1,3,23,13],[20,16,24,14,12,8,4,2,22,5,1,23],[16,4,2,8,12,24,22,14,20,6,21,1,3,23,15,5],[8,4,20,16,14,12,24,2,22,7,1,23],[4,24,8,20,22,2,16,14,12,6,21,1,3,23,13,15,5],[12,20,8,16,24,14,4,22,2,6,1,21,3,23,15,5],[20,8,16,12,24,22,14,4,2,6,21,1,23,3,15,5],[12,4,16,14,8,20,24,2,23,22,6],[8,16,24,22,14,4,2,20,12,3,9,6,10,21,1,23,13],[8,16,24,14,4,12,22,2,20,6,13,21,23,15,1,3,5],[4,12,20,16,14,8,24,2,22,6,1,23],[24,4,20,8,16,22,14,2,12,6,23],[12,20,8,4,16,14,24,2,22,6,23],[8,4,20,12,16,2,24,22,14,6,3,21,1,23,15,7],[20,12,4,24,22,2,16,14,8,21,1,3,23,13,15,6,5],[16,4,2,8,12,20,24,14,22,7,3,21,1,23,13],[4,20,16,2,12,8,24,22,14,3,6,21,1,23,13,15,5],[4,12,24,8,20,16,14,2,22,6,15,21,1,23,3,7],[8,24,20,4,22,2,16,14,12,21,1,23,3,15,6,5],[16,8,4,14,24,22,2,12,20,7,1,21,23,3,15],[16,12,20,4,14,8,24,22,2,6,3,23],[8,16,20,4,2,24,22,14,12,6,1,23],[8,20,12,16,24,22,14,4,2,7,21,1,3,23,13],[4,8,12,24,20,22,2,16,14,6,21,1,23,3,13,15,5],[8,16,4,2,24,14,12,20,21,22,1,3,23,6,13,15,5],[16,24,22,14,20,4,2,12,8,6,15,23],[12,20,24,16,14,4,2,8,22,5,21,1,23,3,15,6],[20,4,12,24,2,8,16,14,22,23,5],[12,8,16,20,24,14,4,22,2,6,1,21,3,23,15,7],[20,8,12,4,24,16,22,14,2,1,21,23,3,13,15,6,5],[4,20,8,12,16,2,24,14,22,5,1,21,3,23,13,15,6],[16,24,14,4,2,12,20,8,22,7,1,23],[12,24,4,22,2,16,14,8,20,6,13,23,21,15,1,3,5],[8,12,4,24,16,22,14,2,20,7,1,23],[8,20,4,16,2,12,24,14,22,6,23],[16,4,14,12,24,22,2,20,8,5,3,21,1,23,13,15,6],[24,8,12,4,2,16,22,14,20,7,9,10],[4,16,14,8,12,24,22,2,20,6,23],[20,12,8,4,24,2,16,22,14,1,21,23,3,6,13,15,5],[24,4,22,2,20,12,16,14,8,6,21,1,23,3,13,15,5],[8,24,16,22,14,12,20,4,2,6,3,21,1,23,13,15,5],[16,12,24,22,14,8,20,4,2,6,3,23],[4,8,24,16,22,14,2,20,12,1,23],[12,8,24,16,14,20,4,22,2,6,1,21,3,23,13,15,7],[24,16,22,14,12,20,4,2,8,6,21,1,3,23,13,15,5],[20,4,16,14,24,22,2,8,12,19,6,13,23,21,3,15,1,5],[16,20,12,8,4,2,24,14,22,7,23],[12,4,24,20,8,2,16,14,22,7,23],[12,4,20,16,14,24,8,22,2,1,21,3,23,13,15,6,5],[4,8,16,14,12,24,22,2,20,13,21,1,3,15,23,6,5],[4,16,14,8,24,22,2,20,12,5,23],[8,12,24,4,20,2,16,22,14,6,9,3,21,1,23,10,13],[4,8,24,22,2,12,16,14,20,6,1,23],[8,16,24,22,14,12,4,2,20,3,21,1,23,13,15,6,5],[8,4,20,24,22,2,16,14,12,5,23],[24,16,22,14,8,4,2,20,12,9,10,6,21,1,3,23,13],[4,8,16,2,20,24,22,14,12,6,23],[24,4,2,8,12,16,14,20,22,6,21,3,1,23,13,15,5],[24,20,16,22,14,4,2,12,8,6,23],[24,8,16,14,4,20,2,12,22,7,1,21,23,3,15],[24,12,4,20,2,16,14,8,22,6,1,21,23,3,13,15,5],[12,8,20,4,16,2,24,14,22,5,21,1,23,3,13,15,6],[20,16,4,2,8,24,14,12,22,6,21,1,23,3,13,15,5],[12,4,8,20,24,2,16,22,14,6,1,21,3,23,13,15,5],[4,20,12,16,2,24,14,8,22,5,1,21,23,3,15,6],[20,24,8,4,2,16,14,12,22,6,1,23],[8,12,20,4,16,14,24,2,22,6,3,23],[12,20,24,16,14,8,4,2,22,7,15],[4,8,20,16,14,12,24,22,2,6,21,1,3,23,13,15,7],[24,16,22,14,4,2,8,12,20,6,3,21,1,23,13,15,5],[4,20,16,2,24,14,8,12,22,6,3,21,1,23,13,15,5],[12,4,20,16,14,8,24,2,22,13,21,1,6,15,23,3,5],[16,4,14,20,8,24,22,2,12,9,10,6,23],[24,4,2,20,12,16,14,8,22,7,21,1,23,3,13],[8,16,4,14,12,24,22,2,20,23,7],[20,16,24,14,8,4,22,2,12,6,1,21,23,3,13,15,5],[8,16,24,22,14,4,2,12,20,7,3,23],[20,24,16,22,14,8,4,2,12,21,1,3,23,13,6,15,5],[8,4,16,14,12,24,22,2,20,3,21,1,23,13,15,6,5],[16,24,22,14,8,12,4,2,20,7,3,21,1,23,13],[12,4,20,16,14,24,8,2,22,6,1,23],[8,16,20,12,4,14,24,22,2,6,23],[24,16,14,8,12,4,2,20,22,6,1,21,23,3,15,5],[8,24,16,14,4,22,2,20,12,5,21,1,3,23,13,15,6],[20,12,24,4,8,22,2,16,14,6,5,23],[20,8,12,24,16,22,14,4,2,6,21,1,23,3,13,15,5],[16,8,24,14,4,22,2,12,20,6,3,23],[8,24,20,16,14,12,4,22,2,6,3,21,1,23,13,15,5],[16,12,4,14,24,20,2,8,22,1,21,23,3,13,15,6,5],[4,20,24,2,12,16,22,14,8,7,1,21,3,23,13],[4,12,24,16,14,22,2,8,20,5,23],[4,20,16,2,8,24,22,14,12,1,21,23,3,13,6,15,7],[12,4,24,16,22,14,2,20,8,21,1,23,3,13,15,6,5],[8,20,4,16,14,24,2,12,22,15,6,3],[20,16,12,24,14,8,4,22,2,6,1,21,23,3,13,15,5],[12,4,16,2,20,8,24,14,22,6,23],[24,4,22,2,8,16,14,20,12,6,13,23,21,15,1,3,5],[20,24,4,12,22,2,16,14,8,3,23],[20,8,24,4,22,2,12,16,14,6,21,1,3,23,13,15,5],[12,24,16,14,20,8,4,2,22,6,23],[24,20,4,22,2,16,14,8,12,6,13,21,3,23,15,1,5],[16,4,14,20,8,12,24,22,2,1,21,3,23,6,15,5],[20,8,4,16,14,12,24,2,22,6,21,1,3,23,15,5],[12,16,8,4,14,20,24,2,22,6,23],[16,4,2,8,20,12,24,14,22,6,1,21,23,3,13,15,5],[20,8,12,16,24,14,4,22,2,23,5],[16,4,2,8,20,24,22,14,12,6,11,3,21,1,23,13,15],[24,8,20,16,22,14,4,2,12,7,13,21,1,23,15,3],[12,4,16,2,8,20,24,22,14,21,1,23,3,15,6,5],[8,16,4,2,24,14,20,12,22,7,15],[12,4,20,8,16,14,24,2,22,5,21,1,23,3,13,15,6],[24,16,22,14,12,20,8,4,2,5,21,1,23,3,13,15,6],[8,20,16,24,22,14,12,4,2,7,21,1,3,23,13],[12,20,16,24,22,14,4,2,8,6,5,21,1,3,23,15],[12,24,8,20,4,16,22,14,2,6,1,21,23,3,13,15,7],[8,20,4,12,24,2,16,22,14,3,21,1,23,13,15,6,5],[16,20,4,2,24,14,8,12,22,6,3,21,1,23,13,15,5],[24,8,16,14,20,4,12,22,2,5,1,23],[20,8,16,12,24,14,4,22,2,21,1,3,23,6,13,15,5],[16,8,20,24,14,12,4,2,22,21,1,23,3,13,15,6,5],[20,16,4,14,8,12,24,2,22,6,1,21,23,3,13,15,7],[16,8,4,2,24,14,12,20,22,5,1,21,23,3,15,6],[12,4,24,2,16,22,14,8,20,6,15,1],[8,12,16,20,24,14,4,22,2,6,23],[12,4,24,22,2,8,16,14,20,21,1,23,3,13,15,6,5],[4,8,24,2,20,16,22,14,12,5,1,21,3,23,13,15,6],[24,12,4,16,22,14,2,8,20,5,3,21,1,23,13,15,6],[16,4,14,12,8,24,2,20,22,5,3,23],[12,8,4,16,14,24,20,2,22,6,21,1,3,23,13,15,7],[20,4,8,24,2,16,22,14,12,6,1,21,3,23,15,7],[20,12,8,16,24,22,14,4,2,6,3,21,1,23,13,15,5],[20,12,8,16,4,14,24,22,2,5,9,10,23],[12,8,20,4,16,14,24,22,2,6,21,1,23,3,15,5],[24,4,8,20,16,14,12,22,2,7,1,21,23,3,15],[16,20,4,2,24,14,12,8,22,6,1,21,23,3,13,15,7],[4,8,16,14,20,24,12,2,22,6,3,21,1,23,13,15,5],[12,24,4,20,2,16,22,14,8,7,15],[16,20,12,24,14,4,2,8,22,6,3,21,1,23,13,15,5],[4,16,14,24,2,12,8,20,22,6,23],[24,4,2,16,14,8,20,12,22,7,23],[24,8,12,4,20,2,16,14,23,22,1],[16,4,2,12,8,24,22,14,20,6,23],[16,8,20,12,24,22,14,4,2,6,1,21,3,23,13,15,5],[8,16,4,2,12,24,22,14,20,6,1,21,23,3,13,15,5],[4,8,24,16,14,22,2,20,12,5,21,1,23,3,13,15,6],[24,4,22,2,20,8,16,14,12,6,1,21,3,23,13,15,5],[12,4,24,2,8,16,22,14,20,5,21,1,23,3,15,6],[4,20,12,8,16,14,24,2,22,10,7],[24,16,14,8,4,2,20,12,22,6,3,21,1,23,13,15,5],[20,16,12,4,14,24,8,2,22,6,23],[20,16,24,22,14,4,2,8,12,3,5,21,1,23,15,6],[20,24,8,16,14,4,12,22,2,7,13,21,1,23,15,3],[16,24,14,8,4,20,22,2,12,6,3,23],[20,4,16,14,24,2,12,8,22,3,21,1,23,13,15,6,5],[16,20,12,8,24,22,14,4,2,23,7],[20,24,16,22,14,8,4,2,12,6,21,3,1,23,13,15,5],[8,4,12,20,24,16,22,14,2,3,7,23],[12,16,20,4,2,8,24,22,14,5,21,3,1,23,13,15,6],[16,20,24,22,14,8,4,2,12,6,1,21,3,23,13,15,7],[4,16,14,20,24,8,12,2,22,6,21,1,3,23,15,5],[4,8,24,20,16,14,2,12,22,6,13,21,1,23,15,3,7],[12,4,24,8,16,22,14,2,20,5,3,15],[16,12,20,8,4,2,24,14,21,22,1,3,23,6,13,15,5],[4,16,2,20,8,12,24,22,14,21,1,3,23,15,6,5],[24,20,4,8,12,16,22,14,2,3,7,21,1,23,13],[4,12,8,24,16,22,14,2,20,6,3,21,1,23,13,15,5],[8,24,20,12,16,22,14,4,2,7,1,21,3,23,15],[4,16,14,24,20,2,8,12,22,21,1,23,3,13,15,6,5],[4,12,24,22,2,8,16,14,20,6,15,21,1,3,23,7],[24,20,12,4,8,16,14,2,22,5,1,21,23,3,15,6],[20,16,4,14,12,24,22,2,8,5,1,21,3,23,13,15,6],[16,4,2,24,14,12,20,8,21,22,1,3,23,13,15,6,5],[4,12,24,22,2,16,14,20,8,7,13,21,23,1,15,3],[16,24,14,12,20,4,2,8,22,21,1,23,3,6,13,15,5],[8,12,24,20,16,14,4,22,2,6,23],[4,24,20,12,8,2,16,22,14,6,21,3,1,23,13,15,5],[24,8,4,20,2,12,16,22,14,6,3,21,1,23,13,15,5],[4,24,16,14,12,2,20,8,21,22,1,23,3,13,15,6,5],[12,24,20,8,4,22,2,16,14,7,1,21,23,3,13],[12,16,24,14,20,4,8,22,2,6,21,1,3,23,13,15,5],[24,20,8,4,16,22,14,2,12,5,21,1,23,3,13,15,6],[8,16,4,2,24,14,12,20,22,7,23],[12,16,8,4,14,24,22,2,20,6,21,3,1,23,15,5],[4,8,16,2,24,14,20,12,22,1,21,3,23,6,13,15,7],[16,20,4,2,24,22,14,12,8,1,21,23,3,15,6,7],[16,24,14,4,12,22,2,20,8,21,1,23,3,6,13,15,5],[24,4,8,16,14,2,12,20,22,6,21,1,23,3,13,15,5],[16,4,14,20,8,12,24,22,2,21,1,23,3,15,6,5],[16,8,4,14,24,22,2,12,20,6,21,1,3,23,13,15,7],[16,12,24,22,14,8,20,4,2,7,3,23],[16,12,24,22,14,4,2,20,8,6,23],[12,8,20,4,24,16,22,14,2,6,15,23],[4,24,8,16,22,14,2,20,12,7,21,1,3,23,13],[12,16,8,4,2,24,22,14,20,3,6,21,1,23,13,15,5],[24,12,8,16,14,20,4,22,2,6,1,21,3,23,13,15,5],[4,20,24,8,12,22,2,16,14,7,23],[20,4,24,8,16,22,14,2,12,6,21,1,3,23,13,15,5],[8,16,20,24,22,14,12,4,2,6,15,21,1,23,3,5],[20,4,16,2,24,14,8,12,22,5,21,1,3,23,13,15,6],[16,24,22,14,20,4,2,8,12,3,6,23],[24,8,4,12,20,22,2,16,14,6,21,1,3,23,15,5],[12,4,16,2,8,20,24,14,22,21,1,23,3,6,13,15,5],[4,20,24,12,8,2,16,22,14,6,1,21,3,23,13,15,5],[4,16,2,12,20,24,22,14,8,1,21,23,3,6,13,15,5],[24,4,2,12,8,20,16,14,21,22,1,3,23,13,15,6,5],[8,4,24,20,16,14,22,2,12,6,21,1,23,3,13,15,5],[12,8,4,24,16,22,14,2,20,21,1,23,3,13,15,6,7],[8,20,24,12,4,16,14,2,22,5,21,3,1,23,13,15,6],[24,16,14,8,4,2,12,20,22,5,1,23],[12,4,8,20,16,14,24,2,22,5,3,21,1,23,13,15,6],[20,4,24,2,8,16,14,12,22,6,5,3],[12,16,4,14,20,24,8,2,22,21,1,23,3,13,15,6,5],[16,20,24,22,14,8,12,4,2,6,1,23],[20,8,24,16,14,4,2,12,22,23,5],[12,20,8,16,4,14,24,22,2,6,23],[20,4,16,14,12,24,8,22,2,21,1,3,23,6,13,15,5],[16,4,2,8,24,14,20,12,22,6,13,21,23,1,15,3,5],[12,16,20,8,24,14,4,2,23,22,6],[4,12,24,8,20,22,2,16,14,6,3,21,1,23,13,15,5],[20,16,12,8,4,14,24,2,22,6,1,23],[16,24,14,8,20,4,12,2,22,6,3,21,1,23,13,15,7],[8,12,20,4,24,22,2,16,14,5,6,13,21,1,23,15,3],[12,4,8,24,20,2,16,22,14,23,5],[20,16,24,14,8,4,22,2,12,5,21,1,23,3,13,15,6],[20,24,8,4,12,16,22,14,2,6,23],[24,16,22,14,4,2,12,8,20,6,1,23],[8,20,12,24,16,22,14,4,2,23,6],[16,8,12,20,4,14,24,22,2,6,23],[20,12,4,16,14,24,8,2,22,7,21,1,23,3,13],[16,20,24,22,14,4,2,8,12,7,21,1,23,3,15],[12,8,16,4,2,20,24,22,14,7,23],[8,20,12,4,24,22,2,16,14,6,1,21,3,23,13,15,5],[20,12,4,8,16,14,24,2,23,21,22,3,1,6,13,15,5],[16,20,12,4,2,8,24,14,22,6,23],[16,12,8,20,4,14,24,2,22,23,6],[4,12,8,24,2,20,16,14,23,22,6],[24,12,16,22,14,4,2,8,20,6,3,23],[12,24,16,14,4,2,20,8,22,5,1,21,23,3,13,15,6],[12,16,20,8,4,14,24,2,22,6,21,1,3,23,15,5],[20,8,4,16,14,24,12,2,21,22,1,23,3,13,15,6,7],[20,8,4,12,16,14,24,2,22,1,21,3,23,13,15,6,5],[16,8,24,14,4,20,22,2,12,7,1,23],[12,24,16,22,14,20,4,2,8,6,21,1,23,3,13,15,5],[12,4,24,22,2,20,16,14,8,5,21,1,3,23,13,15,6],[16,20,12,8,24,14,4,22,2,6,13,21,15,23,1,3,5],[8,16,12,24,14,20,4,2,23,22,6],[4,20,8,24,2,12,16,22,14,6,1,23],[12,16,20,24,22,14,4,2,8,5,13,21,1,23,15,3,6],[20,24,4,23,12,16,14,8,2,22,6],[20,16,24,14,8,12,4,2,22,1,23],[16,12,4,2,24,14,20,8,22,6,1,23],[24,8,16,22,14,20,12,4,2,5,23],[20,16,12,24,14,4,2,8,22,23,3],[8,12,20,16,24,22,14,4,2,7,23],[8,4,20,24,16,22,14,2,12,5,21,1,23,3,13,15,6],[16,4,14,12,8,24,20,2,22,5,21,1,3,23,13,15,6],[24,16,14,8,12,4,22,2,20,6,3,23],[4,12,8,24,2,20,16,14,22,6,23],[8,20,12,4,24,2,16,22,14,21,1,3,23,13,15,6,5],[20,12,16,24,14,4,22,2,8,6,23],[24,8,20,16,14,12,4,2,22,7,3,21,1,23,13],[4,8,24,20,2,16,22,14,12,23,7],[4,20,16,14,24,22,2,12,8,7,1,21,3,23,13],[16,20,24,14,4,12,22,2,8,6,5,23],[8,16,20,4,14,24,12,2,22,6,23],[24,12,16,22,14,20,8,4,2,5,23],[4,16,2,12,24,14,8,20,22,6,1,23],[24,16,22,14,12,4,2,8,20,6,13,21,1,15,23,3,5],[12,8,24,20,16,14,4,22,2,7,3,21,1,23,13],[24,20,4,22,2,12,8,16,14,7,21,1,23,3,13],[8,24,20,12,4,22,2,16,14,7,3,21,1,23,13],[8,24,16,14,12,4,2,20,22,6,15,5],[16,12,24,14,8,4,20,2,22,1,21,23,3,15,6,5],[16,4,14,12,20,24,22,2,8,6,23],[12,8,4,20,24,2,16,22,14,6,1,23],[12,20,4,24,8,2,16,14,22,3,21,1,23,13,15,6,5],[24,4,2,16,14,12,20,8,22,21,1,3,23,15,6,5],[24,20,8,16,14,4,2,12,22,6,1,23],[8,20,16,12,4,14,24,2,22,7,1,21,3,23,13],[4,20,24,2,16,22,14,8,12,6,1,21,23,3,13,15,7],[20,12,16,8,4,14,24,22,2,6,3,21,1,23,13,15,5],[12,4,8,20,24,22,2,16,14,6,1,21,3,23,13,15,5],[24,20,16,14,12,8,4,2,22,6,1,23],[20,16,24,14,8,4,12,2,22,6,23],[12,16,20,8,24,22,14,4,2,5,10,3],[12,24,4,16,22,14,2,8,20,6,3,21,1,23,13,15,5],[20,16,4,2,12,24,14,8,22,6,21,1,3,23,15,5],[4,16,14,8,20,12,24,22,2,7,1,21,3,23,13],[12,4,8,16,14,20,24,22,2,6,21,1,3,23,15,5],[12,20,24,8,16,22,14,4,2,7,3,21,1,23,13],[20,4,8,24,22,2,12,16,14,6,3,21,1,23,13,15,7],[16,24,22,14,12,20,8,4,2,6,9,10,23],[12,20,8,16,4,2,24,22,14,23,7],[8,20,24,12,16,14,4,2,22,5,1,23],[8,12,20,24,4,22,2,16,14,5,23],[24,12,20,4,22,2,16,14,8,6,3,21,1,23,13,15,5],[8,24,4,22,2,16,14,20,12,7,1,21,23,3,13],[16,4,2,12,8,24,14,20,22,6,1,21,23,3,13,15,5],[24,20,4,2,12,16,22,14,8,5,1,21,3,23,13,15,6],[16,8,20,24,14,4,12,22,2,6,1,21,3,23,15,7],[24,12,20,8,16,22,14,4,2,6,23],[20,4,24,2,12,16,22,14,8,5,3,21,1,23,15,6],[4,20,24,2,8,12,16,22,14,6,23],[24,8,16,22,14,12,4,2,20,6,3,23],[16,20,4,2,12,24,22,14,8,1,21,23,3,6,13,15,5],[24,16,22,14,20,8,12,4,2,6,3,21,1,23,13,15,5],[20,4,24,8,2,12,16,14,22,6,21,1,23,3,13,15,5],[24,12,20,4,22,2,16,14,8,3,6,23],[12,16,8,4,14,20,24,22,2,6,10,1,23],[20,16,8,12,4,14,24,22,2,6,21,1,23,3,13,15,5],[8,20,16,12,24,22,14,4,2,5,21,1,23,3,13,15,6],[8,20,16,24,22,14,4,2,12,5,1,21,23,3,13,15,6],[8,16,24,22,14,12,4,2,20,7,23],[20,8,24,16,22,14,4,2,12,6,21,1,23,3,13,15,5],[8,20,12,4,16,2,24,14,22,6,15,1],[20,12,16,24,14,8,4,22,2,7,23],[8,20,24,16,22,14,12,4,2,6,3,23],[20,12,4,16,14,8,24,2,22,6,21,1,3,23,13,15,5],[4,8,16,14,24,12,22,2,20,6,1,21,3,23,13,15,7],[8,24,20,12,16,22,14,4,2,6,23],[8,16,12,20,4,14,24,2,22,23,6],[8,4,24,22,2,12,20,16,14,5,23],[12,4,24,16,22,14,2,20,8,6,23],[8,12,20,16,4,2,24,14,22,23,6],[12,4,8,20,16,2,24,22,14,6,21,1,23,3,13,15,5],[24,20,16,22,14,8,4,2,12,21,1,3,23,13,15,6,5],[4,12,8,24,16,14,20,2,22,21,1,3,23,15,6,5],[8,24,4,16,22,14,2,12,20,3,6,15],[4,24,16,14,12,8,20,22,2,1,23],[24,4,16,22,14,2,8,12,20,21,1,23,3,6,13,15,5],[8,20,12,4,24,16,14,22,2,3,23],[4,12,20,16,14,8,24,2,22,5,3,21,1,23,13,15,7],[16,12,4,2,8,20,24,14,22,6,21,1,23,3,13,15,5],[16,24,14,20,4,22,2,8,12,7,3,21,1,23,15],[8,20,24,12,4,16,14,22,2,5,23],[4,8,20,12,16,14,24,22,2,6,11,3,23],[8,4,16,14,20,24,22,2,12,5,3,21,1,23,15,6],[24,16,14,8,12,4,20,2,22,23,7],[8,12,24,4,22,2,16,14,20,5,21,3,1,23,13,15,6],[24,16,14,8,20,4,12,2,22,23,5],[24,8,4,12,20,16,22,14,2,7,3,21,1,23,13],[16,12,8,20,4,2,24,14,22,3,23],[8,20,4,24,22,2,12,16,14,5,3,21,1,23,13,15,6],[24,20,4,12,2,8,16,22,14,7,1,21,3,23,13],[20,12,24,4,8,16,14,2,22,7,21,1,3,23,13],[12,8,24,16,14,20,4,22,2,5,21,1,23,3,13,15,6],[4,8,20,12,24,2,16,14,22,21,1,23,3,6,13,15,7],[20,16,12,24,22,14,4,2,8,6,3,21,1,23,15,5],[16,20,24,22,14,12,8,4,2,5,23],[4,16,2,12,20,24,13,22,14,8,21,1,15,23,3,6,5],[16,12,24,14,20,4,2,8,22,5,1,21,23,3,13,15,6],[16,4,14,12,8,24,22,2,20,6,21,1,23,3,13,15,5],[20,4,8,12,24,22,2,16,14,5,15,21,1,3,23,6],[24,16,14,4,8,12,22,2,20,6,1,21,23,3,13,15,5],[16,4,14,12,8,24,2,20,22,5,1,23],[4,12,24,2,8,20,16,22,14,7,13,21,1,15,23,3],[24,4,8,20,2,16,14,12,22,6,10,3,21,1,23,13],[16,4,14,12,8,20,24,2,22,1,21,3,23,13,15,6,5],[4,12,8,16,2,20,24,22,14,5,21,1,23,3,13,15,6],[8,4,24,22,2,20,12,16,14,6,21,1,3,23,13,15,5],[20,24,4,2,12,8,16,22,14,6,10,23],[20,8,12,24,16,14,4,2,22,7,21,1,23,3,13],[12,8,4,20,24,16,22,14,2,21,1,3,23,6,13,15,5],[20,24,12,4,8,16,14,22,2,6,9,10,23],[16,12,24,22,14,8,20,4,2,6,23],[12,16,4,2,24,14,20,8,23,22,7],[4,8,12,16,2,24,22,14,20,5,21,3,1,23,13,15,6],[16,20,24,22,14,12,4,2,8,6,21,1,23,3,13,15,5],[24,8,20,4,12,22,2,16,14,5,7,1,23],[4,24,8,20,12,22,2,16,14,5,1,21,23,3,13,15,6],[8,12,24,4,20,2,16,22,14,1,21,3,23,13,15,6,5],[16,20,12,4,2,8,24,22,14,6,21,1,23,3,13,15,5],[8,24,12,4,20,16,14,22,2,6,1,21,3,23,13,15,5],[8,24,20,4,2,16,22,14,12,5,23],[16,12,4,2,24,14,20,8,22,6,15,1],[4,16,14,12,20,8,24,2,22,6,21,1,23,3,15,5],[4,16,14,8,20,12,24,22,2,5,23],[8,16,12,24,14,20,4,22,2,6,21,1,3,23,13,15,5],[24,20,16,14,8,12,4,22,2,1,21,3,23,13,15,6,5],[12,8,4,16,14,24,22,2,20,6,3,21,1,23,13,15,5],[16,20,8,24,22,14,4,2,12,1,23],[8,12,20,16,4,14,24,2,22,6,21,1,3,23,13,15,5],[12,16,8,24,22,14,4,2,20,6,21,1,3,23,13,15,5],[8,12,16,4,2,24,22,14,20,21,1,23,3,6,13,15,5],[8,4,12,16,2,20,24,22,14,6,1,23],[16,20,4,2,24,14,12,8,22,21,1,3,23,13,15,6,5],[12,20,4,8,16,2,24,22,14,6,23],[20,4,8,16,14,24,2,12,22,21,1,23,3,6,13,15,5],[12,24,4,20,8,2,16,14,22,7,3,21,1,23,13],[24,4,16,22,14,2,8,12,20,21,1,23,3,13,15,6,5],[24,4,12,22,2,8,20,16,14,23,7],[20,24,8,4,12,16,22,14,2,7,1,21,3,23,13],[16,24,22,14,12,8,20,4,2,6,1,21,23,3,13,15,5],[20,8,4,12,24,22,2,16,14,3,7,21,1,23,13],[8,16,20,4,2,24,14,12,22,23,7],[16,4,2,12,24,22,14,8,20,23,6],[8,24,4,16,14,2,12,20,22,1,23],[16,4,14,20,12,24,8,22,2,6,11,3,21,1,23,13,15,5],[8,16,12,20,24,14,4,22,2,3,21,1,23,7,13],[16,24,14,20,8,4,22,2,12,7,1,23],[12,8,24,16,14,4,2,20,22,6,3,21,1,23,13,15,5],[4,8,20,16,2,12,24,22,14,21,1,3,23,6,13,15,7],[12,20,8,4,16,2,24,14,22,6,1,21,3,23,13,15,5],[4,20,12,16,2,8,24,14,23,22,6],[4,8,20,16,2,24,22,14,12,1,23],[20,8,12,4,24,2,16,22,14,6,23],[20,4,24,8,16,22,14,2,12,6,1,23],[4,12,8,20,24,22,2,16,14,7,23],[24,4,8,20,2,16,22,14,12,15,6,21,1,23,3,5],[24,8,12,4,16,14,2,20,22,5,15,1],[24,12,16,22,14,8,4,2,20,7,1,21,3,23,13],[16,8,12,24,22,14,4,2,20,23,6],[12,20,8,4,16,2,24,22,14,21,1,3,23,6,13,15,7],[12,16,24,22,14,20,8,4,2,10,6,1,21,3,23,13],[4,12,8,24,2,16,14,20,22,7,1,21,23,3,13],[12,20,16,4,14,24,8,2,22,6,21,1,3,23,13,15,5],[24,8,16,22,14,20,4,2,12,6,3,21,1,23,13,15,5],[20,24,12,16,14,8,4,22,2,3,5,21,1,23,13,15,6],[12,4,8,20,24,16,22,14,2,6,1,21,23,3,13,15,5],[16,24,22,14,12,8,20,4,2,6,1,21,3,23,13,15,7],[16,24,14,8,4,2,12,20,22,6,21,1,23,3,13,15,7],[20,4,16,2,24,22,14,8,12,23,7],[20,24,12,4,16,14,8,2,22,11,6,3,23],[20,4,24,16,22,14,2,8,12,10,6,1,21,23,3,13],[8,12,16,24,14,20,4,2,22,23,6],[12,8,24,20,16,14,4,22,2,5,1,21,23,3,13,15,6],[4,20,16,14,12,24,8,2,22,23,15],[16,4,14,8,20,24,12,2,22,6,21,1,23,3,13,15,7],[8,24,20,16,14,4,2,12,22,6,3,21,1,23,13,15,5],[20,12,4,24,8,2,16,22,14,21,1,3,23,13,15,6,5],[20,8,4,24,16,14,22,2,12,6,21,1,3,23,13,15,7],[4,12,16,2,24,22,14,8,20,6,21,1,3,23,15,5],[16,4,2,24,22,14,20,12,8,7,1,21,23,3,13],[24,8,16,22,14,12,20,4,2,6,23],[16,4,14,12,24,2,20,8,22,6,1,21,3,23,13,15,5],[12,24,4,22,2,20,16,14,8,15,1,23],[12,24,8,4,2,16,14,20,22,6,1,21,23,3,13,15,7],[16,24,14,8,20,4,2,12,22,6,3,23],[16,24,14,20,8,4,2,12,22,6,1,21,3,23,13,15,7],[8,4,16,2,24,14,12,20,22,23,6],[24,12,8,16,14,20,4,22,2,6,1,21,23,3,15,5],[20,24,12,4,16,14,8,22,2,6,1,21,23,3,13,15,5],[16,4,2,8,12,20,24,22,14,6,10,23],[4,24,16,14,8,2,20,12,23,22,6],[4,12,16,14,20,8,24,2,22,6,1,23],[4,24,20,22,2,8,16,14,12,6,3,21,1,23,13,15,5],[12,24,4,2,16,22,14,20,8,5,3,21,1,23,13,15,6],[24,12,16,22,14,8,4,2,20,6,21,1,23,3,15,5],[16,24,22,14,20,12,4,2,8,7,21,1,23,3,13],[24,4,16,14,12,22,2,8,20,1,21,3,23,6,15,5],[20,16,4,14,8,12,24,22,2,15,21,3,1,23,6,5],[20,24,12,4,22,2,16,14,8,7,3,23],[8,24,12,20,4,16,14,2,22,7,1,21,23,3,13],[8,12,24,20,4,2,16,14,22,7,3,21,1,23,15],[8,20,16,12,24,22,14,4,2,23,6],[12,20,4,16,2,24,22,14,8,5,1,21,23,3,13,15,6],[12,16,20,8,4,14,24,2,22,6,21,1,3,23,13,15,5],[16,8,20,12,4,2,24,22,14,3,21,1,23,6,13,15,5],[20,24,4,2,16,22,14,8,12,5,7,1,21,23,3,13],[8,12,4,16,14,20,24,22,2,6,3,21,1,23,13,15,5],[20,12,16,24,22,14,8,4,2,6,1,21,23,3,15,5],[4,24,16,14,2,12,8,20,22,5,21,1,23,3,13,15,6],[4,8,16,14,24,22,2,12,20,5,1,21,23,3,15,6],[8,16,20,12,24,14,4,22,2,6,10,21,1,23,3,15],[12,20,24,4,16,22,14,2,8,7,3,21,1,23,13],[16,8,12,4,14,20,24,2,22,7,23],[8,24,4,16,22,14,2,12,20,6,21,1,3,23,13,15,5],[16,12,4,14,8,20,24,22,2,6,1,21,23,3,13,15,5],[4,8,20,16,2,24,14,12,22,1,23],[4,24,16,22,14,2,12,8,20,5,1,23],[12,16,8,4,14,20,24,22,2,21,1,23,3,13,15,6,7],[8,4,16,2,24,14,20,12,21,22,1,23,3,13,15,6,5],[12,24,4,22,2,16,14,8,20,7,23],[12,16,20,8,24,14,4,22,2,15,6,21,1,23,3,5],[4,12,20,16,2,24,14,8,22,7,23],[16,12,24,14,20,8,4,2,22,5,1,21,3,23,13,15,6],[16,20,24,22,14,8,4,2,12,6,13,21,23,1,15,3,5],[24,8,4,12,20,22,2,16,14,6,1,23],[12,24,8,4,2,16,22,14,20,6,3,21,1,23,15,5],[4,24,22,2,8,20,12,16,14,7,1,21,23,3,13],[12,4,24,20,22,2,16,14,8,6,21,1,3,23,13,15,5],[8,12,24,16,22,14,20,4,2,6,23],[12,4,20,8,24,16,14,22,2,21,1,3,23,13,15,6,5],[16,4,2,12,8,20,24,14,21,22,1,23,3,15,6,5],[24,12,8,16,22,14,20,4,2,7,15],[12,8,24,20,4,16,14,2,22,21,1,3,23,13,15,6,5],[24,16,22,14,8,4,2,20,12,6,23],[20,8,24,16,22,14,4,2,12,5,23],[24,4,8,12,20,16,22,14,2,6,21,1,3,23,13,15,5],[20,12,8,4,16,14,24,22,2,15,5,1],[24,4,20,22,2,12,8,16,14,6,21,1,23,3,13,15,5],[24,20,12,16,14,4,22,2,8,6,21,3,1,23,13,15,5],[20,4,12,16,14,8,24,2,22,7,3,21,1,23,13],[12,20,16,24,22,14,8,4,2,5,21,1,3,23,13,15,6],[20,4,16,14,12,8,24,22,2,7,3,21,1,23,13],[12,16,24,22,14,8,20,4,2,7,1,21,23,3,13],[24,8,20,4,22,2,16,14,12,5,13,21,1,23,15,3,6],[12,8,4,16,2,24,22,14,20,6,1,21,3,23,13,15,5],[12,20,8,16,24,14,4,2,22,21,1,3,23,6,13,15,5],[4,8,12,20,16,2,24,14,23,22,1],[4,12,8,16,2,20,24,22,14,21,1,23,3,13,15,6,5],[8,16,4,14,20,24,2,12,22,6,11,23],[8,16,4,14,24,20,2,12,22,1,21,3,23,13,15,6,5],[24,12,8,16,14,20,4,22,2,6,1,23],[24,16,22,14,12,8,20,4,2,6,3,10,21,1,23,13],[8,20,16,24,14,4,22,2,12,15,6,1],[4,12,16,2,24,22,14,20,8,6,21,1,23,3,13,15,5],[8,20,4,12,16,2,24,22,14,7,23],[16,24,22,14,12,20,4,2,8,3,6,21,1,23,13,15,5],[12,20,16,8,24,22,14,4,2,5,3,23],[8,4,16,14,12,20,24,22,2,6,3,21,1,23,13,15,5],[16,20,24,22,14,4,2,8,12,6,21,1,23,3,15,5],[20,16,24,14,8,4,22,2,12,3,21,1,23,13,15,6,7],[12,4,16,2,20,24,14,8,22,5,6,1,21,23,3,13],[4,20,24,12,8,22,2,16,14,6,23],[16,24,14,4,22,2,12,8,20,5,21,1,23,3,13,15,6],[12,24,16,22,14,4,2,8,20,6,23],[8,16,24,14,4,2,20,12,21,22,1,23,3,13,15,6,5],[8,24,20,16,22,14,4,2,12,7,21,1,23,3,13],[20,24,8,16,22,14,12,4,2,5,3,21,1,23,13,15,6],[4,24,8,12,22,2,16,14,20,3,6,21,1,23,13,15,5],[8,12,16,24,22,14,4,2,20,23,7],[8,4,20,12,24,22,2,16,14,6,21,1,3,23,13,15,5],[24,12,20,8,16,22,14,4,2,7,1,21,23,3,13],[20,12,16,8,4,2,24,22,14,1,21,3,23,13,15,6,5],[16,8,24,14,12,4,20,22,2,6,1,21,23,3,13,15,7],[4,16,14,24,2,12,20,8,22,6,23],[24,12,20,16,22,14,4,2,8,6,23],[24,8,12,20,16,22,14,4,2,6,21,1,3,23,13,15,5],[20,4,8,16,14,24,12,2,22,7,1,21,23,3,13],[20,4,16,14,12,24,22,2,8,6,3,21,1,23,13,15,5],[24,20,8,12,16,22,14,4,2,6,21,1,3,23,13,15,5],[16,4,2,24,22,14,12,20,8,7,3,21,1,23,13],[8,12,16,24,22,14,20,4,2,6,3,23],[8,16,4,2,12,20,24,14,22,6,21,1,3,23,13,15,5],[20,4,16,14,8,12,24,22,2,23,6],[12,8,20,4,24,2,16,14,22,6,21,3,1,23,15,5],[12,20,24,16,22,14,4,2,8,21,1,23,3,13,15,6,5],[16,8,4,2,12,20,24,22,14,5,1,21,3,23,13,15,6],[8,20,16,24,22,14,4,2,12,1,6,23],[20,16,12,24,14,4,2,8,22,6,13,21,1,15,23,3,5],[8,16,12,4,2,24,14,20,22,5,21,3,1,23,13,15,6],[24,8,20,12,4,2,16,22,14,6,3,23],[24,12,4,22,2,16,14,8,20,6,3,21,1,23,13,15,5],[12,16,24,22,14,20,8,4,2,6,21,1,3,23,13,15,7],[8,12,16,20,4,2,24,22,14,3,5,21,1,23,13,15,6],[16,4,2,20,12,24,14,8,22,7,21,1,23,3,13],[16,20,4,2,12,24,22,14,8,5,1,21,23,3,13,15,7],[12,24,8,4,22,2,16,14,20,6,10,1,21,23,3,13],[16,20,12,4,14,8,24,2,22,6,1,23],[4,8,16,2,24,14,20,12,22,6,1,23],[4,16,14,24,12,2,20,8,22,3,5,21,1,23,13,15,6],[20,4,12,8,16,2,24,22,14,6,21,1,3,23,13,15,7],[4,20,12,16,2,8,24,14,22,6,7,3],[20,24,16,22,14,4,2,8,12,7,1,21,3,23,13],[12,16,8,20,24,22,14,4,2,3,7,9,21,1,23,10,13],[24,16,14,12,4,20,22,2,8,7,21,1,23,3,13],[8,16,12,20,24,22,14,4,2,23,7],[20,24,16,22,14,8,12,4,2,5,1,21,23,3,13,15,6],[24,20,12,16,22,14,8,4,2,6,23],[16,8,24,14,4,12,2,20,22,7,3,21,1,23,13],[4,8,24,16,22,14,2,12,20,5,3,21,1,23,15,6],[8,4,16,2,24,22,14,20,12,5,21,1,3,23,13,15,6],[8,4,24,12,22,2,16,14,20,1,21,3,23,13,15,6,5],[8,20,12,24,4,22,2,16,14,5,21,1,23,3,15,6],[8,12,20,4,24,22,2,16,14,7,23],[8,24,20,16,14,4,22,2,12,3,23],[4,16,14,20,8,12,24,2,22,1,21,3,23,15,6,5],[8,4,12,20,24,22,2,16,14,7,23],[8,4,20,12,16,2,24,22,14,21,1,23,3,6,13,15,5],[12,20,4,8,16,2,24,14,22,6,13,21,3,15,23,1,5],[16,24,22,14,20,12,4,2,8,3,6,21,1,23,13,15,5],[4,16,14,8,12,20,24,22,2,3,7,21,1,23,13],[20,24,12,8,16,22,14,4,2,6,21,1,23,3,15,5],[20,16,4,2,8,24,14,12,22,1,6,23],[20,24,8,16,14,4,2,12,21,22,1,3,23,13,15,6,7],[4,20,8,24,22,2,12,16,14,5,23],[24,16,14,4,2,20,8,12,22,3,5,23],[24,12,4,22,2,8,20,16,14,5,1,21,3,23,13,15,6],[4,16,2,20,24,14,8,12,22,6,15,1],[12,4,24,20,2,8,16,14,22,21,1,23,3,13,15,6,5],[8,16,24,22,14,20,4,2,12,7,21,1,3,23,13],[20,12,16,24,14,4,8,2,22,7,23],[8,16,12,20,4,14,24,2,22,5,1,21,23,3,13,15,6],[12,16,20,8,4,14,24,22,2,21,3,1,23,6,13,15,5],[12,24,20,4,16,22,14,2,8,1,23],[4,12,8,24,20,16,22,14,2,6,1,21,3,23,13,15,5],[4,12,8,24,2,16,14,20,22,6,21,1,23,3,13,15,5],[20,16,8,4,2,12,24,14,23,22,5],[12,16,24,14,20,8,4,22,2,6,23],[12,16,20,24,22,14,8,4,2,1,21,3,23,13,15,6,7],[20,8,16,12,24,22,14,4,2,5,23],[8,16,20,4,2,12,24,22,14,23,9,10],[12,24,20,4,22,2,8,16,14,6,21,1,3,23,13,15,7],[24,12,4,16,14,8,22,2,20,6,3,23],[4,8,24,20,12,2,16,14,22,6,3,21,1,23,13,15,5],[20,24,8,16,14,4,2,12,22,5,9,10,3,21,1,23,13],[24,20,12,4,16,14,8,22,2,21,1,23,3,13,15,6,5],[12,4,8,24,2,20,16,22,14,7,23],[8,4,24,20,22,2,12,16,14,6,1,23],[24,4,8,20,16,14,22,2,12,1,23],[12,16,24,22,14,8,4,2,20,3,5,21,1,23,13,15,6],[12,24,20,4,22,2,16,14,8,6,1,21,3,23,13,15,5],[8,12,20,4,24,2,16,14,22,21,1,3,23,15,6,5],[16,12,8,24,14,4,2,20,22,6,1,21,3,23,13,15,7],[8,24,20,12,16,22,14,4,2,6,21,3,1,23,13,15,7],[20,16,24,14,12,8,4,22,2,6,21,1,3,23,15,5],[16,4,14,24,22,2,8,20,12,5,1,21,23,3,13,15,6],[4,20,16,2,24,22,14,12,8,3,21,1,23,6,15,5],[8,16,12,24,22,14,20,4,2,6,9,11,23],[16,12,24,22,14,20,8,4,2,7,21,1,23,3,13],[8,12,20,16,4,2,24,22,14,6,1,21,23,3,13,15,5],[8,16,4,14,24,2,12,20,22,6,23],[24,8,20,12,4,2,16,22,14,5,21,1,3,23,13,15,6],[20,12,8,4,24,16,14,22,2,5,6,3,23],[16,24,14,4,20,2,8,12,22,7,21,1,23,3,13],[16,24,14,20,4,12,8,2,22,5,1,23],[12,8,20,24,4,16,22,14,2,6,3,21,1,23,13,15,5],[12,4,24,2,20,8,16,14,22,6,21,1,3,23,13,15,5],[4,12,24,8,22,2,16,14,20,15,5,1],[16,24,14,20,8,4,2,12,22,6,13,21,1,15,23,3,5],[16