{"problem_id":"oJJIAzN3aNL3KHn","sigma":150,"alpha":1.000,"cost":4,"probabilities":"[0.11, 0.24, 0.2, 0.45]","payoff_matrix":"[[-154, -267, 54, 4, 103, 95], [108, 83, -81, 86, 19, -60], [47, -101, 130, -135, 181, -32], [-50, 64, 133, 27, 85, -40]]","uncovered":[[16,8,24,20,4,12,18,10,19],[16,24,8,4,12,20,10,18,11,19],[16,20,12,4,8,24,18,10,11,19],[8,20,12,24,4,16,10,18,11,19],[20,16,8,24,12,4,18,10,19],[8,16,4,24,20,12,18,10,11,19],[24,16,20,4,12,8,18,10,19],[16,20,8,4,24,12,10,18,19],[20,16,4,12,24,8,10,18,19],[16,12,24,4,20,8,10,18,19],[4,20,12,16,24,8,10,18,19],[20,8,12,4,24,16,10,18,19],[4,20,8,24,16,12,10,18,19],[4,16,8,12,20,24,18,10,19],[16,24,8,12,4,20,18,10,11,19],[8,20,4,16,12,24,18,10,11,19],[16,8,24,4,20,12,10,18,19],[4,8,24,12,20,16,10,18,11,19],[12,24,16,8,20,4,18,10,19],[4,24,16,8,12,20,18,10,19],[20,12,8,16,24,4,10,18,11,19],[24,16,8,4,12,20,10,18,19],[8,16,12,24,4,20,10,18,19],[16,12,20,4,8,24,10,18,11,19],[8,4,20,16,12,24,18,10,11,19],[24,12,8,20,16,4,18,10,11,19],[12,20,24,8,4,16,10,18,11,19],[16,4,8,24,12,20,10,18,19],[20,4,12,8,16,24,10,18,19],[20,8,16,24,12,4,18,10,11,19],[20,12,8,4,24,16,10,18,19],[16,4,24,12,8,20,10,18,19],[24,4,20,16,8,12,18,10,11,19],[24,8,4,12,16,20,10,18,11,19],[12,20,8,4,24,16,10,18,11,19],[16,20,4,24,12,8,10,18,11,19],[12,4,16,20,24,8,10,18,11,19],[8,20,24,16,12,4,18,10,11,19],[16,8,20,24,4,12,18,10,19],[20,4,24,8,12,16,10,18,19],[8,24,12,4,16,20,18,10,19],[24,16,20,8,12,4,18,10,11,19],[8,16,20,12,24,4,18,10,19],[12,24,4,16,8,20,18,10,19],[12,24,20,16,8,4,10,18,11,19],[20,16,8,12,24,4,18,10,19],[20,4,24,8,12,16,10,18,19],[16,8,20,12,4,24,10,18,11,19],[16,8,12,20,24,4,10,18,11,19],[12,4,20,24,8,16,10,18,19],[8,16,12,20,24,4,18,10,19],[20,12,24,4,16,8,18,10,11,19],[4,20,16,8,12,24,18,10,11,19],[20,12,8,16,24,4,10,18,11,19],[4,12,8,16,24,20,10,18,19],[12,4,24,20,8,16,18,10,19],[8,24,16,20,4,12,10,18,11,19],[4,8,20,12,24,16,18,10,11,19],[20,4,8,16,24,12,18,10,11,19],[16,8,12,4,24,20,18,10,11,19],[16,8,24,20,12,4,18,10,19],[24,12,16,4,20,8,18,10,11,19],[24,20,4,16,8,12,18,10,11,19],[12,24,20,4,8,16,10,18,19],[8,16,12,4,24,20,10,18,19],[20,8,4,16,12,24,10,18,19],[12,20,8,4,24,16,18,10,19],[20,4,8,12,24,16,18,10,11,19],[4,24,20,8,12,16,18,10,19],[12,16,4,8,20,24,18,10,11,19],[12,4,20,16,24,8,10,18,11,19],[4,20,24,16,8,12,10,18,19],[16,8,24,12,4,20,18,10,11,19],[8,12,16,20,4,24,10,18,19],[4,20,24,16,8,12,18,10,19],[12,24,16,20,4,8,18,10,19],[20,4,8,24,16,12,18,10,19],[24,8,20,12,4,16,10,18,11,19],[16,20,8,4,12,24,10,18,19],[16,8,20,12,24,4,18,10,19],[24,20,8,16,12,4,18,10,19],[8,12,4,20,24,16,18,10,19],[4,24,12,20,8,16,18,10,19],[24,20,4,16,8,12,10,18,11,19],[16,12,8,4,24,20,18,10,11,19],[20,12,16,24,4,8,18,10,19],[24,12,4,20,16,8,10,18,11,19],[12,20,16,4,8,24,10,18,11,19],[12,8,4,16,20,24,10,18,19],[12,4,8,20,24,16,18,10,19],[8,24,20,12,4,16,10,18,11,19],[16,12,8,20,24,4,10,18,11,19],[12,24,20,16,8,4,10,18,19],[12,8,20,4,16,24,10,18,11,19],[4,20,16,24,8,12,10,18,11,19],[20,16,12,8,24,4,18,10,19],[8,12,20,24,4,16,10,18,19],[8,16,20,24,4,12,10,18,11,19],[20,8,4,16,12,24,18,10,19],[8,4,12,20,24,16,10,18,11,19],[8,16,12,24,4,20,10,18,19],[24,16,8,12,20,4,10,18,11,19],[24,8,4,16,12,20,10,18,19],[8,12,16,24,4,20,18,10,11,19],[16,24,12,8,20,4,18,10,19],[20,24,8,16,4,12,18,10,11,19],[20,24,8,12,4,16,18,10,11,19],[12,8,4,16,20,24,18,10,19],[16,20,8,12,4,24,10,18,11,19],[16,20,24,12,8,4,10,18,11,19],[24,16,12,20,4,8,18,10,19],[16,12,8,4,20,24,18,10,19],[24,8,12,16,4,20,18,10,19],[8,12,16,4,20,24,10,18,11,19],[16,24,4,8,12,20,18,10,11,19],[4,24,8,12,20,16,10,18,19],[12,24,8,20,16,4,10,18,11,19],[20,24,4,16,8,12,18,10,19],[24,16,4,12,8,20,18,10,19],[4,8,24,12,20,16,18,10,19],[20,8,4,16,12,24,18,10,19],[20,8,4,24,12,16,10,18,11,19],[12,4,20,8,24,16,18,10,11,19],[4,20,8,24,12,16,18,10,19],[24,16,4,8,12,20,18,10,11,19],[24,20,12,8,4,16,10,18,19],[4,8,20,24,16,12,18,10,11,19],[8,24,12,4,20,16,18,10,11,19],[24,8,20,12,4,16,10,18,11,19],[8,16,20,4,24,12,18,10,19],[8,12,16,4,20,24,18,10,19],[4,8,16,24,12,20,18,10,11,19],[12,24,8,4,16,20,18,10,19],[16,8,24,20,12,4,10,18,11,19],[4,20,16,24,12,8,18,10,11,19],[12,4,8,20,16,24,18,10,11,19],[12,24,16,4,20,8,18,10,11,19],[4,12,24,20,8,16,18,10,19],[24,20,4,12,16,8,10,18,19],[12,8,4,24,20,16,18,10,11,19],[16,24,20,12,4,8,10,18,11,19],[12,24,20,8,16,4,10,18,19],[16,8,24,20,4,12,18,10,19],[20,4,24,8,12,16,18,10,19],[16,20,24,8,4,12,18,10,11,19],[24,12,4,8,16,20,10,18,11,19],[12,16,24,4,20,8,18,10,19],[8,4,20,24,12,16,10,18,19],[24,8,16,20,4,12,10,18,19],[4,8,20,16,12,24,18,10,19],[8,20,4,24,12,16,10,18,11,19],[16,8,4,24,12,20,10,18,11,19],[20,8,4,12,16,24,10,18,19],[24,12,8,20,4,16,10,18,11,19],[24,4,16,8,20,12,18,10,11,19],[24,12,20,8,16,4,18,10,11,19],[8,16,12,20,4,24,18,10,11,19],[4,20,16,12,24,8,10,18,19],[8,24,12,16,20,4,10,18,11,19],[24,8,12,20,4,16,10,18,11,19],[12,16,24,20,8,4,18,10,19],[8,12,20,4,24,16,10,18,11,19],[12,4,24,16,20,8,18,10,11,19],[4,16,8,24,12,20,18,10,11,19],[8,16,20,4,12,24,10,18,11,19],[4,24,20,8,12,16,10,18,19],[24,4,12,8,20,16,18,10,19],[12,8,4,16,20,24,10,18,11,19],[12,24,8,20,16,4,10,18,11,19],[20,24,8,12,4,16,18,10,11,19],[4,24,16,20,8,12,10,18,11,19],[8,4,12,16,20,24,10,18,11,19],[12,4,16,24,8,20,10,18,11,19],[20,16,24,4,8,12,18,10,19],[16,4,24,12,20,8,10,18,11,19],[24,8,20,12,16,4,10,18,19],[12,16,8,24,20,4,18,10,11,19],[20,24,12,8,16,4,10,18,11,19],[24,8,4,20,12,16,10,18,11,19],[24,4,20,16,8,12,18,10,11,19],[4,16,8,24,20,12,10,18,19],[20,8,12,24,4,16,10,18,19],[12,16,24,20,4,8,10,18,11,19],[12,24,8,20,16,4,18,10,11,19],[16,20,8,12,4,24,18,10,11,19],[16,24,20,8,4,12,10,18,11,19],[12,8,24,16,20,4,18,10,19],[4,20,8,24,12,16,10,18,11,19],[20,4,8,24,12,16,18,10,11,19],[8,4,24,20,12,16,18,10,11,19],[20,12,8,16,24,4,10,18,11,19],[16,12,8,4,24,20,10,18,11,19],[16,20,4,12,8,24,18,10,19],[16,4,12,20,24,8,18,10,11,19],[4,12,8,24,16,20,10,18,19],[24,8,4,20,12,16,10,18,11,19],[16,4,8,12,24,20,10,18,11,19],[12,16,24,8,4,20,10,18,11,19],[20,8,16,12,24,4,10,18,11,19],[12,24,20,16,8,4,18,10,19],[16,12,4,20,24,8,10,18,11,19],[4,8,20,24,16,12,10,18,11,19],[16,24,12,8,20,4,18,10,19],[12,20,8,16,24,4,18,10,19],[4,24,20,16,8,12,10,18,19],[20,16,12,24,4,8,18,10,11,19],[24,20,4,12,16,8,18,10,19],[24,8,16,4,20,12,10,18,19],[24,4,8,16,12,20,10,18,19],[8,4,12,24,20,16,10,18,19],[12,4,16,8,20,24,18,10,11,19],[12,20,8,4,24,16,10,18,19],[24,8,4,20,16,12,18,10,19],[8,24,4,12,20,16,10,18,11,19],[20,8,16,24,12,4,18,10,19],[8,24,12,16,20,4,18,10,19],[8,16,20,4,24,12,18,10,11,19],[16,12,8,24,20,4,10,18,11,19],[20,4,24,12,8,16,10,18,11,19],[16,4,20,12,8,24,10,18,19],[4,24,12,20,16,8,18,10,19],[8,4,12,20,24,16,10,18,11,19],[16,20,8,4,12,24,18,10,11,19],[4,24,8,20,12,16,18,10,19],[16,24,4,8,20,12,18,10,11,19],[20,8,12,4,24,16,10,18,19],[16,24,4,12,20,8,18,10,19],[8,12,20,4,24,16,18,10,19],[8,12,20,24,4,16,10,18,19],[20,12,24,8,4,16,18,10,11,19],[12,16,4,24,8,20,18,10,11,19],[20,8,4,12,16,24,18,10,11,19],[16,12,20,8,4,24,18,10,11,19],[4,8,12,24,16,20,10,18,19],[8,20,24,16,4,12,18,10,11,19],[20,12,4,24,16,8,10,18,19],[20,12,16,24,8,4,18,10,11,19],[24,12,16,8,20,4,18,10,19],[24,12,8,4,20,16,10,18,19],[4,8,16,20,12,24,18,10,19],[4,16,8,12,20,24,18,10,19],[12,24,8,16,20,4,10,18,19],[16,20,24,8,4,12,10,18,19],[4,24,16,12,8,20,10,18,19],[4,16,24,12,20,8,18,10,19],[4,16,24,8,12,20,18,10,11,19],[24,8,20,4,12,16,18,10,19],[16,24,12,8,20,4,18,10,11,19],[4,12,20,8,16,24,18,10,19],[8,16,20,4,24,12,10,18,11,19],[16,12,4,24,20,8,10,18,11,19],[4,24,12,16,20,8,18,10,11,19],[8,12,4,16,20,24,10,18,11,19],[16,12,4,24,8,20,18,10,11,19],[16,20,12,4,24,8,10,18,19],[16,4,8,20,12,24,10,18,19],[12,4,24,16,8,20,18,10,11,19],[20,4,16,12,24,8,10,18,11,19],[8,12,4,24,20,16,10,18,11,19],[24,4,16,8,12,20,18,10,19],[12,20,24,4,16,8,18,10,11,19],[16,20,8,12,24,4,18,10,19],[16,12,8,24,20,4,18,10,19],[12,20,4,8,24,16,10,18,19],[24,8,4,12,20,16,18,10,11,19],[20,8,24,12,16,4,10,18,11,19],[20,24,8,4,16,12,10,18,11,19],[20,16,8,12,4,24,18,10,19],[16,12,20,8,4,24,18,10,11,19],[12,8,16,24,20,4,10,18,11,19],[20,12,8,16,24,4,10,18,11,19],[20,12,8,24,4,16,18,10,11,19],[8,24,4,16,12,20,10,18,11,19],[24,20,4,16,8,12,10,18,19],[20,12,8,24,16,4,10,18,19],[24,16,20,4,12,8,18,10,19],[16,8,20,4,12,24,18,10,19],[12,24,4,16,20,8,10,18,11,19],[4,16,24,20,8,12,18,10,11,19],[8,4,20,12,16,24,10,18,19],[12,24,20,16,4,8,10,18,11,19],[12,20,8,16,24,4,18,10,11,19],[20,16,24,12,8,4,18,10,19],[8,24,16,20,12,4,18,10,19],[8,4,12,20,24,16,18,10,19],[4,12,24,8,16,20,10,18,11,19],[4,20,16,12,8,24,10,18,11,19],[24,4,20,16,8,12,18,10,19],[4,12,20,16,24,8,18,10,19],[4,8,12,16,24,20,10,18,19],[8,4,24,16,12,20,18,10,11,19],[4,16,20,8,12,24,10,18,19],[12,16,24,4,20,8,18,10,11,19],[24,16,8,4,12,20,10,18,19],[4,24,16,12,20,8,18,10,19],[4,16,8,12,24,20,18,10,11,19],[16,4,24,12,20,8,10,18,19],[20,4,12,16,24,8,18,10,19],[20,8,4,24,16,12,18,10,11,19],[24,8,16,4,12,20,10,18,11,19],[12,20,16,24,4,8,10,18,11,19],[24,4,12,8,16,20,18,10,19],[24,16,4,20,8,12,18,10,11,19],[16,20,4,12,8,24,10,18,19],[20,12,24,4,8,16,10,18,11,19],[24,12,16,20,4,8,10,18,11,19],[20,24,16,4,12,8,10,18,19],[8,16,20,4,12,24,18,10,19],[12,4,20,24,16,8,18,10,19],[8,16,12,4,24,20,10,18,19],[24,20,8,4,12,16,18,10,11,19],[16,8,24,12,4,20,18,10,11,19],[8,16,24,4,12,20,10,18,19],[4,12,24,16,8,20,10,18,11,19],[4,24,16,20,12,8,10,18,19],[16,8,4,24,20,12,18,10,19],[20,8,12,24,16,4,10,18,19],[16,4,8,24,20,12,18,10,19],[24,16,12,4,20,8,18,10,19],[24,8,4,12,20,16,18,10,11,19],[4,12,8,20,16,24,10,18,11,19],[8,24,16,12,20,4,10,18,19],[20,16,24,12,8,4,10,18,11,19],[20,8,12,24,4,16,18,10,11,19],[20,16,4,8,12,24,10,18,11,19],[12,20,24,4,8,16,10,18,19],[12,24,16,8,4,20,18,10,19],[20,16,8,12,24,4,18,10,11,19],[8,20,12,16,4,24,18,10,11,19],[12,8,20,24,16,4,10,18,19],[8,16,12,4,24,20,18,10,11,19],[4,20,16,12,24,8,10,18,19],[16,24,8,4,20,12,18,10,19],[8,12,20,24,16,4,18,10,19],[16,24,8,20,12,4,18,10,11,19],[8,4,16,20,12,24,18,10,19],[4,20,16,12,24,8,10,18,19],[24,16,12,20,4,8,18,10,11,19],[4,12,24,16,20,8,10,18,19],[8,20,16,12,24,4,10,18,11,19],[20,24,12,4,8,16,18,10,19],[12,4,16,20,24,8,18,10,11,19],[20,4,12,8,16,24,18,10,19],[4,16,8,24,20,12,18,10,11,19],[4,20,12,24,16,8,10,18,19],[8,24,20,12,16,4,10,18,19],[20,24,12,4,16,8,18,10,19],[4,24,16,20,8,12,18,10,11,19],[20,24,8,12,16,4,10,18,19],[24,12,20,8,4,16,10,18,19],[16,20,12,8,4,24,18,10,19],[4,12,8,24,20,16,10,18,19],[24,4,20,16,8,12,10,18,19],[20,24,8,4,12,16,18,10,19],[12,4,16,24,8,20,18,10,19],[24,20,8,4,12,16,18,10,11,19],[4,8,16,12,24,20,10,18,19],[8,24,16,12,4,20,18,10,19],[24,4,16,20,12,8,10,18,19],[8,16,24,20,12,4,10,18,11,19],[4,20,8,24,12,16,18,10,11,19],[12,24,8,20,16,4,18,10,19],[20,8,4,12,24,16,10,18,11,19],[24,12,4,20,8,16,10,18,19],[24,16,12,8,4,20,10,18,19],[20,24,12,8,4,16,10,18,19],[20,24,12,4,8,16,10,18,11,19],[24,12,20,4,8,16,10,18,19],[16,8,12,4,20,24,18,10,19],[8,24,12,16,20,4,10,18,11,19],[24,16,20,12,4,8,10,18,11,19],[20,16,8,24,4,12,18,10,19],[12,20,8,16,4,24,10,18,11,19],[4,16,20,12,24,8,18,10,19],[8,24,12,4,16,20,10,18,19],[4,20,12,16,24,8,10,18,19],[16,20,12,8,24,4,10,18,11,19],[16,4,8,12,20,24,18,10,11,19],[16,20,24,4,12,8,18,10,19],[12,16,4,24,8,20,18,10,11,19],[8,12,16,20,4,24,18,10,11,19],[24,16,20,12,4,8,10,18,11,19],[20,16,4,8,12,24,18,10,11,19],[16,4,20,12,8,24,10,18,11,19],[8,4,24,12,20,16,10,18,11,19],[16,24,4,12,8,20,18,10,11,19],[12,24,16,4,8,20,10,18,19],[12,20,16,8,24,4,18,10,19],[4,8,24,16,20,12,10,18,19],[12,16,20,24,8,4,10,18,19],[16,24,4,12,20,8,18,10,19],[16,8,24,20,12,4,18,10,11,19],[4,12,16,20,8,24,18,10,19],[20,8,4,16,12,24,18,10,19],[24,16,12,20,4,8,10,18,11,19],[12,20,4,16,8,24,18,10,11,19],[16,24,4,8,20,12,18,10,19],[20,4,12,16,8,24,18,10,19],[24,12,4,16,20,8,18,10,11,19],[8,24,16,12,20,4,10,18,19],[20,24,4,16,8,12,18,10,11,19],[4,12,8,16,24,20,10,18,19],[8,12,20,4,16,24,18,10,19],[20,24,12,16,4,8,18,10,11,19],[16,8,12,20,24,4,10,18,19],[16,12,24,8,4,20,18,10,11,19],[24,12,20,8,4,16,18,10,11,19],[16,12,24,8,20,4,10,18,11,19],[16,20,4,8,24,12,10,18,11,19],[8,20,4,24,12,16,18,10,11,19],[12,8,16,4,20,24,10,18,11,19],[8,16,12,24,4,20,18,10,19],[12,4,24,8,16,20,18,10,11,19],[8,24,20,4,16,12,18,10,11,19],[24,8,16,12,20,4,18,10,11,19],[24,16,8,20,4,12,10,18,19],[16,20,8,12,4,24,10,18,11,19],[24,20,4,16,8,12,18,10,11,19],[8,24,4,12,20,16,10,18,11,19],[20,12,16,4,24,8,10,18,19],[24,4,8,16,12,20,18,10,19],[12,4,20,16,8,24,10,18,19],[20,4,8,12,24,16,10,18,19],[12,20,16,8,24,4,10,18,19],[20,12,4,8,16,24,18,10,19],[8,16,24,4,20,12,10,18,11,19],[12,24,8,16,4,20,10,18,19],[16,20,4,8,24,12,18,10,19],[20,12,4,8,16,24,18,10,11,19],[4,20,16,24,12,8,10,18,11,19],[12,16,24,4,20,8,10,18,11,19],[16,4,8,12,24,20,18,10,11,19],[12,24,16,4,8,20,10,18,19],[24,8,4,20,12,16,18,10,11,19],[20,24,12,16,8,4,18,10,19],[20,16,8,12,24,4,10,18,19],[24,4,16,12,8,20,18,10,11,19],[16,12,4,24,20,8,10,18,11,19],[8,12,4,24,20,16,10,18,19],[12,24,4,8,20,16,10,18,19],[12,16,20,8,24,4,10,18,19],[20,8,4,16,24,12,10,18,19],[20,12,24,8,4,16,10,18,11,19],[12,20,8,16,24,4,10,18,11,19],[20,24,12,8,4,16,10,18,19],[16,24,12,8,4,20,10,18,19],[8,12,24,16,20,4,18,10,11,19],[20,12,24,16,8,4,18,10,19],[8,12,4,20,16,24,10,18,19],[8,4,16,12,20,24,10,18,11,19],[4,20,12,24,16,8,10,18,11,19],[8,12,16,20,24,4,10,18,19],[20,8,4,12,16,24,18,10,11,19],[4,8,16,24,20,12,10,18,19],[4,20,16,24,8,12,10,18,11,19],[24,4,12,16,20,8,10,18,19],[16,8,12,4,24,20,10,18,11,19],[12,4,16,24,20,8,10,18,19],[8,24,12,4,20,16,10,18,11,19],[12,24,4,16,20,8,18,10,19],[12,4,8,24,20,16,18,10,11,19],[12,24,16,4,20,8,10,18,11,19],[4,16,20,8,12,24,10,18,19],[16,4,20,8,12,24,10,18,19],[8,4,16,20,24,12,10,18,19],[16,20,24,12,8,4,10,18,11,19],[8,12,16,20,4,24,18,10,11,19],[24,4,12,8,16,20,10,18,11,19],[12,8,20,4,16,24,10,18,11,19],[24,20,4,16,12,8,10,18,11,19],[12,8,24,20,4,16,18,10,19],[20,24,12,16,8,4,10,18,11,19],[16,8,20,4,24,12,10,18,19],[12,16,8,20,24,4,18,10,11,19],[12,24,8,20,4,16,10,18,11,19],[20,12,24,4,16,8,10,18,11,19],[24,4,20,12,16,8,10,18,19],[20,16,12,8,24,4,10,18,11,19],[12,4,24,8,16,20,18,10,11,19],[12,16,24,4,8,20,18,10,19],[12,20,16,4,24,8,18,10,11,19],[8,4,12,20,16,24,18,10,19],[24,16,4,12,20,8,10,18,11,19],[20,16,12,8,24,4,10,18,11,19],[20,12,16,8,4,24,18,10,11,19],[24,8,4,16,12,20,10,18,11,19],[8,16,4,20,24,12,18,10,11,19],[8,16,4,24,12,20,10,18,11,19],[16,4,20,8,24,12,18,10,19],[12,24,4,16,8,20,10,18,19],[4,20,8,24,16,12,10,18,19],[20,8,16,12,24,4,10,18,19],[24,4,8,12,16,20,18,10,11,19],[16,4,24,8,12,20,10,18,11,19],[4,12,8,20,24,16,18,10,11,19],[8,16,12,4,20,24,18,10,19],[4,8,12,16,20,24,10,18,19],[20,12,4,16,24,8,18,10,19],[16,8,20,24,12,4,10,18,19],[16,20,12,8,4,24,18,10,11,19],[12,16,4,20,24,8,10,18,11,19],[20,16,12,8,24,4,10,18,11,19],[16,20,12,24,4,8,10,18,19],[20,4,12,16,8,24,18,10,19],[8,16,24,4,12,20,10,18,19],[16,12,8,24,4,20,18,10,11,19],[16,12,24,20,8,4,10,18,19],[12,8,20,24,4,16,10,18,19],[24,12,20,4,16,8,18,10,19],[24,8,16,12,4,20,10,18,11,19],[24,4,16,8,12,20,18,10,11,19],[24,20,16,8,4,12,10,18,19],[12,8,16,24,4,20,18,10,11,19],[16,24,4,8,12,20,10,18,19],[8,20,24,4,16,12,18,10,11,19],[4,16,12,24,8,20,10,18,19],[8,24,16,20,12,4,10,18,19],[8,4,20,16,12,24,10,18,11,19],[4,20,24,8,12,16,18,10,11,19],[24,8,4,20,12,16,18,10,11,19],[16,24,8,12,20,4,18,10,19],[20,12,8,4,16,24,18,10,11,19],[8,24,16,12,20,4,10,18,11,19],[4,16,12,24,20,8,10,18,11,19],[8,4,24,16,20,12,18,10,19],[4,16,8,20,24,12,10,18,11,19],[20,16,8,12,24,4,10,18,19],[16,8,20,12,24,4,18,10,11,19],[24,12,8,4,20,16,10,18,19],[4,8,16,12,24,20,18,10,11,19],[8,12,4,16,24,20,10,18,11,19],[16,24,20,4,8,12,10,18,11,19],[16,24,4,12,20,8,10,18,19],[12,20,24,4,16,8,10,18,19],[8,4,24,16,12,20,18,10,11,19],[16,8,24,20,4,12,18,10,19],[16,24,8,4,20,12,18,10,11,19],[4,24,16,20,12,8,18,10,19],[20,16,8,12,4,24,18,10,19],[20,16,4,24,8,12,18,10,19],[20,8,12,4,24,16,10,18,11,19],[12,20,4,8,16,24,18,10,11,19],[4,16,20,24,12,8,18,10,11,19],[16,24,8,4,12,20,10,18,11,19],[20,12,16,4,8,24,10,18,11,19],[4,12,20,24,8,16,10,18,11,19],[24,16,8,20,12,4,10,18,19],[4,20,16,8,12,24,18,10,11,19],[8,20,16,4,12,24,10,18,19],[12,24,4,8,16,20,10,18,11,19],[12,20,16,24,8,4,10,18,11,19],[24,4,8,16,20,12,10,18,19],[12,20,8,4,16,24,18,10,11,19],[12,4,16,24,20,8,10,18,19],[24,4,12,20,16,8,10,18,11,19],[8,4,24,16,20,12,10,18,19],[16,12,8,24,20,4,18,10,19],[16,4,24,12,8,20,10,18,11,19],[20,4,8,24,16,12,10,18,19],[20,16,4,12,8,24,18,10,19],[12,24,16,4,8,20,18,10,19],[4,24,8,20,12,16,18,10,11,19],[12,4,24,16,8,20,10,18,11,19],[8,24,4,20,16,12,18,10,11,19],[4,20,16,8,12,24,18,10,11,19],[24,4,8,12,16,20,10,18,19],[20,4,24,8,12,16,10,18,19],[8,20,24,4,12,16,10,18,19],[20,8,4,24,16,12,18,10,11,19],[12,8,20,24,4,16,10,18,11,19],[4,16,24,12,8,20,10,18,11,19],[4,20,8,12,16,24,10,18,19],[12,16,4,8,24,20,18,10,19],[8,20,4,12,24,16,18,10,19],[8,16,12,24,20,4,18,10,19],[20,16,24,12,4,8,10,18,11,19],[8,12,16,20,24,4,10,18,11,19],[20,16,4,8,24,12,10,18,19],[20,12,24,4,8,16,10,18,19],[8,20,24,12,4,16,10,18,11,19],[24,20,8,12,16,4,10,18,19],[4,24,12,8,16,20,10,18,19],[8,16,4,24,12,20,10,18,19],[20,8,24,16,12,4,10,18,11,19],[20,12,8,4,24,16,10,18,19],[16,20,24,12,4,8,10,18,11,19],[12,4,20,16,24,8,10,18,19],[8,20,12,24,4,16,18,10,19],[8,12,24,20,16,4,10,18,11,19],[16,12,4,8,20,24,18,10,11,19],[16,8,4,20,12,24,10,18,11,19],[4,8,20,12,24,16,10,18,19],[8,4,16,12,24,20,10,18,11,19],[12,4,20,24,16,8,10,18,11,19],[24,8,20,4,12,16,10,18,11,19],[16,4,20,8,12,24,10,18,19],[4,8,12,20,24,16,18,10,11,19],[20,4,8,16,12,24,10,18,19],[24,12,8,20,4,16,18,10,11,19],[12,16,4,8,20,24,10,18,19],[4,20,16,8,12,24,18,10,11,19],[12,4,20,24,16,8,18,10,11,19],[8,20,4,12,16,24,18,10,11,19],[8,12,20,16,24,4,10,18,11,19],[24,20,8,4,16,12,18,10,11,19],[16,4,12,8,24,20,10,18,19],[8,20,24,12,16,4,10,18,19],[12,4,20,24,16,8,10,18,11,19],[24,20,16,12,8,4,10,18,11,19],[8,4,24,20,16,12,10,18,11,19],[16,8,12,4,24,20,18,10,19],[16,20,24,8,12,4,18,10,19],[8,4,12,20,24,16,18,10,11,19],[16,12,20,24,8,4,10,18,11,19],[20,8,16,4,12,24,18,10,11,19],[12,24,4,16,8,20,18,10,11,19],[12,4,24,8,20,16,10,18,11,19],[20,16,8,12,4,24,18,10,11,19],[20,16,8,24,4,12,18,10,11,19],[8,20,16,24,4,12,10,18,11,19],[20,24,4,12,8,16,10,18,19],[16,20,4,12,24,8,10,18,11,19],[8,20,4,16,24,12,10,18,11,19],[8,24,12,16,4,20,18,10,19],[8,20,4,16,12,24,18,10,11,19],[16,20,8,12,4,24,10,18,19],[20,24,4,16,12,8,18,10,19],[20,4,16,24,12,8,10,18,19],[16,4,20,8,12,24,18,10,19],[16,24,4,12,20,8,18,10,19],[4,8,20,16,12,24,10,18,11,19],[16,4,8,12,24,20,18,10,11,19],[24,12,4,16,8,20,18,10,19],[4,12,8,16,24,20,18,10,11,19],[24,12,16,20,8,4,18,10,11,19],[4,20,16,24,12,8,10,18,11,19],[12,4,8,24,20,16,18,10,19],[24,16,4,20,8,12,10,18,19],[20,16,24,12,8,4,18,10,11,19],[16,24,4,12,20,8,18,10,11,19],[12,4,8,16,20,24,18,10,11,19],[24,16,20,8,12,4,18,10,11,19],[8,4,16,12,24,20,18,10,19],[16,24,20,12,4,8,18,10,11,19],[16,12,24,20,4,8,18,10,11,19],[8,20,12,4,16,24,18,10,11,19],[24,8,16,12,4,20,18,10,11,19],[24,8,16,20,4,12,10,18,11,19],[24,12,16,8,20,4,10,18,11,19],[4,20,12,24,8,16,18,10,19],[16,12,20,4,8,24,18,10,11,19],[24,16,12,20,4,8,18,10,11,19],[20,4,24,12,8,16,10,18,19],[24,20,8,4,12,16,10,18,19],[8,16,20,24,12,4,18,10,19],[8,12,24,4,20,16,18,10,11,19],[20,8,16,4,24,12,10,18,11,19],[4,8,20,12,16,24,18,10,19],[24,16,12,8,20,4,10,18,19],[20,8,16,4,12,24,18,10,19],[24,12,20,16,8,4,18,10,19],[20,4,12,8,16,24,10,18,19],[4,24,20,12,8,16,10,18,19],[20,4,12,16,24,8,18,10,19],[4,16,20,8,12,24,10,18,11,19],[20,16,8,24,4,12,10,18,19],[4,16,20,12,8,24,18,10,11,19],[20,16,4,24,8,12,10,18,11,19],[16,12,20,8,4,24,18,10,19],[24,8,20,4,16,12,10,18,19],[24,20,4,12,8,16,18,10,19],[16,24,4,12,8,20,10,18,19],[8,12,4,20,24,16,10,18,11,19],[20,24,12,4,16,8,18,10,11,19],[4,8,20,12,24,16,18,10,11,19],[24,16,4,8,12,20,18,10,11,19],[8,4,20,24,16,12,18,10,11,19],[12,8,24,20,4,16,10,18,11,19],[8,16,4,20,24,12,18,10,11,19],[16,8,20,4,12,24,18,10,11,19],[12,8,24,16,4,20,10,18,11,19],[20,12,16,4,24,8,18,10,19],[12,4,20,8,24,16,18,10,11,19],[20,16,4,8,24,12,18,10,11,19],[4,24,16,12,8,20,18,10,19],[16,20,4,8,12,24,10,18,11,19],[16,4,12,24,8,20,18,10,19],[16,24,4,12,20,8,18,10,19],[20,16,8,24,12,4,18,10,11,19],[20,16,24,4,12,8,18,10,19],[20,12,4,24,16,8,18,10,11,19],[16,20,4,24,12,8,10,18,11,19],[4,16,20,24,8,12,10,18,11,19],[4,20,16,8,12,24,10,18,19],[20,4,8,24,16,12,18,10,11,19],[16,8,20,12,4,24,10,18,19],[12,16,24,4,20,8,10,18,19],[20,24,8,16,4,12,10,18,19],[8,12,4,16,24,20,10,18,11,19],[8,24,20,4,16,12,18,10,19],[4,8,24,20,16,12,18,10,11,19],[12,16,4,24,8,20,10,18,11,19],[8,4,12,16,24,20,10,18,11,19],[4,12,8,24,20,16,10,18,19],[16,4,24,12,8,20,18,10,19],[24,4,16,20,8,12,18,10,11,19],[4,20,24,16,8,12,10,18,11,19],[24,16,12,8,20,4,18,10,11,19],[24,20,8,4,16,12,10,18,11,19],[8,12,20,16,24,4,18,10,11,19],[8,4,20,12,24,16,10,18,19],[24,20,16,8,12,4,18,10,11,19],[16,8,20,4,24,12,18,10,11,19],[20,12,8,16,24,4,18,10,19],[12,24,8,4,16,20,10,18,19],[12,16,4,8,20,24,10,18,11,19],[4,24,8,16,20,12,18,10,11,19],[24,20,4,16,8,12,10,18,19],[16,8,20,12,24,4,18,10,19],[24,8,4,12,20,16,18,10,19],[4,16,24,12,20,8,18,10,11,19],[16,4,20,12,24,8,18,10,19],[8,4,16,24,12,20,10,18,19],[8,20,12,16,24,4,18,10,11,19],[12,4,20,8,24,16,18,10,19],[16,4,8,20,24,12,18,10,11,19],[12,20,24,16,8,4,10,18,19],[24,16,12,4,20,8,10,18,11,19],[8,12,4,24,16,20,18,10,11,19],[16,4,12,8,20,24,18,10,11,19],[16,20,8,24,12,4,18,10,11,19],[20,16,8,4,24,12,18,10,19],[16,12,8,4,20,24,18,10,11,19],[24,4,20,8,16,12,18,10,19],[4,8,16,24,20,12,18,10,11,19],[24,4,12,20,8,16,10,18,19],[20,24,16,8,4,12,18,10,19],[4,24,16,20,8,12,10,18,11,19],[24,12,8,20,16,4,10,18,19],[4,8,20,24,16,12,18,10,11,19],[24,12,20,4,16,8,18,10,11,19],[12,8,20,16,24,4,10,18,11,19],[24,20,8,4,12,16,18,10,19],[12,8,4,16,24,20,10,18,19],[12,16,4,24,20,8,10,18,11,19],[20,8,12,24,4,16,18,10,19],[12,8,16,24,20,4,10,18,11,19],[4,20,12,16,24,8,18,10,11,19],[16,4,12,20,24,8,10,18,11,19],[4,24,12,16,20,8,10,18,11,19],[16,8,12,4,20,24,18,10,11,19],[4,24,8,20,12,16,10,18,11,19],[24,8,16,20,12,4,10,18,11,19],[16,24,8,20,4,12,18,10,11,19],[24,12,8,16,20,4,18,10,19],[20,4,16,12,24,8,10,18,11,19],[12,4,24,16,8,20,18,10,19],[20,12,16,24,8,4,10,18,19],[16,12,20,4,8,24,10,18,11,19],[8,12,24,4,16,20,18,10,19],[20,8,16,24,12,4,18,10,19],[16,24,4,20,8,12,18,10,19],[24,12,4,16,8,20,18,10,11,19],[16,24,20,8,12,4,18,10,19],[8,4,12,20,24,16,18,10,11,19],[4,8,24,12,20,16,10,18,11,19],[24,12,16,8,20,4,10,18,19],[16,8,12,4,20,24,18,10,11,19],[24,12,4,16,20,8,10,18,19],[12,16,20,24,8,4,10,18,11,19],[4,16,8,20,12,24,18,10,19],[12,16,20,24,8,4,18,10,11,19],[4,24,20,16,8,12,18,10,11,19],[24,12,16,8,4,20,18,10,19],[24,8,4,20,12,16,18,10,11,19],[4,24,12,20,8,16,18,10,19],[20,24,8,4,16,12,18,10,11,19],[16,8,4,24,12,20,18,10,19],[16,4,12,24,20,8,18,10,11,19],[24,4,12,20,16,8,18,10,11,19],[24,16,20,8,4,12,18,10,11,19],[8,4,12,20,16,24,10,18,19],[4,24,20,8,16,12,10,18,11,19],[16,4,8,12,20,24,10,18,11,19],[4,24,20,8,12,16,18,10,11,19],[16,4,24,20,12,8,18,10,11,19],[8,12,20,4,16,24,18,10,11,19],[4,20,24,16,12,8,10,18,19],[8,24,4,16,20,12,18,10,19],[8,12,20,16,4,24,18,10,11,19],[20,8,24,12,16,4,10,18,19],[12,20,24,16,8,4,18,10,11,19],[24,20,4,12,16,8,18,10,11,19],[16,4,20,8,24,12,10,18,11,19],[12,8,24,20,16,4,18,10,19],[12,8,20,24,4,16,18,10,11,19],[12,4,24,8,20,16,18,10,19],[20,16,12,4,24,8,10,18,11,19],[4,12,16,20,8,24,10,18,19],[16,20,4,24,8,12,10,18,19],[12,4,24,16,20,8,18,10,11,19],[4,12,16,8,24,20,10,18,19],[24,16,4,20,12,8,10,18,11,19],[4,24,8,12,20,16,18,10,11,19],[24,12,16,4,8,20,10,18,19],[16,20,8,4,24,12,10,18,11,19],[12,8,4,24,20,16,18,10,19],[16,12,4,8,20,24,10,18,11,19],[20,4,24,12,16,8,10,18,19],[8,24,16,4,20,12,10,18,19],[8,20,4,16,24,12,10,18,19],[24,8,16,4,20,12,18,10,19],[12,4,8,24,20,16,10,18,19],[12,20,16,8,24,4,10,18,19],[16,4,8,24,20,12,18,10,19],[4,16,12,24,8,20,10,18,19],[20,24,16,12,8,4,18,10,11,19],[24,12,16,20,8,4,18,10,19],[16,24,4,12,20,8,18,10,11,19],[24,8,4,20,16,12,10,18,11,19],[8,12,4,20,24,16,10,18,19],[4,24,20,16,8,12,18,10,19],[4,24,12,16,20,8,18,10,19],[12,4,8,16,20,24,10,18,19],[24,4,8,16,12,20,10,18,19],[4,12,24,20,8,16,10,18,19],[12,24,8,16,20,4,18,10,11,19],[16,20,4,8,24,12,18,10,11,19],[12,16,8,4,20,24,10,18,11,19],[12,20,16,8,24,4,18,10,19],[16,12,24,20,4,8,10,18,11,19],[20,24,16,4,8,12,18,10,11,19],[16,4,8,24,20,12,18,10,19],[20,12,4,8,16,24,10,18,19],[24,4,12,16,8,20,18,10,11,19],[12,16,20,24,4,8,18,10,11,19],[4,12,16,20,24,8,10,18,11,19],[16,24,20,4,8,12,10,18,19],[8,16,4,24,12,20,10,18,11,19],[16,20,12,8,24,4,10,18,11,19],[12,24,16,20,4,8,10,18,19],[8,24,4,12,20,16,18,10,19],[4,8,16,24,12,20,10,18,19],[24,20,4,16,12,8,18,10,11,19],[4,8,20,16,24,12,10,18,11,19],[20,8,16,24,4,12,10,18,11,19],[24,8,4,12,16,20,18,10,19],[4,24,16,12,20,8,10,18,19],[12,4,24,8,20,16,18,10,11,19],[24,16,20,4,12,8,10,18,11,19],[20,12,16,24,8,4,10,18,19],[16,24,8,4,12,20,10,18,19],[8,4,16,20,12,24,18,10,11,19],[20,24,12,4,16,8,18,10,19],[4,24,8,16,12,20,18,10,11,19],[16,24,12,20,8,4,18,10,11,19],[8,16,20,24,4,12,10,18,11,19],[20,4,16,24,12,8,10,18,11,19],[24,20,4,12,16,8,18,10,11,19],[4,16,8,12,20,24,18,10,19],[24,4,16,8,12,20,10,18,19],[24,4,16,8,20,12,10,18,19],[12,20,8,16,24,4,18,10,11,19],[20,24,8,4,16,12,10,18,19],[24,12,20,16,8,4,18,10,11,19],[12,4,16,20,8,24,18,10,11,19],[16,8,12,4,20,24,10,18,11,19],[20,16,24,12,4,8,18,10,11,19],[4,16,20,24,8,12,18,10,11,19],[8,24,4,12,16,20,18,10,19],[16,12,20,8,24,4,18,10,19],[20,4,16,24,8,12,18,10,11,19],[12,20,8,16,24,4,10,18,11,19],[24,4,16,8,12,20,18,10,19],[4,20,12,16,24,8,18,10,19],[16,12,24,20,8,4,18,10,11,19],[16,12,4,8,20,24,10,18,11,19],[8,12,4,24,16,20,10,18,11,19],[12,24,8,4,20,16,10,18,19],[16,20,24,4,8,12,10,18,19],[4,20,16,8,24,12,10,18,11,19],[24,12,20,4,8,16,18,10,19],[4,24,8,16,12,20,10,18,11,19],[4,24,12,20,16,8,18,10,19],[24,16,8,20,4,12,10,18,11,19],[24,12,16,4,8,20,10,18,19],[4,24,20,12,8,16,10,18,11,19],[4,24,8,12,20,16,18,10,11,19],[12,8,20,24,16,4,10,18,19],[12,4,24,20,8,16,10,18,19],[24,4,12,16,20,8,18,10,19],[8,16,20,4,24,12,10,18,19],[8,24,12,20,4,16,10,18,11,19],[8,20,24,16,4,12,10,18,11,19],[8,12,16,4,20,24,18,10,19],[16,8,24,12,20,4,18,10,11,19],[8,16,24,4,20,12,18,10,19],[16,8,4,24,12,20,18,10,11,19],[4,16,8,24,12,20,10,18,19],[12,20,16,8,4,24,10,18,11,19],[4,24,16,20,8,12,10,18,19],[12,4,8,20,24,16,10,18,11,19],[20,8,12,16,24,4,18,10,11,19],[16,12,8,4,24,20,10,18,11,19],[8,24,20,12,16,4,18,10,19],[24,4,8,16,20,12,10,18,11,19],[24,20,12,16,4,8,10,18,11,19],[12,20,8,24,16,4,10,18,11,19],[8,16,12,4,20,24,10,18,11,19],[20,16,24,12,8,4,10,18,19],[16,12,8,24,4,20,18,10,11,19],[16,20,24,12,8,4,18,10,19],[20,4,16,12,8,24,18,10,19],[12,8,4,20,16,24,18,10,11,19],[4,8,24,12,20,16,18,10,11,19],[4,12,20,8,16,24,10,18,19],[24,4,20,12,16,8,10,18,19],[8,12,16,24,20,4,18,10,19],[16,20,24,4,8,12,10,18,19],[16,4,24,8,20,12,10,18,19],[8,16,24,20,12,4,10,18,11,19],[24,12,16,4,20,8,10,18,19],[8,24,20,16,12,4,10,18,11,19],[20,12,8,16,4,24,10,18,11,19],[12,20,16,4,8,24,10,18,11,19],[4,20,12,8,16,24,10,18,19],[8,4,16,20,24,12,10,18,19],[12,24,20,4,16,8,18,10,19],[12,20,4,16,8,24,10,18,11,19],[8,12,16,20,24,4,18,10,11,19],[16,20,12,24,8,4,10,18,11,19],[12,16,20,4,24,8,10,18,19],[24,8,12,20,4,16,10,18,11,19],[8,20,4,12,24,16,18,10,11,19],[20,12,4,8,24,16,18,10,19],[20,24,12,16,4,8,10,18,11,19],[24,20,16,4,12,8,10,18,19],[8,16,24,20,12,4,10,18,11,19],[4,16,20,12,24,8,10,18,19],[12,16,20,4,24,8,18,10,19],[8,12,4,24,20,16,18,10,19],[24,20,4,12,8,16,18,10,11,19],[24,20,16,8,12,4,10,18,11,19],[16,4,12,8,24,20,18,10,11,19],[8,4,16,20,12,24,10,18,19],[4,20,8,12,24,16,18,10,11,19],[4,24,12,8,20,16,18,10,19],[20,24,16,12,8,4,18,10,11,19],[8,16,24,20,12,4,18,10,11,19],[12,8,4,16,24,20,10,18,19],[8,16,24,4,20,12,10,18,19],[24,20,4,16,12,8,10,18,19],[16,20,12,24,8,4,18,10,11,19],[8,12,16,20,4,24,10,18,11,19],[8,16,20,4,24,12,18,10,19],[20,16,12,8,24,4,10,18,19],[4,24,8,12,16,20,18,10,19],[8,20,16,12,24,4,18,10,19],[8,4,24,12,20,16,10,18,19],[4,8,16,24,20,12,18,10,19],[4,24,12,16,20,8,10,18,11,19],[12,16,24,8,4,20,18,10,19],[16,24,8,4,20,12,18,10,19],[4,8,12,20,16,24,10,18,19],[12,8,20,16,24,4,18,10,19],[8,12,4,20,24,16,18,10,19],[20,4,8,16,12,24,10,18,19],[24,16,20,8,12,4,10,18,11,19],[4,24,16,8,20,12,10,18,19],[12,4,16,8,20,24,10,18,11,19],[20,4,12,16,24,8,10,18,11,19],[16,8,4,20,24,12,18,10,19],[4,8,24,16,20,12,18,10,11,19],[12,4,16,8,20,24,18,10,19],[4,12,20,16,8,24,10,18,19],[4,16,12,24,20,8,18,10,19],[12,16,8,4,24,20,10,18,11,19],[12,20,4,8,16,24,18,10,11,19],[4,24,8,16,20,12,18,10,19],[20,24,16,8,12,4,18,10,19],[4,24,12,8,16,20,18,10,19],[8,16,12,4,20,24,10,18,19],[20,16,4,12,8,24,10,18,19],[24,20,8,4,12,16,18,10,19],[4,16,12,20,8,24,18,10,19],[12,24,20,4,16,8,18,10,19],[16,24,20,8,12,4,10,18,19],[8,16,12,24,4,20,10,18,19],[24,16,20,8,4,12,18,10,19],[16,12,4,20,8,24,18,10,19],[4,20,24,12,16,8,18,10,19],[12,4,20,24,8,16,18,10,11,19],[16,12,24,8,20,4,10,18,19],[4,12,8,24,20,16,18,10,11,19],[20,16,4,12,24,8,10,18,11,19],[12,4,8,20,24,16,18,10,19],[12,4,8,20,16,24,18,10,11,19],[24,20,8,4,16,12,18,10,11,19],[20,16,4,24,8,12,18,10,11,19],[8,16,20,4,12,24,18,10,11,19]],"n_human":11}