{"problem_id":"s66qEszo0ol8hHt","sigma":150,"alpha":10.000,"cost":2,"probabilities":"[0.25, 0.26, 0.25, 0.24]","payoff_matrix":"[[148, 70, -60, -112, 52, 26], [-219, 31, -91, -98, 206, -10], [-148, 92, 201, -98, -181, 159], [60, 27, 307, -54, -393, 74]]","uncovered":[[14,6,18,10,22,2,17,7,5,19,21,20,23,8,24],[6,10,14,22,2,18,17,7,19,5,23,21,8,24],[14,18,6,10,2,22,19,7,17,5,23,21,8,24],[10,22,18,2,6,14,19,7,5,23,21,24,8],[6,10,14,2,22,18,19,5,7,23,21,24,8],[18,14,10,6,22,2,5,19,7,23,21,8,24],[22,10,18,14,2,6,5,17,19,7,21,8,20,23,24],[14,22,6,10,2,18,5,19,7,23,21,8,24],[10,22,6,18,14,2,19,5,17,7,23,21,8,24],[14,2,18,10,6,22,17,5,7,19,21,8,23,24],[10,14,2,22,18,6,7,17,19,5,21,20,23,8,24],[6,18,10,2,14,22,17,5,7,19,21,8,23,24],[2,14,22,6,10,18,19,7,17,5,23,21,24,8],[14,2,18,10,22,6,19,5,7,21,17,20,23,8,24],[22,10,14,2,18,6,7,17,19,5,21,8,20,23,24],[22,2,18,14,7,6,19,10,17,5,21,20,23,8,24],[18,2,10,14,6,22,5,19,17,7,21,20,23,8,24],[18,22,6,10,2,14,19,5,7,23,21,24,8],[18,22,10,2,6,14,17,5,7,19,23,21,8,24],[10,2,14,6,22,18,7,17,5,19,23,21,24,8],[22,18,6,14,10,2,5,19,17,7,21,20,23,24,8],[18,10,6,14,22,2,17,7,19,5,21,20,23,24,8],[2,22,10,6,18,14,5,19,7,21,17,20,23,8,24],[2,18,22,10,14,6,19,5,7,23,21,8,24],[6,10,18,2,22,14,17,5,7,19,21,20,23,24,8],[10,18,14,22,2,6,5,17,19,7,23,21,24,8],[6,18,10,22,2,14,17,7,19,5,21,20,23,24,8],[6,22,10,14,2,18,5,17,19,7,23,21,8,24],[10,14,2,6,18,22,17,7,19,5,21,8,23,24],[10,18,22,2,6,14,19,5,17,7,21,8,23,24],[10,6,18,2,14,22,17,7,5,19,21,20,23,24,8],[18,22,2,10,6,14,17,7,19,5,23,21,8,24],[10,14,2,6,22,18,17,5,7,19,21,20,23,8,24],[18,14,6,2,10,22,17,7,5,19,21,20,23,24,8],[10,2,18,22,14,6,5,17,7,19,23,21,8,24],[2,18,22,10,14,6,7,19,17,5,23,21,8,24],[2,10,18,22,6,14,17,7,19,5,23,21,8,24],[18,14,10,6,22,2,7,17,19,5,23,21,8,24],[22,2,18,10,14,6,7,17,19,5,21,8,23,24],[22,18,2,6,10,14,5,17,7,19,21,20,23,8,24],[10,18,6,2,22,14,17,7,19,5,21,8,23,24],[18,22,2,14,6,10,17,5,7,19,21,8,23,24],[10,22,2,14,18,6,19,5,7,21,17,20,23,8,24],[14,22,6,2,18,9,7,19,5,23,21,24,8,17],[14,10,22,2,6,18,5,17,7,19,21,8,23,24],[2,10,22,18,6,14,7,17,19,5,23,21,8,24],[10,22,14,18,6,2,5,19,7,21,17,20,23,24,8],[18,6,22,2,10,14,5,19,7,23,21,24,8],[6,18,14,2,22,10,17,7,19,5,23,21,8,24],[14,10,2,18,22,6,17,5,19,7,23,21,8,24],[10,18,22,2,14,6,7,19,5,21,17,20,23,24,8],[18,6,13,10,22,2,7,19,17,5,23,21,24,8],[22,18,10,6,2,14,19,7,17,5,21,8,23,24],[18,6,10,22,14,2,19,5,7,21,17,8,23,24],[2,10,14,22,18,6,5,17,19,7,21,8,23,24],[10,14,2,22,6,18,19,5,17,7,23,21,24,8],[10,18,22,14,2,6,5,19,17,7,21,8,23,24],[2,18,6,22,10,14,7,17,5,19,21,20,23,24,8],[6,2,18,22,14,10,17,7,19,5,21,20,23,24,8],[18,10,2,14,22,6,19,5,7,23,21,24,8],[2,10,22,18,6,14,7,17,19,5,23,21,24,8],[22,18,14,2,10,6,7,17,19,5,23,21,24,8],[6,2,18,22,10,14,7,17,5,19,21,8,23,24],[22,14,6,10,18,2,17,7,19,5,21,8,23,24],[6,10,22,14,2,18,5,17,19,7,21,8,23,24],[10,2,6,18,14,22,19,5,17,7,23,21,8,24],[18,22,2,14,10,6,7,19,17,5,23,21,8,24],[10,14,6,22,18,2,17,7,19,5,23,21,24,8],[2,6,22,10,18,14,17,5,19,7,23,21,24,8],[18,10,22,14,6,2,5,19,17,7,23,21,8,24],[14,22,6,2,10,18,17,7,19,5,23,21,8,24],[14,22,10,6,18,2,17,7,19,5,23,21,8,24],[22,6,18,10,2,14,17,5,19,7,21,8,23,24],[10,2,6,18,22,14,17,7,19,5,21,8,23,24],[6,18,22,10,14,2,17,5,7,19,21,8,23,24],[18,6,2,10,22,14,17,5,19,7,23,21,24,8],[18,2,14,22,6,10,17,7,5,19,21,20,23,24,8],[2,22,6,14,18,10,5,19,17,7,21,20,23,24,8],[22,18,10,14,6,2,17,5,7,19,21,20,23,8,24],[6,22,18,14,2,10,5,17,19,7,23,21,24,8],[14,10,18,2,22,6,17,7,5,19,23,21,24,8],[22,14,2,18,10,6,17,7,5,19,23,21,24,8],[2,6,10,14,18,22,5,19,17,7,23,21,24,8],[6,2,18,22,10,14,5,17,7,19,23,21,24,8],[18,22,2,6,14,10,5,19,7,23,21,24,8],[18,2,14,10,22,6,7,17,19,5,23,21,24,8],[14,22,10,6,18,2,19,5,7,21,17,8,23,24],[22,6,14,18,2,10,7,17,19,5,21,8,23,24],[22,10,2,6,18,14,7,17,19,5,23,21,24,8],[6,2,18,14,22,10,7,19,17,5,23,21,24,8],[18,6,22,10,2,14,5,19,7,23,21,8,24],[10,6,2,22,18,14,5,17,7,19,23,21,24,8],[10,18,3,14,22,6,17,7,19,5,23,21,24,8],[6,14,22,2,18,10,5,17,7,19,21,20,23,8,24],[6,22,18,2,10,14,19,7,17,5,23,21,24,8],[22,10,6,14,18,2,17,5,19,7,21,8,23,24],[14,10,22,18,6,2,7,17,19,5,21,8,23,24],[22,10,2,18,14,6,7,19,17,5,23,21,8,24],[2,18,6,22,14,10,5,19,7,23,21,8,24],[18,2,14,22,6,10,7,17,19,5,23,21,8,24],[6,18,14,10,2,22,19,5,17,7,23,21,24,8],[18,14,10,22,2,6,19,5,7,23,21,8,24],[22,10,6,18,2,14,5,19,7,23,21,24,8],[6,10,22,2,14,18,17,5,19,7,21,8,23,24],[2,14,22,18,10,6,7,17,19,5,21,20,23,8,24],[10,14,2,22,18,6,5,19,7,23,21,8,24],[2,6,18,10,22,14,7,17,19,5,21,20,23,24,8],[10,2,6,22,18,14,5,17,7,19,21,8,23,24],[10,6,22,14,2,18,17,7,5,19,21,8,23,24],[22,2,6,14,18,10,7,19,17,5,21,8,23,24],[6,22,14,10,2,18,5,19,17,7,23,21,8,24],[22,18,6,14,10,2,7,19,5,21,17,8,23,24],[22,10,6,2,14,18,17,7,19,5,21,20,23,24,8],[18,10,6,14,22,2,19,5,17,7,23,21,8,24],[2,6,22,14,18,10,17,5,7,19,23,21,8,24],[14,22,18,10,6,2,19,7,17,5,21,20,23,8,24],[14,10,2,18,22,6,19,7,17,5,21,8,23,24],[22,2,10,18,14,6,5,19,7,23,21,24,8],[6,2,22,10,18,14,19,7,17,5,23,21,24,8],[22,14,10,18,6,2,19,5,17,7,21,8,23,24],[10,6,14,18,22,2,17,5,7,19,21,20,23,24,8],[18,2,22,10,6,14,7,19,5,21,17,8,23,24],[14,10,18,6,22,2,19,5,7,23,21,24,8],[18,6,14,11,10,17,2,22,9,5,19,7,23,21,8,24],[14,10,22,18,6,2,5,19,17,7,23,21,24,8],[6,10,2,22,18,14,7,17,19,5,23,21,8,24],[14,18,6,2,10,22,7,17,5,19,21,8,23,24],[2,18,6,22,10,14,19,7,17,5,23,21,24,8],[6,18,10,2,22,14,5,19,7,23,21,8,24],[18,6,14,10,22,2,19,5,17,7,23,21,8,24],[18,14,22,10,6,2,5,17,19,7,23,21,8,24],[14,6,10,2,22,18,5,17,7,19,23,21,24,8],[14,18,6,10,22,2,5,19,17,7,21,8,23,24],[6,2,14,18,22,10,17,5,19,7,21,8,23,24],[10,18,14,2,22,6,7,19,5,21,17,8,23,24],[10,6,22,2,18,14,7,17,19,5,21,8,23,24],[2,14,10,18,6,22,5,17,19,7,21,8,23,24],[2,10,22,6,18,13,7,19,17,5,23,21,24,8],[6,14,18,22,10,2,17,5,19,7,23,21,24,8],[14,10,22,18,6,2,17,5,7,19,21,8,23,24],[18,2,14,6,22,10,7,19,17,5,21,8,23,24],[14,2,18,10,22,6,17,5,19,7,21,8,23,24],[18,2,14,6,10,22,19,7,17,5,21,20,23,8,24],[22,2,10,6,18,14,19,7,17,5,23,21,24,8],[10,18,6,22,2,14,7,19,17,5,23,21,8,24],[2,22,6,10,14,18,5,17,7,19,21,8,23,24],[22,10,14,6,2,18,7,17,19,5,21,20,23,24,8],[18,5,6,19,10,14,2,22,7,21,17,20,23,8,24],[18,2,22,10,14,6,19,7,17,5,23,21,24,8],[6,18,10,2,14,22,19,7,5,23,21,24,8],[22,18,2,10,14,6,7,19,5,21,17,8,23,24],[18,6,22,10,2,14,7,17,19,5,23,21,24,8],[14,10,22,2,6,18,17,5,19,7,23,21,24,8],[2,6,14,22,10,18,19,5,17,7,23,21,24,8],[10,6,14,2,18,22,17,5,19,7,21,8,23,24],[14,18,22,6,2,10,17,5,7,19,21,20,23,24,8],[2,14,18,10,6,22,5,17,19,7,21,8,23,24],[14,18,2,6,10,22,19,5,7,21,17,8,23,24],[6,18,10,22,2,14,19,7,5,21,17,20,23,24,8],[2,22,18,6,10,14,5,19,7,23,21,24,8],[22,2,18,13,10,6,19,5,17,7,23,21,24,8],[22,18,6,14,2,10,7,19,5,23,21,24,8],[22,6,10,14,2,18,5,17,7,19,23,21,8,24],[18,22,6,14,10,2,7,19,17,5,21,20,23,8,24],[14,22,18,2,10,6,7,19,5,23,21,24,8],[18,14,22,6,2,10,17,5,19,7,23,21,24,8],[18,14,2,6,22,9,7,17,19,5,21,8,23,24],[10,14,2,6,18,22,17,7,19,5,21,20,23,24,8],[14,10,6,18,2,22,19,7,5,21,17,20,23,24,8],[14,6,22,2,18,10,19,5,7,21,17,20,23,24,8],[18,10,6,22,14,2,5,17,19,7,23,21,24,8],[6,14,22,2,18,10,19,7,5,24,21,23,8],[18,10,22,2,6,14,17,7,5,19,21,8,23,24],[6,14,18,2,10,22,7,17,19,5,21,20,23,24,8],[22,2,14,6,10,18,5,19,17,7,21,20,23,24,8],[14,2,10,6,22,18,5,17,7,19,21,8,20,23,24],[14,6,18,10,2,22,17,7,5,19,23,21,24,8],[22,6,14,18,2,10,19,5,7,23,21,8,24],[6,14,22,18,2,10,7,17,5,19,21,20,23,8,24],[18,2,14,22,10,6,5,19,7,21,17,8,23,24],[22,14,2,6,10,18,19,7,5,21,17,20,23,8,24],[14,6,18,10,22,2,5,19,7,23,21,8,24],[18,22,14,10,2,6,5,19,7,23,21,8,24],[2,18,14,10,6,22,5,17,19,7,23,21,24,8],[22,6,10,2,18,14,17,5,7,19,21,8,23,24],[14,18,6,2,22,10,17,7,19,5,23,21,24,8],[10,18,22,14,6,2,17,7,19,5,23,21,24,8],[18,10,6,15,2,22,17,7,19,5,23,21,24,8],[2,6,22,10,14,18,17,7,5,19,23,21,8,24],[14,18,22,2,6,10,7,17,5,19,21,8,23,24],[18,10,2,22,7,6,19,14,5,21,17,20,23,8,24],[2,14,10,18,22,6,17,5,19,7,23,21,8,24],[18,10,14,22,6,2,17,7,19,5,21,8,23,24],[6,10,14,22,18,2,17,5,7,19,21,20,23,8,24],[6,18,14,2,10,22,7,17,19,5,23,21,8,24],[6,14,22,10,2,18,17,7,5,19,23,21,8,24],[2,22,6,10,18,14,17,5,7,19,21,20,23,24,8],[22,18,10,6,14,2,19,7,17,5,23,21,8,24],[14,10,6,2,22,18,17,7,5,19,21,20,23,24,8],[10,6,14,18,2,22,19,5,17,7,21,20,23,24,8],[22,2,6,14,18,10,17,7,19,5,21,20,23,8,24],[2,18,10,6,22,14,17,7,5,19,21,8,23,24],[14,22,2,18,6,10,7,19,5,23,21,8,24],[6,18,2,14,10,22,17,5,7,19,23,21,24,8],[2,22,18,14,6,10,17,7,5,19,21,20,23,8,24],[6,18,22,2,14,10,5,19,17,7,23,21,8,24],[18,10,22,2,6,14,19,7,17,5,23,21,24,8],[6,2,14,18,22,10,17,7,5,19,23,21,8,24],[10,18,6,2,14,22,19,7,5,23,21,24,8],[22,2,14,6,10,18,19,5,7,21,17,8,23,24],[10,18,22,14,6,2,7,19,17,5,21,8,23,24],[18,2,6,14,10,22,5,17,7,19,23,21,8,24],[10,6,18,22,15,2,19,7,17,5,21,8,23,24],[2,14,22,6,10,18,17,7,5,19,21,20,23,24,8],[22,14,6,2,10,18,19,7,5,23,21,24,8],[14,6,2,10,22,18,5,17,19,7,21,8,23,24],[6,10,2,18,23,22,17,21,19,14,7,5,24,8],[14,6,18,10,22,2,19,5,17,7,21,8,23,24],[2,22,6,18,10,14,7,17,5,19,23,21,8,24],[14,10,22,18,2,6,5,17,7,19,21,20,23,24,8],[14,18,22,10,6,2,5,19,17,7,21,8,23,24],[14,6,2,22,10,18,19,5,17,7,21,20,23,24,8],[14,2,6,22,10,18,17,7,5,19,23,21,8,24],[22,14,2,18,6,10,5,17,19,7,21,20,23,8,24],[22,6,18,10,2,14,19,5,17,7,21,8,23,24],[10,22,14,18,6,2,7,17,5,19,21,8,23,24],[22,18,10,6,2,15,19,5,17,7,21,20,23,24,8],[6,10,14,22,2,18,7,17,19,5,23,21,24,8],[14,10,2,6,18,22,5,19,17,7,21,8,23,24],[10,6,2,18,14,22,17,5,19,7,23,21,8,24],[14,2,10,6,18,22,5,17,7,19,21,20,23,24,8],[2,22,6,10,14,18,7,17,19,5,23,21,24,8],[22,10,14,18,6,2,7,19,17,5,23,21,8,24],[6,18,10,2,14,22,5,19,7,21,17,20,23,24,8],[22,10,18,2,6,14,7,17,5,19,23,21,24,8],[6,18,22,10,14,2,7,19,17,5,23,21,8,24],[10,14,22,18,2,6,19,7,17,5,21,8,23,24],[10,2,6,22,18,14,5,17,7,19,21,8,23,24],[2,14,22,18,6,10,5,17,7,19,23,21,24,8],[2,18,6,22,14,10,7,17,5,19,21,8,23,24],[10,18,14,2,22,6,17,7,19,5,21,20,23,24,8],[10,22,18,6,2,14,17,5,19,7,23,21,24,8],[10,14,22,18,6,2,19,5,17,7,21,8,23,24],[6,2,22,14,18,10,5,17,19,7,23,21,8,24],[10,2,14,6,22,18,19,7,5,21,17,8,23,24],[2,18,22,14,10,6,7,17,19,5,21,8,23,24],[14,2,10,22,18,6,17,7,19,5,23,21,24,8],[14,2,22,10,6,18,19,5,17,7,21,20,23,8,24],[14,2,10,6,18,22,17,5,19,7,21,20,23,8,24],[10,2,22,6,14,18,5,17,7,19,23,21,8,24],[14,22,2,18,10,6,7,17,5,19,21,20,23,8,24],[18,14,22,6,2,10,19,7,17,5,21,8,23,24],[6,14,2,18,22,10,19,5,17,7,21,20,23,24,8],[10,22,18,14,3,6,5,17,7,19,21,8,23,24],[22,14,2,10,6,18,17,5,7,19,23,21,24,8],[2,10,6,18,14,22,19,5,7,23,21,24,8],[10,18,2,14,22,6,7,17,19,5,23,21,8,24],[14,2,10,6,18,22,7,19,17,5,23,21,24,8],[14,10,2,18,6,22,19,7,17,5,23,21,8,24],[6,2,10,18,14,22,5,17,19,7,23,21,8,24],[6,10,22,18,2,14,19,5,17,7,23,21,8,24],[6,10,18,14,2,22,7,17,5,19,23,21,8,24],[14,18,10,2,6,22,19,5,7,23,21,8,24],[2,18,14,22,6,10,19,7,17,5,23,21,24,8],[18,6,14,2,10,22,17,5,19,7,23,21,8,24],[2,18,14,6,10,22,5,19,7,21,17,20,23,24,8],[2,10,18,7,6,19,14,22,17,5,21,20,23,24,8],[22,18,6,2,10,14,7,19,5,21,17,8,23,24],[2,22,18,6,14,10,7,17,19,5,21,8,23,24],[18,14,22,2,6,10,5,19,7,23,21,8,24],[14,2,6,10,18,22,7,17,19,5,23,21,8,24],[10,14,2,22,18,6,5,19,17,7,23,21,8,24],[14,22,6,10,18,2,19,5,7,23,21,24,8],[2,22,18,6,10,14,19,5,7,23,21,8,24],[14,2,10,22,18,6,17,7,5,19,23,21,24,8],[14,2,22,10,6,18,19,5,7,23,21,8,24],[10,22,18,14,2,6,7,19,5,21,17,20,23,24,8],[10,2,18,14,21,6,22,17,7,19,5,20,23,8,24],[2,22,10,6,18,14,7,17,19,5,23,21,8,24],[6,10,22,14,18,2,5,17,19,7,23,21,8,24],[14,10,18,2,6,22,5,17,7,19,21,8,23,24],[2,10,14,18,6,22,19,7,17,5,21,20,23,24,8],[2,22,6,10,14,18,7,19,5,23,21,8,24],[14,10,18,6,2,22,19,5,7,23,21,8,24],[14,6,22,10,18,2,17,7,5,19,21,20,23,8,24],[10,2,6,18,14,22,19,7,17,5,21,20,23,8,24],[14,10,6,2,22,18,5,17,19,7,21,20,23,8,24],[22,10,18,14,2,6,7,17,19,5,23,21,24,8],[10,2,18,22,6,14,17,7,5,19,21,8,23,24],[22,6,14,2,18,10,5,19,17,7,21,20,23,8,24],[6,2,10,22,18,14,19,7,5,21,17,8,23,24],[18,2,22,10,6,14,17,7,5,19,23,21,24,8],[2,18,6,14,10,22,17,7,5,19,23,21,8,24],[10,2,22,14,18,6,5,17,7,19,23,21,8,24],[6,10,14,2,18,22,17,5,19,7,21,20,23,24,8],[6,10,2,18,14,22,19,5,17,7,21,8,23,24],[14,6,22,18,1,2,10,5,17,7,19,23,21,8,24],[14,10,18,22,2,6,5,19,7,21,17,20,23,24,8],[18,6,14,10,2,22,7,19,17,5,21,8,23,24],[22,2,10,18,6,14,5,19,7,23,21,24,8],[22,18,11,10,17,19,9,14,2,6,7,5,21,20,23,8,24],[10,18,22,2,14,6,17,7,5,19,23,21,8,24],[2,10,22,6,14,18,19,5,7,23,21,8,24],[10,18,14,6,2,22,17,7,5,19,21,20,23,24,8],[18,10,22,6,2,14,17,5,7,19,23,21,8,24],[22,6,10,2,18,14,5,19,17,7,21,8,23,24],[6,22,10,14,2,18,17,5,19,7,21,8,23,24],[6,22,14,2,10,18,19,7,17,5,23,21,24,8],[10,18,6,2,14,22,19,5,17,7,21,8,23,24],[18,6,10,14,22,2,19,5,7,21,17,20,23,24,8],[2,10,18,6,22,14,17,5,7,19,23,21,24,8],[2,6,18,14,10,22,7,19,5,21,17,8,23,24],[10,22,14,18,2,6,7,19,17,5,23,21,24,8],[10,14,6,22,2,18,5,19,17,7,21,20,23,24,8],[10,14,6,2,18,22,7,19,5,21,17,20,23,8,24],[22,6,10,2,14,18,17,7,5,19,23,21,8,24],[14,10,2,22,6,18,7,19,5,23,21,8,24],[2,18,14,6,10,22,5,17,7,19,23,21,24,8],[10,18,22,6,2,14,19,5,7,21,17,20,23,24,8],[18,3,22,6,10,14,19,7,5,23,21,8,24,20],[2,22,6,14,18,10,19,5,7,23,21,8,24],[18,10,22,14,2,6,5,17,7,19,21,8,23,24],[14,2,22,10,6,18,19,5,17,7,23,21,8,24],[14,18,6,22,10,2,17,5,7,19,21,8,23,24],[2,18,10,22,6,14,5,17,7,19,23,21,8,24],[6,14,2,10,18,22,19,7,17,5,23,21,8,24],[22,2,14,6,18,10,5,19,17,7,23,21,8,24],[2,6,22,18,10,14,5,17,7,19,21,8,23,24],[6,22,2,10,18,14,7,19,17,5,23,21,8,24],[18,2,22,6,14,10,5,19,17,7,23,21,24,8],[14,2,18,22,6,10,5,17,19,7,23,21,24,8],[6,22,2,10,14,18,5,19,17,7,23,21,24,8],[6,22,10,2,14,18,19,7,17,5,21,20,23,8,24],[10,14,18,2,6,22,19,7,17,5,21,20,23,8,24],[22,10,6,2,14,18,19,5,7,21,17,20,23,8,24],[2,10,14,22,6,18,19,7,5,23,21,24,8],[10,18,6,14,2,22,17,5,19,7,23,21,24,8],[10,14,22,18,2,6,17,7,19,5,21,8,23,24],[2,22,6,10,18,14,17,5,19,7,23,21,24,8],[2,14,10,22,6,18,17,7,19,5,21,8,23,24],[18,10,6,2,22,14,19,7,5,23,21,8,24],[2,6,18,22,10,14,7,19,17,5,21,20,23,8,24],[22,10,6,18,2,14,7,19,17,5,23,21,8,24],[18,2,14,22,10,6,7,19,5,23,21,8,24],[2,22,6,14,10,18,7,17,19,5,23,21,24,8],[18,6,14,10,2,22,7,19,17,5,21,8,23,24],[14,22,10,2,6,18,19,7,17,5,21,20,23,24,8],[10,14,18,22,6,2,5,17,19,7,23,21,8,24],[10,2,22,14,6,18,7,17,19,5,21,20,23,8,24],[18,2,10,22,14,6,17,5,7,19,21,8,23,24],[2,22,18,6,10,14,19,7,17,5,23,21,8,24],[18,13,10,5,6,19,2,22,17,7,21,8,23,24],[14,10,2,18,6,22,7,17,5,19,21,20,23,24,8],[6,18,14,22,2,10,5,17,7,19,21,8,23,24],[2,18,14,6,10,22,17,7,5,19,21,20,23,24,8],[6,14,22,18,10,2,5,19,17,7,23,21,8,24],[22,10,14,2,18,6,5,17,19,7,23,21,8,24],[14,2,22,6,10,18,17,5,19,7,23,21,8,24],[10,2,22,6,14,18,19,5,17,7,21,20,23,24,8],[18,2,14,10,6,22,19,5,7,21,17,8,23,24],[6,10,18,2,22,14,5,19,7,21,17,8,23,24],[14,18,22,5,6,19,2,10,17,7,21,8,23,24],[6,10,2,18,14,22,17,5,7,19,23,21,24,8],[2,6,14,22,18,10,7,17,5,19,23,21,24,8],[22,10,2,6,18,14,7,19,5,23,21,24,8],[22,6,18,2,10,14,5,19,17,7,21,20,23,24,8],[22,18,6,2,11,10,17,14,9,7,5,19,23,21,24,8],[14,10,22,18,6,2,7,19,17,5,21,20,23,24,8],[10,14,2,18,22,6,5,17,7,19,21,20,23,24,8],[22,10,6,18,2,14,5,17,19,7,21,8,23,24],[10,18,6,2,14,22,7,19,5,23,21,24,8],[14,6,18,10,2,22,7,19,17,5,21,20,23,24,8],[6,18,14,2,22,10,5,17,7,19,21,20,23,24,8],[22,14,2,18,6,10,19,7,5,23,21,24,8],[10,2,22,14,6,18,7,19,17,5,21,8,23,24],[2,10,6,14,22,18,7,17,19,5,21,20,23,24,8],[14,6,2,18,10,22,7,17,19,5,21,20,23,24,8],[2,18,14,10,22,6,7,17,5,19,23,21,24,8],[14,22,18,2,6,10,17,7,19,5,21,20,23,8,24],[10,22,18,6,2,14,19,5,17,7,23,21,8,24],[22,10,18,2,6,14,5,19,17,7,23,21,8,24],[6,22,14,10,18,2,5,19,17,7,21,8,23,24],[2,6,22,18,10,14,17,7,5,19,23,21,8,24],[10,18,2,22,14,6,17,5,7,19,23,21,8,24],[2,6,10,18,22,14,7,19,5,23,21,24,8],[6,18,14,2,22,10,5,19,7,21,17,20,23,8,24],[2,10,14,6,22,18,17,7,5,19,23,21,8,24],[18,22,2,10,6,14,7,19,5,23,21,24,8],[18,6,10,14,2,22,7,19,5,21,17,20,23,8,24],[22,6,2,14,18,10,17,7,5,19,21,8,23,24],[14,6,18,2,22,10,7,19,17,5,23,21,24,8],[6,10,22,14,18,2,5,19,7,23,21,8,24],[18,6,2,22,14,10,17,5,19,7,21,20,23,24,8],[14,6,10,2,18,22,19,5,17,7,23,21,8,24],[14,6,2,10,18,22,19,7,17,5,23,21,8,24],[22,2,6,10,18,14,5,19,17,7,21,20,23,8,24],[18,22,10,6,14,2,19,5,7,23,21,8,24],[10,22,18,14,6,2,17,5,7,19,23,21,24,8],[6,2,10,22,14,18,5,17,19,7,21,20,23,8,24],[18,10,22,6,2,14,5,17,7,19,23,21,24,8],[22,18,2,14,6,10,5,17,19,7,21,20,23,8,24],[18,10,22,6,14,2,17,5,7,19,21,8,23,24],[2,22,18,6,10,14,5,19,17,7,23,21,8,24],[18,6,10,14,22,2,5,17,19,7,23,21,24,8],[10,14,2,18,6,22,17,5,7,19,23,21,8,24],[6,18,10,22,14,2,17,7,5,19,23,21,24,8],[10,22,18,6,14,2,17,7,19,5,21,8,23,24],[6,2,14,10,18,22,19,5,7,21,17,8,23,24],[10,22,6,18,2,14,17,7,19,5,21,20,23,24,8],[6,22,10,2,18,14,5,19,7,21,17,20,23,24,8],[18,14,2,6,10,22,7,17,19,5,21,20,23,8,24],[14,22,6,18,10,2,5,17,19,7,21,20,23,24,8],[10,18,6,14,2,22,5,17,7,19,23,21,8,24],[18,6,10,2,22,14,19,5,17,7,21,8,23,24],[10,14,18,7,6,17,19,5,2,22,23,21,24,8],[18,14,10,2,22,6,5,19,7,21,17,8,23,24],[14,22,2,6,18,10,7,19,17,5,23,21,24,8],[2,18,6,22,14,10,7,17,19,5,21,20,23,24,8],[2,18,6,14,22,10,5,17,19,7,21,20,23,8,24],[18,22,14,6,10,2,19,7,17,5,21,20,23,24,8],[10,14,18,2,6,22,7,17,5,19,23,21,24,8],[10,2,18,22,14,6,17,7,19,5,23,21,24,8],[22,18,10,6,2,14,17,7,5,19,21,8,23,24],[10,6,2,22,14,18,19,5,7,23,21,24,8],[22,14,18,6,2,10,17,7,5,19,23,21,24,8],[18,10,6,14,2,22,7,19,5,23,21,8,24],[22,10,18,2,14,6,7,19,5,23,21,24,8],[22,18,10,6,2,14,5,19,17,7,21,20,23,24,8],[18,22,6,2,14,10,17,7,5,19,21,20,23,8,24],[10,22,2,14,6,18,19,7,5,21,17,20,23,8,24],[22,2,10,14,6,18,7,19,17,5,23,21,8,24],[2,18,22,14,10,6,19,5,7,23,21,24,8],[10,22,2,14,18,6,17,5,19,7,23,21,24,8],[2,22,10,6,14,18,5,19,17,7,23,21,24,8],[2,10,18,22,6,14,19,7,5,21,17,8,23,24],[22,6,14,10,2,18,7,19,17,5,21,20,23,8,24],[14,18,6,10,2,22,17,7,5,19,23,21,8,24],[2,18,14,10,22,6,5,17,7,19,23,21,8,24],[2,18,10,14,22,6,17,7,19,5,21,8,23,24],[18,14,10,6,22,2,5,17,19,7,21,8,23,24],[18,22,10,2,14,6,5,17,7,19,21,20,23,24,8],[6,18,2,22,10,14,17,5,7,19,21,8,23,24],[22,6,2,10,18,14,7,19,17,5,21,20,23,8,24],[22,18,6,2,14,10,17,7,19,5,23,21,24,8],[6,10,22,14,18,2,19,5,17,7,23,21,8,24],[6,2,18,22,14,10,5,17,7,19,21,20,23,8,24],[14,10,18,6,22,2,17,5,19,7,21,8,23,24],[10,2,6,18,14,22,5,19,17,7,23,21,24,8],[2,22,6,14,10,18,7,19,5,23,21,8,24],[10,14,22,2,18,6,5,17,7,19,21,20,23,24,8],[10,18,22,14,2,6,7,17,5,19,21,8,23,24],[10,2,6,18,14,22,5,19,17,7,23,21,24,8],[6,18,14,22,2,10,5,19,17,7,21,20,23,8,24],[6,10,18,22,2,14,17,7,19,5,21,8,23,24],[18,10,22,14,6,2,17,7,19,5,23,21,24,8],[2,18,10,14,6,22,5,17,7,19,21,8,23,24],[22,14,18,10,2,6,7,17,5,19,21,8,23,24],[10,22,14,18,6,2,17,5,7,19,21,8,23,24],[14,2,6,18,22,10,7,19,17,5,23,21,24,8],[6,10,2,22,14,18,19,7,17,5,23,21,8,24],[2,14,22,10,6,18,7,19,5,23,21,24,8],[14,18,10,2,6,22,7,17,19,5,21,8,23,24],[2,22,10,6,14,18,19,7,5,21,17,20,23,8,24],[14,22,10,6,2,18,5,17,7,19,23,21,24,8],[14,22,6,18,10,2,5,19,7,23,21,8,24],[18,10,2,6,22,14,5,17,19,7,23,21,24,8],[10,18,6,22,14,2,5,19,7,23,21,24,8],[22,2,10,6,14,18,7,17,5,19,23,21,8,24],[6,22,14,2,10,18,19,7,17,5,23,21,8,24],[6,2,10,14,18,22,19,7,5,21,17,8,23,24],[10,2,18,14,6,22,7,17,5,19,23,21,8,24],[22,14,2,18,10,6,19,7,17,5,21,8,23,24],[22,6,2,10,14,18,7,17,5,19,23,21,8,24],[6,18,14,22,10,2,19,5,7,23,21,24,8],[14,18,22,10,6,2,19,5,17,7,23,21,8,24],[6,18,10,22,14,2,17,5,19,7,21,20,23,8,24],[10,14,2,22,18,6,19,7,17,5,23,21,8,24],[6,2,22,18,14,10,17,7,19,5,21,20,23,24,8],[22,14,10,18,2,6,7,17,19,5,21,8,23,24],[14,10,18,22,2,6,5,17,19,7,23,21,8,24],[14,22,6,18,2,10,5,17,7,19,23,21,24,8],[2,18,14,22,6,10,19,5,17,7,23,21,8,24],[22,18,2,14,6,10,7,17,5,19,21,20,23,8,24],[2,22,6,18,11,10,17,19,9,7,5,14,23,21,8,24],[22,6,14,18,10,2,7,17,5,19,23,21,8,24],[2,10,22,6,18,14,17,5,7,19,21,8,23,24],[22,2,18,10,14,6,19,5,7,21,17,20,23,24,8],[14,10,2,22,18,6,5,17,19,7,23,21,8,24],[6,22,2,18,10,14,17,5,19,7,21,20,23,24,8],[10,14,2,22,18,6,5,19,7,23,21,8,24],[6,22,2,14,10,18,7,17,5,19,23,21,8,24],[2,18,14,22,10,6,7,19,17,5,23,21,24,8],[22,10,14,6,18,2,19,5,7,23,21,24,8],[14,10,2,6,22,18,7,19,5,23,21,24,8],[14,6,18,10,22,2,5,17,7,19,21,8,23,24],[22,2,14,10,18,6,19,7,17,5,21,20,23,8,24],[2,14,10,18,22,6,7,17,5,19,21,8,23,24],[22,14,6,10,18,2,5,17,19,7,23,21,8,24],[22,10,2,6,14,18,19,7,5,23,21,24,8],[18,2,10,6,22,14,19,5,7,21,17,8,23,24],[2,22,18,10,14,6,5,17,7,19,21,20,23,24,8],[2,18,6,14,22,10,19,7,17,5,23,21,8,24],[6,18,22,2,10,14,7,17,19,5,21,8,23,24],[22,14,2,6,18,10,17,5,19,7,21,20,23,24,8],[22,6,14,2,10,18,7,17,19,5,21,20,23,8,24],[22,14,2,18,6,10,19,5,7,23,21,8,24],[10,14,2,6,22,18,5,19,7,21,17,8,23,24],[18,10,14,22,6,2,5,19,17,7,21,20,23,8,24],[6,18,14,2,22,10,5,17,19,7,21,20,23,24,8],[6,22,2,14,18,10,5,17,7,19,21,8,23,24],[14,6,10,22,2,18,17,5,19,7,21,20,23,24,8],[18,14,6,22,2,10,17,5,7,19,21,8,23,24],[2,6,18,14,10,22,5,19,7,21,17,20,23,24,8],[18,6,15,10,2,22,7,17,19,5,21,8,23,24],[10,14,18,22,6,2,19,5,17,7,23,21,8,24],[10,14,6,22,2,18,17,7,5,19,21,20,23,24,8],[18,14,2,22,6,10,7,17,5,19,21,8,23,24],[14,2,22,6,10,18,7,17,5,19,21,8,23,24],[14,10,2,6,22,18,17,7,5,19,21,8,23,24],[6,18,2,14,10,22,19,5,7,21,17,8,23,24],[10,6,22,18,2,14,17,7,5,19,23,21,8,24],[18,22,2,6,14,10,17,7,5,19,21,8,23,24],[6,2,14,18,22,10,19,7,17,5,23,21,8,24],[2,6,10,14,18,22,19,5,7,23,21,24,8],[18,2,6,22,9,14,7,19,5,23,21,8,24,17],[22,14,18,2,6,10,19,7,5,21,17,20,23,24,8],[6,2,18,10,14,22,17,7,19,5,23,21,8,24],[14,6,22,2,10,18,7,17,19,5,21,20,23,24,8],[10,2,6,18,14,22,17,5,19,7,21,8,23,24],[6,22,2,14,18,10,17,7,5,19,23,21,24,8],[6,18,2,14,22,10,19,7,17,5,23,21,8,24],[18,14,10,2,6,22,5,17,7,19,21,20,23,24,8],[18,6,2,22,14,10,7,17,5,19,21,20,23,8,24],[2,6,10,14,22,18,7,17,5,19,23,21,8,24],[10,22,18,6,2,14,5,17,19,7,21,20,23,8,24],[2,6,14,22,10,18,17,5,19,7,23,21,8,24],[10,6,14,22,18,2,5,17,19,7,23,21,8,24],[10,18,6,14,2,22,19,7,5,23,21,8,24],[2,18,22,10,6,14,5,19,7,21,17,20,23,8,24],[14,2,18,22,10,6,17,7,5,19,23,21,8,24],[14,18,22,2,6,10,7,17,5,19,21,20,23,8,24],[2,10,14,22,6,18,19,5,7,21,17,20,23,8,24],[2,14,18,10,22,6,17,7,19,5,23,21,8,24],[2,22,10,14,18,6,19,5,7,23,21,8,24],[18,14,22,2,6,10,7,17,5,19,23,21,8,24],[2,6,18,10,22,14,7,19,5,23,21,24,8],[2,14,18,10,22,6,19,5,7,21,17,20,23,24,8],[18,22,6,10,2,14,7,19,5,23,21,24,8],[6,14,18,10,2,22,19,5,17,7,23,21,24,8],[22,6,10,14,2,18,5,17,19,7,23,21,24,8],[18,22,6,14,2,10,19,7,5,21,17,20,23,24,8],[2,10,14,18,6,22,7,17,5,19,23,21,8,24],[14,18,10,6,22,2,17,5,19,7,23,21,8,24],[2,6,10,22,18,14,7,17,5,19,23,21,24,8],[2,10,6,14,18,22,19,7,17,5,23,21,8,24],[18,10,14,2,6,22,7,19,17,5,21,8,20,23,24],[2,22,6,14,18,10,17,7,19,5,21,20,23,24,8],[22,2,18,14,6,10,5,19,7,21,17,8,23,24],[2,18,14,22,6,10,19,5,7,21,17,8,23,24],[10,2,22,18,14,6,5,19,17,7,21,20,23,24,8],[18,14,10,6,22,2,17,7,5,19,21,8,23,24],[2,22,10,18,6,14,7,19,17,5,21,20,23,8,24],[18,14,2,10,22,6,17,5,7,19,21,8,24,23],[6,18,22,2,14,10,19,5,17,7,23,21,24,8],[18,6,15,10,2,22,7,19,5,23,21,8,24],[18,22,14,2,10,6,17,7,19,5,21,20,23,8,24],[18,22,2,14,6,10,7,17,19,5,21,8,23,24],[2,6,10,22,14,18,7,19,17,5,21,8,23,24],[14,22,10,6,18,2,19,7,5,23,21,24,8],[22,14,18,6,2,10,5,19,7,21,17,8,23,24],[18,14,6,10,2,22,5,19,7,21,17,20,23,24,8],[14,6,10,22,2,18,19,7,5,23,21,8,24],[10,18,6,14,22,2,5,17,19,7,21,20,23,24,8],[6,18,14,10,2,22,17,7,5,19,23,21,8,24],[2,10,18,14,22,6,7,17,19,5,23,21,8,24],[2,14,10,18,6,22,17,5,19,7,23,21,24,8],[18,22,2,10,6,14,7,17,19,5,23,21,24,8],[14,10,2,18,6,22,19,5,7,21,17,20,23,24,8],[22,18,14,6,2,10,5,17,7,19,21,8,23,24],[10,18,2,22,6,14,17,7,19,5,21,20,23,24,8],[18,2,14,22,6,10,17,5,7,19,23,21,8,24],[14,6,2,18,22,10,7,19,5,21,17,20,23,8,24],[18,22,6,2,14,10,7,19,17,5,23,21,8,24],[10,6,2,18,14,22,19,5,17,7,23,21,24,8],[6,22,18,14,10,2,17,5,7,19,21,8,23,24],[10,22,14,18,6,2,17,7,19,5,23,21,24,8],[14,18,10,2,7,6,17,5,19,22,23,21,8,24],[22,2,18,10,6,14,5,17,19,7,23,21,8,24],[2,18,22,10,14,6,7,17,5,19,23,21,24,8],[2,10,6,22,14,18,17,5,7,19,21,8,23,24],[14,22,18,6,2,10,7,19,17,5,21,8,23,24],[2,18,10,14,6,22,17,5,19,7,21,20,23,8,24],[6,14,10,2,18,22,7,17,19,5,23,21,24,8],[2,10,22,6,18,14,17,7,5,19,23,21,24,8],[6,10,2,14,22,18,19,7,17,5,23,21,8,24],[6,10,2,18,14,22,19,5,17,7,23,21,24,8],[14,6,2,22,10,18,19,7,5,23,21,24,8],[2,18,10,22,6,14,7,17,19,5,23,21,24,8],[18,10,14,22,2,6,17,5,19,7,21,8,20,23,24],[22,18,14,6,10,2,17,7,19,5,21,20,23,8,24],[2,22,6,18,10,14,19,7,5,21,17,20,23,8,24],[6,18,10,2,22,14,5,19,7,23,21,8,24],[18,10,14,2,22,6,19,7,17,5,23,21,24,8],[22,10,6,2,14,18,5,19,17,7,23,21,24,8],[14,6,22,18,2,10,7,19,17,5,23,21,24,8],[2,14,10,22,18,6,5,17,19,7,23,21,8,24],[10,2,22,18,6,14,19,7,5,23,21,8,24],[22,2,14,6,18,10,5,17,19,7,23,21,8,24],[6,14,18,2,10,22,5,19,17,7,21,8,23,24],[22,14,18,2,10,6,19,5,7,23,21,24,8],[18,6,14,10,22,2,5,19,17,7,21,20,23,8,24],[10,2,6,22,18,14,7,17,5,19,21,20,23,8,24],[2,22,18,10,15,6,19,5,7,23,21,24,8],[22,10,14,2,18,6,17,7,5,19,21,8,23,24],[2,18,6,22,10,14,5,17,7,19,21,8,23,24],[10,2,14,6,22,18,19,5,7,21,17,20,23,8,24],[10,14,22,18,6,2,19,7,5,21,17,8,23,24],[2,14,10,22,6,18,17,7,5,19,23,21,8,24],[14,10,18,2,22,6,19,5,7,23,21,8,24],[2,18,14,6,10,22,5,17,19,7,23,21,24,8],[6,14,18,22,2,10,17,7,5,19,21,8,23,24],[10,14,22,2,6,18,19,7,5,23,21,24,8],[2,6,10,14,18,22,5,17,19,7,23,21,24,8],[2,18,10,6,22,14,17,5,19,7,23,21,8,24],[18,10,2,6,14,22,5,19,7,23,21,8,24],[18,22,6,14,10,2,5,17,7,19,21,8,23,24],[6,22,10,14,18,2,7,19,5,23,21,8,24],[18,10,6,14,22,2,7,17,5,19,23,21,8,24],[14,22,10,6,18,2,7,17,5,19,23,21,8,24],[6,2,18,22,14,10,19,7,17,5,23,21,24,8],[22,14,18,10,6,2,7,19,17,5,23,21,8,24],[14,6,18,10,2,22,19,7,17,5,23,21,24,8],[14,18,10,6,2,22,17,5,19,7,23,21,24,8],[2,6,14,10,18,22,7,19,17,5,21,20,23,8,24],[18,10,6,14,2,22,5,19,7,21,17,8,23,24],[22,6,10,14,2,18,17,5,7,19,21,20,23,24,8],[18,6,11,10,19,14,2,22,5,9,7,23,21,24,8],[22,10,18,2,14,6,19,5,7,21,17,20,23,24,8],[10,6,18,2,14,22,19,7,17,5,21,20,23,8,24],[2,18,22,6,14,10,5,19,7,23,21,8,24],[18,6,2,22,10,14,19,7,17,5,23,21,24,8],[22,10,6,14,18,2,19,7,17,5,23,21,8,24],[22,18,6,10,2,14,5,19,17,7,21,20,23,24,8],[2,10,18,6,14,22,5,17,7,19,23,21,24,8],[14,18,2,10,6,22,17,7,19,5,21,20,23,24,8],[2,6,22,10,18,14,7,17,5,19,23,21,24,8],[2,22,6,14,10,18,5,17,7,19,23,21,24,8],[22,10,2,6,18,14,7,19,17,5,21,8,23,24],[6,14,22,2,10,18,7,19,5,23,21,8,24],[10,6,14,2,22,18,5,19,7,23,21,24,8],[6,14,10,18,2,22,7,19,17,5,23,21,8,24],[14,18,6,22,10,2,7,17,5,19,21,8,23,24],[10,2,18,22,6,14,7,17,5,19,23,21,24,8],[2,18,22,14,6,10,5,19,7,23,21,8,24],[2,14,10,6,22,18,17,5,7,19,23,21,8,24],[2,22,14,18,6,10,19,7,5,23,21,24,8],[10,14,2,22,18,6,19,5,17,7,23,21,8,24],[22,14,18,6,2,10,5,17,19,7,21,20,23,8,24],[2,6,22,14,10,18,17,5,19,7,21,20,23,8,24],[18,14,2,6,22,10,19,5,7,23,21,8,24],[18,14,6,2,10,22,19,5,17,7,21,20,23,8,24],[22,2,6,14,10,18,17,5,7,19,23,21,8,24],[2,6,14,10,22,18,7,17,19,5,23,21,24,8],[22,2,18,10,6,14,17,7,19,5,23,21,8,24],[14,6,10,18,2,22,17,5,19,7,21,20,23,24,8],[18,10,22,2,14,6,7,17,19,5,21,20,23,8,24],[22,14,2,6,10,18,19,7,17,5,23,21,8,24],[6,10,22,14,2,18,5,19,7,23,21,24,8],[22,14,10,18,6,2,5,19,7,23,21,8,24],[22,14,10,6,2,18,5,17,7,19,21,8,23,24],[10,6,18,2,14,22,5,19,7,23,21,24,8],[22,10,18,6,2,14,17,5,19,7,21,20,23,8,24],[14,6,2,18,10,22,5,17,19,7,21,8,23,24],[22,18,2,6,10,14,5,19,17,7,21,20,23,8,24],[10,14,2,6,22,18,19,5,7,21,17,8,23,24],[22,10,14,2,6,18,19,7,17,5,23,21,24,8],[14,18,2,6,22,10,17,5,7,19,21,8,23,24],[14,6,10,2,22,18,17,5,7,19,21,20,23,24,8],[10,2,22,6,14,18,17,7,19,5,23,21,8,24],[18,10,6,2,22,14,17,7,5,19,23,21,8,24],[18,10,14,2,22,5,6,19,17,7,21,20,23,24,8],[2,10,6,18,14,22,5,19,17,7,23,21,8,24],[14,10,18,2,22,6,19,7,17,5,23,21,8,24],[2,22,6,10,18,14,19,7,17,5,21,20,23,8,24],[18,2,14,10,6,22,19,7,17,5,21,20,23,24,8],[10,2,18,22,6,14,19,5,17,7,21,8,23,24],[18,13,22,2,10,6,17,7,5,19,21,8,23,24],[10,14,22,2,6,18,19,7,5,23,21,24,8],[6,2,22,18,14,10,5,19,17,7,23,21,8,24],[10,6,22,18,2,14,5,19,7,23,21,24,8],[22,14,10,18,6,2,17,5,7,19,21,20,23,24,8],[2,10,22,14,18,6,19,7,5,21,17,8,23,24],[2,22,18,10,14,6,7,19,5,21,17,20,23,24,8],[18,6,2,14,10,22,17,5,7,19,21,20,23,8,24],[18,10,22,14,6,2,19,5,7,21,17,8,23,24],[14,2,18,22,6,10,5,19,7,21,17,8,23,24],[6,2,10,22,18,14,5,19,17,7,21,20,23,8,24],[14,6,10,22,2,18,17,5,7,19,23,21,24,8],[10,2,18,6,22,14,5,17,19,7,23,21,24,8],[2,6,14,22,10,18,5,17,7,19,21,8,23,24],[10,22,18,2,6,14,19,5,17,7,23,21,24,8],[6,2,18,14,22,10,19,5,7,23,21,24,8],[2,6,10,14,22,18,17,5,19,7,21,8,20,23,24],[22,18,6,2,10,14,7,19,5,21,17,8,23,24],[2,22,18,10,14,6,5,17,19,7,21,8,23,24],[6,14,18,22,2,10,19,7,17,5,23,21,24,8],[10,22,2,14,18,6,7,17,19,5,23,21,24,8],[18,10,22,14,2,6,5,17,19,7,23,21,8,24],[22,14,10,2,6,18,7,19,17,5,23,21,8,24],[14,18,6,10,2,22,19,7,17,5,21,8,23,24],[18,22,2,6,14,10,7,19,5,23,21,24,8],[14,18,10,6,22,2,5,19,7,23,21,24,8],[14,18,22,10,2,6,7,19,5,23,21,24,8],[14,2,10,22,18,6,7,19,5,21,17,20,23,8,24],[2,22,18,6,10,14,5,17,7,19,23,21,8,24],[10,18,6,22,2,14,19,7,17,5,23,21,8,24],[6,14,22,2,10,18,5,17,7,19,23,21,24,8],[2,6,14,10,22,18,5,19,17,7,21,8,20,23,24],[10,18,14,6,22,2,17,7,19,5,23,21,24,8],[10,14,6,2,18,22,17,5,19,7,21,8,23,24],[2,18,22,10,14,6,5,17,7,19,23,21,8,24],[6,2,22,14,18,10,5,17,7,19,21,8,23,24],[18,9,14,2,22,6,19,7,17,5,21,20,23,24,8],[22,6,2,18,10,14,19,5,7,21,17,20,23,24,8],[10,22,6,2,14,18,19,7,17,5,23,21,8,24],[2,6,22,14,10,18,17,5,19,7,21,20,23,8,24],[10,6,22,2,18,14,19,5,7,21,17,20,23,8,24],[2,6,18,10,14,22,5,19,7,23,21,8,24],[2,22,14,18,6,10,5,17,7,19,21,20,23,8,24],[14,6,22,2,18,10,19,5,17,7,21,8,23,24],[6,18,10,2,14,22,17,7,5,19,23,21,8,24],[18,2,10,22,6,14,19,7,5,21,17,20,23,24,8],[2,18,6,14,22,10,17,5,19,7,23,21,8,24],[14,2,6,22,18,10,17,7,5,19,23,21,8,24],[10,2,6,22,14,18,19,5,17,7,23,21,24,8],[18,10,14,6,22,2,7,19,5,23,21,24,8],[10,22,2,6,14,18,19,5,7,23,21,8,24],[18,14,22,2,10,6,5,17,19,7,23,21,8,24],[14,6,2,22,10,18,7,17,19,5,23,21,8,24],[6,2,14,18,10,22,17,7,5,19,23,21,24,8],[2,18,22,14,10,6,7,17,5,19,23,21,24,8],[22,2,18,6,14,10,5,19,7,23,21,24,8],[10,18,6,14,2,22,7,17,19,5,23,21,8,24],[14,22,10,2,18,6,5,17,7,19,21,20,23,8,24],[22,6,2,18,10,14,5,19,17,7,21,20,23,24,8],[14,2,18,6,10,22,5,19,7,23,21,24,8],[14,2,6,18,10,22,19,7,5,23,21,24,8],[2,22,6,14,10,18,19,5,17,7,21,8,23,24],[10,22,2,6,14,18,5,17,19,7,21,20,23,8,24],[10,18,6,2,22,14,5,19,17,7,21,20,23,24,8],[2,18,10,14,22,6,17,5,19,7,23,21,8,24],[2,6,18,14,10,22,19,7,5,23,21,24,8],[10,18,2,6,14,22,17,5,19,7,21,20,23,24,8],[18,2,22,6,14,9,7,17,19,5,21,8,23,24],[22,14,2,10,18,6,7,17,19,5,23,21,24,8],[14,18,22,10,2,6,19,7,17,5,23,21,8,24],[10,18,14,2,22,6,19,5,17,7,21,8,20,23,24],[18,10,2,6,14,22,17,7,19,5,21,8,24,23],[22,18,6,2,14,10,17,7,19,5,23,21,8,24],[10,14,2,18,21,6,5,17,19,7,22,20,23,8,24],[14,18,22,2,6,10,7,19,17,5,21,8,23,24],[10,2,18,23,22,17,21,19,14,6,5,7,24,8],[14,2,6,18,10,22,19,5,7,21,17,20,23,8,24],[22,2,18,15,6,10,5,19,7,21,17,20,23,24,8],[18,6,14,2,22,10,5,17,19,7,21,8,23,24],[22,10,2,6,18,14,19,5,17,7,23,21,8,24],[6,2,14,18,24,22,19,5,10,21,7,17,23,8],[6,22,14,10,2,18,17,5,19,7,21,8,23,24],[14,18,2,10,22,6,19,7,5,21,17,20,23,24,8],[22,10,18,6,14,2,5,19,7,21,17,8,23,24],[14,6,18,2,22,10,5,19,7,21,17,8,23,24],[14,22,6,18,2,10,17,7,19,5,23,21,8,24],[2,18,6,14,22,10,7,19,5,21,17,20,23,24,8],[22,2,10,18,14,6,17,7,19,5,21,20,23,24,8],[14,22,6,2,18,10,7,17,19,5,23,21,8,24],[22,18,10,14,2,6,17,7,5,19,23,21,8,24],[18,6,2,14,22,10,5,19,7,21,17,8,23,24],[18,2,14,6,10,22,19,5,17,7,21,8,23,24],[6,10,14,18,2,22,7,19,17,5,23,21,8,24],[2,22,6,10,18,14,5,19,17,7,23,21,8,24],[14,22,18,10,6,2,5,17,7,19,21,20,23,8,24],[18,6,22,2,14,10,7,19,17,5,21,8,20,23,24],[14,6,22,10,2,18,17,5,19,7,23,21,8,24],[18,9,2,22,6,14,17,7,5,19,21,8,20,23,24],[6,14,18,2,22,10,17,5,19,7,23,21,24,8],[14,2,6,10,18,22,7,19,17,5,23,21,24,8],[10,6,14,22,2,18,7,17,5,19,21,20,23,8,24],[14,6,22,18,10,2,7,19,5,21,17,20,23,24,8],[6,2,18,10,22,14,7,19,5,23,21,24,8],[18,2,6,22,10,14,19,7,17,5,23,21,24,8],[10,2,18,22,14,6,5,19,7,23,21,8,24],[6,10,22,18,14,2,5,17,7,19,21,20,23,24,8],[2,14,10,6,18,22,7,19,5,21,17,20,23,24,8],[14,10,22,2,6,18,7,17,19,5,23,21,24,8],[2,18,22,6,10,14,7,17,5,19,23,21,24,8],[14,10,2,18,6,22,7,19,5,23,21,8,24],[18,2,14,10,6,22,19,7,17,5,21,20,23,8,24],[2,6,22,14,10,18,5,19,17,7,21,8,23,24],[14,10,6,2,22,18,5,19,17,7,23,21,24,8],[10,2,22,6,18,14,17,7,19,5,21,8,23,24],[14,18,10,6,22,2,19,5,7,21,17,20,23,8,24],[22,14,2,6,18,10,7,17,5,19,21,20,23,8,24],[2,22,10,6,14,18,17,5,19,7,23,21,8,24],[10,22,2,6,18,14,7,17,19,5,21,20,23,8,24],[6,14,18,2,22,10,17,5,7,19,23,21,8,24],[22,10,6,14,2,18,5,19,7,21,17,20,23,24,8],[18,22,14,2,6,10,7,17,5,19,23,21,8,24],[22,6,10,2,14,18,5,17,7,19,21,20,23,24,8],[2,18,10,14,6,22,17,7,5,19,21,20,23,8,24],[22,18,2,6,14,10,5,19,7,23,21,8,24],[2,22,10,6,14,18,7,19,17,5,23,21,24,8],[10,6,18,2,14,22,7,19,5,21,17,20,23,8,24],[2,10,18,22,14,6,7,19,5,21,17,20,23,8,24],[18,14,22,1,2,10,6,7,19,17,5,23,21,24,8],[22,10,2,14,6,18,5,19,17,7,23,21,24,8],[2,10,14,6,22,18,5,19,17,7,23,21,8,24],[2,22,6,18,14,10,19,5,17,7,23,21,8,24],[18,10,2,14,22,6,7,17,19,5,21,20,23,8,24],[6,14,10,18,22,2,19,7,5,21,17,8,23,24],[22,14,6,2,10,18,5,19,17,7,23,21,24,8],[18,2,22,14,10,6,5,17,19,7,21,8,23,24],[14,10,22,6,2,18,7,19,5,23,21,8,24],[18,6,2,14,22,10,7,17,19,5,21,20,23,8,24],[2,6,18,14,22,10,5,17,7,19,23,21,24,8],[14,10,22,18,6,2,7,19,17,5,21,8,23,24],[2,6,10,14,22,18,7,17,5,19,21,20,23,24,8],[10,18,14,2,6,22,5,19,17,7,23,21,24,8],[22,6,14,2,18,10,5,19,7,21,17,8,23,24],[6,18,14,2,22,10,5,19,17,7,23,21,24,8],[6,18,2,14,22,10,17,7,5,19,21,8,23,24],[14,22,10,18,6,2,19,7,5,21,17,20,23,24,8],[10,6,14,22,2,18,17,7,5,19,21,8,23,24],[18,22,6,10,14,2,7,17,19,5,21,20,23,8,24],[2,14,10,22,18,6,17,7,5,19,21,8,23,24],[6,18,14,10,2,22,17,5,7,19,21,20,23,8,24],[14,22,18,2,10,6,19,7,17,5,21,20,23,24,8],[22,14,6,18,2,10,5,19,17,7,23,21,8,24],[2,14,6,10,22,18,7,19,5,23,21,24,8],[14,10,22,18,2,6,17,5,7,19,23,21,8,24],[22,14,10,18,6,2,5,19,17,7,21,8,23,24],[10,14,18,6,2,22,19,5,7,23,21,8,24],[10,14,18,22,6,2,17,7,5,19,23,21,24,8],[18,6,14,22,2,10,17,7,19,5,21,8,23,24],[10,18,6,14,22,2,5,19,17,7,23,21,8,24],[2,18,14,22,10,6,17,5,7,19,21,20,23,8,24],[10,22,14,6,2,18,5,17,7,19,21,20,23,24,8],[2,22,14,6,10,18,17,8,5,19,7,21,23,24],[14,2,22,10,6,18,7,19,5,23,21,24,8],[18,22,10,14,6,2,19,5,7,23,21,24,8],[2,10,6,18,22,14,17,8,7,19,5,23,21,24],[10,22,2,14,6,18,5,17,7,19,21,20,23,24,8],[6,18,2,14,10,22,7,19,5,23,21,8,24],[6,18,2,14,22,10,17,5,7,19,21,20,23,24,8],[6,18,10,1,2,22,14,7,17,19,5,23,21,24,8],[22,14,18,10,6,2,19,7,5,23,21,8,24],[14,6,22,2,18,10,7,17,19,5,23,21,8,24],[2,22,10,18,14,6,17,5,7,19,21,20,23,8,24],[2,6,14,22,18,10,19,5,7,23,21,24,8],[6,2,10,22,14,18,7,19,17,5,21,8,23,24],[18,2,10,6,22,14,19,7,5,23,21,8,24],[18,10,14,2,6,22,5,19,17,7,21,20,23,24,8],[2,14,22,10,18,6,7,19,5,21,17,20,23,24,8],[18,22,2,6,10,14,5,17,7,19,23,21,24,8],[6,18,2,10,14,22,7,17,19,5,21,20,23,8,24],[14,22,2,18,10,6,17,7,5,19,23,21,8,24],[18,2,6,22,10,14,17,7,19,5,23,21,8,24],[18,22,10,3,6,14,7,19,5,23,21,24,8,17],[10,18,22,6,14,2,19,5,17,7,21,8,23,24],[6,18,10,2,22,14,7,17,5,19,23,21,24,8],[14,18,10,2,6,22,19,7,5,21,17,20,23,8,24],[22,6,18,14,2,10,19,7,17,5,23,21,24,8],[22,6,10,18,2,14,17,7,19,5,23,21,24,8],[10,2,22,6,18,14,17,5,7,19,23,21,24,8],[22,14,18,2,6,10,17,5,7,19,21,20,23,8,24],[6,18,2,10,14,22,17,5,7,19,23,21,8,24],[14,10,22,6,2,18,7,19,5,23,21,8,24],[2,18,6,14,10,22,7,19,5,21,17,20,23,8,24],[10,22,18,2,14,6,19,5,17,7,23,21,24,8],[2,14,10,18,22,6,17,8,5,19,7,21,23,24],[14,10,6,2,18,22,17,7,5,19,21,8,23,24],[18,2,14,6,10,22,5,19,17,7,21,20,23,8,24],[14,6,18,10,2,22,17,5,19,7,23,21,8,24],[6,10,14,2,18,22,17,5,19,7,23,21,8,24],[18,2,14,23,22,17,19,21,10,6,7,5,24,8],[10,18,2,14,6,22,17,5,7,19,21,20,23,8,24],[22,18,10,2,14,6,19,7,17,5,23,21,24,8],[10,6,2,22,14,18,17,5,19,7,21,20,23,8,24],[18,14,6,2,22,10,7,19,5,21,17,20,23,8,24],[10,2,22,18,6,14,5,17,19,7,23,21,24,8],[6,22,2,10,14,18,19,7,17,5,21,20,23,8,24],[18,2,6,22,10,14,19,5,17,7,23,21,8,24],[22,18,2,6,14,10,17,7,5,19,21,20,23,24,8],[22,18,2,6,10,14,5,19,17,7,23,21,8,24],[14,10,22,18,6,2,5,19,7,21,17,20,23,24,8],[14,10,18,6,2,22,7,19,5,23,21,8,24],[18,14,6,2,22,10,7,17,5,19,23,21,8,24],[10,6,2,18,14,22,5,19,17,7,23,21,24,8],[14,10,18,6,22,2,5,19,17,7,21,20,23,8,24],[22,2,18,14,6,10,5,19,7,23,21,8,24],[22,10,18,6,2,14,17,7,5,19,23,21,8,24],[10,18,14,6,22,2,5,19,7,23,21,24,8],[6,22,10,18,14,2,7,17,19,5,21,8,23,24],[10,6,14,22,2,18,7,17,19,5,23,21,24,8],[14,10,6,22,2,18,17,5,19,7,21,20,23,24,8],[10,18,14,6,22,2,5,17,7,19,23,21,8,24],[2,22,14,6,18,10,19,7,5,23,21,8,24],[18,2,22,14,10,6,7,17,19,5,23,21,8,24],[18,2,14,6,22,10,19,7,17,5,23,21,8,24],[22,14,18,10,6,2,19,7,17,5,21,20,23,8,24],[10,14,18,2,22,6,19,7,5,23,21,8,24],[18,22,10,6,2,14,5,19,7,23,21,24,8],[18,22,14,6,2,10,17,5,19,7,23,21,8,24],[6,10,14,22,2,18,19,7,17,5,23,21,24,8],[22,6,18,10,2,14,17,7,5,19,23,21,24,8],[14,6,22,18,2,10,19,5,17,7,23,21,24,8],[22,2,6,10,18,14,19,5,7,21,17,8,23,24],[18,10,14,2,22,6,19,5,7,21,17,8,23,24],[14,18,22,10,6,2,7,19,17,5,21,20,23,8,24],[6,2,10,22,14,18,17,5,19,7,21,20,23,24,8],[14,10,2,6,18,22,19,5,17,7,23,21,24,8],[6,10,18,2,23,22,17,21,19,14,5,7,24,8],[6,10,22,18,14,2,17,7,19,5,21,20,23,8,24],[14,10,6,22,2,18,19,7,5,23,21,24,8],[14,18,2,22,6,10,5,19,7,21,17,20,23,24,8],[10,14,6,18,2,22,19,7,5,21,17,8,23,24],[14,22,10,18,2,6,19,5,17,7,23,21,24,8],[6,14,22,10,2,18,5,19,7,21,17,20,23,24,8],[6,10,14,22,2,18,17,7,19,5,21,20,23,24,8],[14,6,2,18,10,22,17,7,5,19,21,20,23,24,8],[6,10,14,18,22,2,7,19,5,21,17,8,23,24],[22,2,14,6,18,10,5,19,17,7,23,21,8,24],[2,10,18,22,14,6,19,5,17,7,23,21,8,24],[18,14,6,22,2,10,19,5,17,7,23,21,24,8],[6,10,18,2,14,22,17,7,5,19,21,20,23,24,8],[10,6,18,22,14,2,7,17,19,5,21,8,23,24],[22,10,6,2,18,14,7,17,19,5,23,21,24,8],[22,18,14,6,10,2,17,5,19,7,21,8,23,24],[22,18,2,10,14,6,5,17,7,19,21,20,23,8,24],[22,10,2,14,18,6,19,5,7,23,21,24,8],[2,18,14,6,22,10,19,7,5,23,21,8,24],[14,10,6,2,18,22,17,7,19,5,21,8,23,24],[10,22,18,2,6,14,19,7,17,5,23,21,24,8],[10,22,18,14,2,6,5,19,17,7,21,20,23,8,24],[22,10,6,18,14,2,19,5,7,21,17,20,23,8,24],[2,14,22,18,6,10,17,7,19,5,23,21,24,8],[18,2,22,10,6,14,5,19,7,21,17,20,23,8,24],[10,2,18,6,14,22,7,19,17,5,21,20,23,24,8],[14,10,2,22,6,18,7,19,5,23,21,8,24],[10,18,2,14,22,6,7,17,5,19,23,21,24,8],[2,22,10,14,18,6,19,5,17,7,21,20,23,24,8],[18,2,14,10,22,6,5,17,19,7,21,8,23,24],[10,2,6,22,14,18,17,5,7,19,23,21,24,8],[6,14,22,10,2,18,17,5,7,19,21,20,23,24,8],[14,6,22,10,18,2,19,5,7,23,21,24,8],[18,14,6,2,10,22,17,5,7,19,21,8,23,24],[18,10,14,22,2,6,19,7,17,5,24,21,23,8],[6,2,18,14,10,22,5,19,17,7,23,21,24,8],[2,10,6,18,14,22,19,7,17,5,23,21,24,8],[18,2,10,6,14,22,17,7,5,19,23,21,24,8],[14,2,22,10,18,6,17,7,19,5,23,21,24,8],[22,2,18,15,10,6,7,19,5,21,17,20,23,8,24],[18,22,10,2,14,6,19,7,17,5,23,21,24,8],[10,2,14,22,18,6,17,7,19,5,23,21,8,24],[10,22,2,18,14,6,19,7,5,21,17,8,23,24],[22,6,14,10,2,18,19,5,7,23,21,24,8],[10,2,18,6,22,14,5,19,7,23,21,8,24],[18,14,6,22,10,2,19,7,5,23,21,8,24],[18,10,14,22,2,6,17,5,19,7,23,21,8,24],[14,18,2,6,10,22,19,7,5,23,21,24,8],[6,10,2,14,22,18,7,19,17,5,23,21,8,24],[14,6,22,2,10,18,17,7,19,5,21,8,23,24],[22,2,14,10,18,6,17,7,5,19,23,21,8,24],[18,14,2,10,6,22,19,5,17,7,21,8,23,24],[14,2,10,18,22,6,19,5,17,7,21,8,23,24],[10,6,2,18,22,14,17,7,19,5,21,8,23,24],[22,2,10,18,6,14,5,19,7,21,17,20,23,8,24],[18,10,22,2,14,6,17,5,7,19,21,20,23,8,24],[2,18,10,14,6,22,19,7,5,23,21,24,8],[6,14,18,10,2,22,5,19,17,7,21,8,23,24],[14,2,10,22,18,6,19,7,17,5,21,8,23,24],[10,2,18,14,22,6,17,5,7,19,21,20,23,24,8],[14,18,10,2,22,6,7,19,5,21,17,20,23,24,8],[10,22,2,14,6,18,17,7,5,19,23,21,8,24],[18,2,22,10,14,6,19,5,7,23,21,8,24],[10,14,6,18,22,2,17,7,19,5,23,21,24,8],[2,10,22,6,18,14,5,17,7,19,23,21,8,24],[10,6,2,18,22,14,17,7,19,5,23,21,8,24],[22,18,14,6,2,10,19,7,5,23,21,8,24],[10,14,22,18,2,6,17,7,5,19,23,21,24,8],[2,14,6,10,18,22,19,5,17,7,21,20,23,8,24],[18,22,14,2,5,6,17,10,7,19,21,20,23,8,24],[14,18,2,6,22,10,5,17,7,19,21,8,20,23,24],[2,10,22,14,18,6,5,19,17,7,21,8,23,24],[14,2,10,18,22,6,5,19,7,21,17,8,23,24],[6,14,2,22,10,18,17,7,5,19,23,21,8,24],[2,18,22,10,14,6,17,5,19,7,21,8,23,24],[10,14,18,2,22,6,7,17,5,19,23,21,8,24],[2,6,14,18,10,22,7,19,17,5,21,20,23,8,24],[6,18,22,14,10,2,7,19,17,5,23,21,8,24],[14,2,10,18,22,6,19,7,5,21,17,20,23,8,24]],"n_human":12}