{"problem_id":"tWiapY5cHF33Fm4","sigma":75,"alpha":0.316,"cost":1,"probabilities":"[0.49, 0.09, 0.39, 0.03]","payoff_matrix":"[[-55, 78, 19, 2, -79, 146], [65, -31, -36, -152, -19, 151], [17, -52, -32, 229, -31, -137], [13, -142, 25, -7, 74, -183]]","uncovered":[[5,13,9,21,7,3,19,1],[13,1,9,21,5,23,17,7,11,15],[17,5,21,7,1,13,9],[21,17,13,5,23,9,1,7,11,15],[21,13,5,23,17,9,1,7,11,15],[9,5,1,17,21,23,13,7,11,15],[1,9,21,17,8,13,5,23,7,11,15],[21,2,1,17,12,13,9,5,23,7,11,15],[17,13,21,5,7,9,1],[1,21,13,17,5,23,9,7,11,15],[1,5,9,13,21,23,17,7,11,15],[9,17,5,1,13,21,7],[13,17,1,5,9,21,7],[9,17,13,5,1,21,23,7,11,15],[17,9,5,21,7,13,1],[5,13,17,21,7,9,1],[13,1,21,17,9,5,23,7,11,15],[21,1,17,13,5,23,9,7,11,15],[13,1,9,5,17,21,23,7,11,15],[1,13,9,21,6,17,5,23,7,11,15],[21,17,13,5,23,9,1,7,11,15],[9,21,17,5,23,1,13,7,11,15],[13,9,21,5,7,1,17],[13,9,5,17,1,21,23,7,11,15],[17,13,1,5,9,21,7],[5,21,23,9,17,1,13,7,11,15],[1,9,17,13,5,21,23,7,11,15],[21,5,7,9,13,17,1],[5,1,21,23,9,13,17,7,11,15],[21,13,9,17,5,7,2,1],[9,1,13,17,5,21,23,7,11,15],[5,9,13,1,17,21,7],[17,21,10,5,7,1,13],[1,9,21,13,17,5,23,7,11,15],[21,1,9,19,13,5,7],[13,17,5,21,7,9,1],[5,9,13,1,17,21,23,7,11,15],[1,9,21,13,17,5,7],[21,13,5,7,17,4,1,9],[21,17,5,7,9,1,13],[21,13,7,1,9,17],[1,13,9,5,21,23,17,7,11,15],[13,5,9,17,21,23,1,7,11,15],[5,17,1,9,21,23,13,7,11,15],[9,5,21,23,13,17,1,7,11,15],[9,5,17,21,23,1,13,7,11,15],[21,5,23,17,13,1,9,7,11,15],[5,1,17,21,23,13,9,7,11,15],[21,17,5,7,9,3,15,13,23],[9,13,17,21,5,7,1],[1,9,17,13,5,21,23,7,11,15],[5,9,1,21,7,17,13],[5,13,1,17,21,23,9,7,11,15],[21,5,23,13,9,17,1,7,11,15],[17,1,21,13,5,7,9],[17,9,13,21,5,23,1,7,11,15],[13,1,17,5,21,23,9,7,11,15],[1,5,21,23,13,17,9,7,11,15],[9,17,21,5,7,1,13],[5,13,1,9,21,7,17],[17,21,3,9,16,5,7,13],[17,21,5,23,1,9,13,7,11,15],[17,13,9,21,1,5,7],[13,5,21,23,9,1,17,7,11,15],[13,21,11,1,5,7,17],[17,5,1,9,13,21,23,7,11,15],[13,9,17,21,1,6,5,23,7,11,15],[9,1,5,13,17,21,23,7,11,15],[9,13,1,21,17,5,7],[13,1,21,9,17,6,8,5,23,7,11,15],[5,17,21,7,1,9,13],[9,1,17,21,13,5,23,7,11,15],[9,1,21,13,5,23,17,7,11,15],[1,21,5,23,9,13,17,7,11,15],[1,21,9,5,7,13,17],[5,13,9,17,1,21,7],[1,5,21,23,17,9,13,7,11,15],[17,5,21,23,9,13,1,7,11,15],[17,21,1,13,9,7],[17,1,21,9,5,23,13,7,11,15],[9,1,5,13,17,21,7],[21,1,5,23,17,13,9,7,11,15],[17,9,5,13,1,21,7],[13,5,21,7,9,1,17],[13,9,17,1,5,21,23,7,11,15],[5,13,21,23,1,9,17,7,11,15],[1,17,21,5,23,13,9,7,11,15],[21,17,13,12,5,7,11,3],[9,13,17,21,1,5,7],[1,13,9,17,21,5,23,7,11,15],[5,9,21,7,3,13,17],[17,5,21,23,9,13,1,7,11,15],[5,13,9,1,21,23,17,7,11,15],[13,5,21,7,19,11,2,1],[17,9,13,5,1,21,7],[9,1,21,13,17,5,7],[17,5,9,1,13,21,23,7,11,15],[5,1,21,7,13,18,9,17],[9,17,5,21,23,13,1,7,11,15],[9,13,21,17,6,1,5,23,7,11,15],[13,1,5,17,21,7,9],[1,13,21,17,5,23,9,7,11,15],[13,17,9,1,21,5,7],[13,5,9,21,7,1,17],[21,1,5,7,9,13,20,17],[9,1,5,13,21,7,17],[1,13,21,5,7,17,9],[17,5,1,13,9,21,23,7,11,15],[13,9,21,7,17,1],[13,9,1,17,21,5,23,7,11,15],[1,17,5,21,7,9,13],[17,9,13,5,21,23,1,7,11,15],[17,1,5,9,21,7,13],[1,21,9,5,7,17,13],[9,1,21,5,7,17,13],[13,9,17,1,5,21,7],[17,13,1,9,5,21,23,7,11,15],[9,1,5,17,21,7,13],[9,5,1,17,13,21,7],[5,17,21,7,1,9,13],[5,21,23,1,17,9,13,7,11,15],[1,13,17,5,21,23,9,7,11,15],[5,1,21,23,17,13,9,7,11,15],[21,1,5,7,13,9,17],[1,21,5,23,17,13,9,7,11,15],[21,1,13,9,17,5,7],[1,5,9,21,7,17,13],[5,9,21,23,1,17,13,7,11,15],[21,2,1,5,23,9,13,17,7,11,15],[9,17,5,13,1,21,7],[13,9,1,21,17,7],[5,9,21,23,1,17,13,7,11,15],[5,13,9,21,7,2,1,17],[21,9,1,13,5,7,17],[5,1,17,13,9,21,23,7,11,15],[1,21,9,5,23,17,13,7,11,15],[1,5,21,23,17,13,9,7,11,15],[5,17,9,1,21,7,13],[17,21,1,5,7,13,9],[21,17,13,9,5,7,1],[9,21,1,17,13,5,23,7,11,15],[1,5,9,13,21,7,17],[17,9,13,21,5,7,1],[5,13,1,9,21,7,17],[21,19,5,7,9,1,13],[1,21,13,10,5,23,17,7,9,11,15],[1,5,17,13,21,7,9],[1,17,9,13,21,5,7],[1,5,17,21,7,13,9],[17,13,5,21,7,10,1],[9,1,17,21,13,5,23,7,11,15],[13,5,21,23,17,1,9,7,11,15],[13,17,1,9,21,5,23,7,11,15],[21,5,7,17,13,1,9],[17,9,5,13,1,21,7],[9,5,21,7,19,13,1],[9,13,21,5,23,1,17,7,11,15],[9,13,21,5,23,1,17,7,11,15],[9,1,21,17,13,5,7],[17,13,1,21,9,5,7],[21,1,17,13,9,5,23,7,11,15],[9,17,21,13,1,5,7],[17,13,9,1,5,21,7],[5,21,7,17,9,13,1],[9,13,5,17,1,21,7],[5,17,13,1,9,21,7],[1,9,13,21,5,23,17,7,11,15],[5,13,21,7,9,1,17],[9,1,21,5,23,17,13,7,11,15],[21,9,1,5,23,17,13,7,11,15],[1,5,21,23,13,17,9,7,11,15],[21,13,11,17,5,7,1],[9,5,21,23,1,17,13,7,11,15],[1,21,5,23,9,17,13,7,11,15],[1,17,21,13,5,7,9],[1,21,17,5,7,9,13],[9,5,17,21,23,13,1,7,11,15],[13,5,9,21,23,17,1,7,11,15],[9,13,5,21,7,1,17],[13,9,17,5,21,7,1],[21,16,1,5,23,13,17,9,7,11,15],[5,13,21,23,17,9,1,7,11,15],[17,13,21,1,5,23,9,7,11,15],[13,17,9,1,5,21,23,7,11,15],[21,1,5,7,9,17,13],[21,13,1,17,11,5,7],[1,13,17,5,9,21,23,7,11,15],[17,5,21,7,13,1,9],[5,17,1,13,21,23,9,7,11,15],[21,13,1,5,23,9,17,7,11,15],[13,9,5,1,21,23,17,7,11,15],[13,21,1,9,17,5,7],[1,21,9,17,5,23,13,7,11,15],[5,1,9,13,17,21,23,7,11,15],[1,9,21,13,5,23,17,7,11,15],[1,9,13,17,21,5,7],[1,17,9,21,5,23,13,7,11,15],[17,9,21,1,13,5,23,7,11,15],[17,1,9,21,5,23,13,7,11,15],[1,17,21,5,7,9,13],[17,13,9,21,3,5,23,7,1,11,15],[9,21,13,17,5,23,1,7,11,15],[9,5,17,1,13,21,23,7,11,15],[5,9,21,23,17,13,1,7,11,15],[5,21,7,13,17,9,1],[1,9,21,17,5,23,13,7,11,15],[13,17,9,21,5,7,1],[17,21,2,1,13,12,9,5,7],[9,17,13,1,5,21,7],[13,1,21,5,23,17,9,7,11,15],[21,17,1,13,5,7,9],[5,9,13,21,7,17,1],[13,1,5,21,23,9,17,7,11,15],[17,1,21,5,23,13,9,7,11,15],[9,17,21,1,13,8,5,23,7,11,15],[21,1,16,13,17,9,5,23,7,11,15],[9,21,1,17,13,5,7],[21,5,23,9,13,17,1,7,11,15],[17,21,1,9,6,13,5,23,7,11,15],[17,1,13,9,5,21,7],[17,1,13,5,9,21,7],[21,9,17,5,7,13,1],[1,9,5,21,23,13,17,7,11,15],[5,13,1,21,7,9,20,17],[9,1,5,13,17,21,7],[9,5,17,1,21,7,13],[17,9,5,13,21,7,1],[17,21,1,9,13,5,7],[17,5,13,21,23,9,1,7,11,15],[17,5,9,1,13,21,7],[17,13,9,1,21,5,7],[5,1,13,21,23,17,9,7,11,15],[9,21,3,17,7,13,1],[9,17,5,1,21,7,13],[9,17,13,5,1,21,23,7,11,15],[13,17,9,5,1,21,23,7,11,15],[21,9,13,5,7,1,20,17],[17,1,9,5,21,23,13,7,11,15],[13,9,21,17,1,5,7],[17,9,5,13,1,21,23,7,11,15],[21,7,19,13,3,9,1],[5,17,13,9,1,21,7],[5,9,17,21,23,1,13,7,11,15],[5,13,17,1,9,21,23,7,11,15],[17,9,5,1,13,21,23,7,11,15],[21,1,9,5,7,13,17],[9,5,21,23,13,17,1,7,11,15],[9,13,21,5,23,1,17,7,11,15],[13,5,17,21,7,9,1],[1,21,5,7,9,13,19],[21,9,13,5,23,17,1,7,11,15],[21,13,5,23,9,1,17,7,11,15],[1,17,21,9,13,5,7],[1,9,5,13,17,21,7],[21,1,9,5,7,17,13],[9,1,17,21,5,23,13,7,11,15],[13,1,9,21,17,5,23,7,11,15],[17,21,1,9,5,7,13],[13,5,9,17,21,7,3],[1,17,9,5,21,23,13,7,11,15],[9,13,17,5,21,7,1],[17,21,9,8,13,1,6],[5,13,21,23,9,17,1,7,11,15],[13,1,17,21,5,23,9,7,11,15],[21,1,13,9,17,5,7],[13,9,5,1,17,21,23,7,11,15],[9,21,13,8,1,17,5,23,7,11,15],[1,17,9,13,21,5,7],[9,13,17,21,1,5,7],[1,13,21,9,17,5,7],[13,21,5,7,17,9,1],[9,5,17,21,23,13,1,7,11,15],[17,1,5,9,21,23,13,7,11,15],[9,13,5,21,7,1,17],[13,5,1,9,17,21,7],[9,5,13,17,1,21,7],[1,17,13,5,9,21,23,7,11,15],[5,9,1,13,17,21,7],[1,13,5,17,21,23,9,7,11,15],[13,21,17,9,1,5,7],[21,13,5,23,9,17,1,7,11,15],[17,21,5,7,13,9,1],[17,5,21,7,9,13,1],[13,1,21,9,17,5,23,7,11,15],[21,17,1,13,9,5,7],[21,17,1,16,5,23,9,13,7,11,15],[1,17,21,13,5,7,9],[5,21,23,17,1,9,13,7,11,15],[21,5,23,1,9,17,13,7,11,15],[1,21,17,5,23,9,13,7,11,15],[17,1,5,9,13,21,7],[5,13,1,17,9,21,23,7,11,15],[1,13,9,5,21,7,17],[13,1,21,9,5,23,17,7,11,15],[9,5,17,13,1,21,7],[17,9,13,21,5,23,1,7,11,15],[17,21,1,9,5,7,13],[9,13,5,1,21,23,17,7,11,15],[17,9,5,1,13,21,23,7,11,15],[13,1,9,17,21,5,7],[5,21,7,13,17,9,1],[13,17,9,1,21,5,23,7,11,15],[9,1,5,21,7,17,13],[17,21,5,7,1,13,9],[9,21,13,5,23,1,17,7,11,15],[5,9,21,23,13,17,1,7,11,15],[1,21,9,13,17,5,7],[9,5,1,21,7,17,13],[9,17,13,21,5,7,1],[17,5,21,7,13,9,1],[1,21,13,17,9,6,5,23,7,11,15],[1,21,17,9,13,5,23,7,11,15],[5,17,21,23,9,13,1,7,11,15],[9,1,21,13,17,5,7],[13,9,21,1,17,5,7],[13,21,1,9,17,5,7],[9,13,5,21,23,17,1,7,11,15],[9,17,1,21,13,5,23,7,11,15],[13,21,1,17,9,7],[17,21,1,5,7,9,13],[1,9,21,19,5,23,13,7,11,15],[17,9,13,1,5,21,7],[13,17,1,9,5,21,7],[21,1,5,7,17,9,13],[1,21,17,9,7,15,13,23],[17,9,1,21,13,5,7],[5,21,23,13,1,9,17,7,11,15],[5,9,17,1,13,21,7],[5,13,9,21,7,17,1],[17,9,21,1,5,7,13],[17,5,9,13,1,21,23,7,11,15],[17,21,9,13,5,23,1,7,11,15],[13,9,1,21,5,23,17,7,11,15],[13,1,9,17,21,5,7],[1,13,21,17,9,5,7],[9,17,1,13,21,5,23,7,11,15],[9,17,5,21,23,1,13,7,11,15],[5,17,21,7,9,13,1],[17,13,9,21,1,5,7],[13,9,17,5,1,21,23,7,11,15],[1,13,17,5,9,21,7],[1,5,17,13,9,21,7],[21,7,17,13,9,1],[5,21,7,1,18,9,13,17],[5,21,7,1,17,9,13],[17,5,21,7,1,13,9],[21,19,5,23,1,13,9,7,11,15],[1,13,21,9,5,7,19],[21,13,17,1,9,7],[9,5,13,17,21,23,1,7,11,15],[9,5,21,23,17,13,1,7,11,15],[13,17,9,5,1,21,7],[5,17,9,1,13,21,7],[21,13,9,17,1,5,23,7,11,15],[17,1,13,21,5,23,9,7,11,15],[21,17,9,1,5,23,13,7,11,15],[21,9,17,1,13,5,23,7,11,15],[13,5,21,23,9,1,17,7,11,15],[9,13,21,5,7,1,17],[5,1,21,7,9,13,17],[1,9,5,21,23,17,13,7,11,15],[9,17,1,5,13,21,23,7,11,15],[13,5,21,23,17,1,9,7,11,15],[21,1,17,13,5,23,9,7,11,15],[17,1,13,9,5,21,7],[1,21,5,23,9,13,17,7,11,15],[9,1,5,17,13,21,23,7,11,15],[1,5,21,23,17,13,9,7,11,15],[17,21,1,11,5,23,13,7,15],[1,13,21,7,17,9],[5,21,7,17,13,1,9],[21,1,5,7,13,19,9],[5,17,13,1,21,7,11],[5,1,21,7,17,13,9],[17,21,12,9,5,7,1,14],[21,9,17,5,23,13,1,7,11,15],[17,1,21,13,9,5,23,7,11,15],[1,17,5,9,21,23,13,7,11,15],[17,13,21,1,5,7,11],[9,17,21,5,7,1,13],[17,13,1,21,5,23,9,7,11,15],[13,5,1,9,17,21,23,7,11,15],[13,21,5,7,9,1,17],[5,1,17,21,7,9,13],[17,21,13,5,7,12,9,1],[5,17,1,9,21,23,13,7,11,15],[5,17,21,23,9,1,13,7,11,15],[9,5,21,7,13,17,1],[17,9,13,21,1,5,7],[1,9,5,17,21,23,13,7,11,15],[17,9,21,13,1,7],[5,17,1,9,21,7,13],[9,21,1,5,7,18,13,17],[17,5,21,23,9,13,1,7,11,15],[1,9,13,17,21,5,7],[13,5,21,7,9,1,17],[21,13,1,17,5,7,9],[13,17,9,5,1,21,23,7,11,15],[9,21,1,14,5,23,17,7,11,13,22],[17,21,1,5,23,9,13,7,11,15],[13,9,1,17,5,21,7],[13,1,9,21,17,5,7],[1,13,21,9,5,23,17,7,11,15],[21,13,9,5,23,17,1,7,11,15],[13,21,1,9,5,23,17,7,11,15],[21,6,1,17,9,13,5,23,7,11,15],[13,5,21,23,9,17,1,7,11,15],[9,17,13,5,1,21,23,7,11,15],[5,21,23,17,13,1,9,7,11,15],[21,13,1,11,5,23,17,7,15],[9,1,17,5,21,23,13,7,11,15],[1,13,17,9,21,8,5,7],[13,17,1,9,5,21,23,7,11,15],[9,1,13,5,21,7,17],[17,9,1,21,5,23,13,7,11,15],[21,1,17,15,13,23],[9,21,20,17,5,23,1,13,7,11,15],[17,5,1,13,9,21,7],[5,21,23,1,9,17,13,7,11,15],[17,9,21,13,5,7,1],[17,21,9,13,5,23,1,7,11,15],[9,5,17,1,13,21,7],[1,21,9,5,7,13,17],[5,21,23,17,1,9,13,7,11,15],[9,5,17,13,1,21,7],[5,17,13,9,1,21,7],[13,5,21,7,17,1,9],[21,15,13,23],[13,21,5,23,1,17,9,7,11,15],[9,5,13,21,7,17,1],[17,5,21,23,9,1,13,7,11,15],[5,1,17,9,13,21,7],[17,1,21,13,9,5,7],[13,1,17,21,5,23,9,7,11,15],[5,9,13,17,1,21,7],[13,1,17,5,21,7,9],[9,5,17,21,7,1,13],[13,21,5,23,17,1,9,7,11,15],[1,9,5,13,17,21,23,7,11,15],[5,21,23,9,1,17,13,7,11,15],[13,9,5,17,1,21,7],[17,13,21,5,23,9,1,7,11,15],[1,21,9,17,13,5,7],[5,1,13,17,21,7,9],[5,9,1,21,7,13,17],[5,1,9,21,7,13,17],[17,13,21,1,9,7],[17,9,13,1,5,21,7],[5,21,7,9,1,13,20,17],[21,1,17,13,5,23,9,7,11,15],[9,21,5,7,1,17,13],[9,5,1,17,13,21,23,7,11,15],[13,21,5,7,1,9,17],[5,13,1,17,21,7,9],[17,5,13,9,21,7,1],[5,17,9,1,13,21,7],[1,9,13,21,17,5,23,7,11,15],[9,1,21,7,17,13],[13,17,5,21,23,1,9,7,11,15],[9,13,1,5,17,21,7],[1,5,13,17,9,21,7],[9,17,5,1,13,21,7],[21,1,5,7,13,9,17],[17,1,5,21,7,9,13],[5,21,7,1,9,13,17],[17,5,1,21,7,13,9],[13,1,17,21,5,23,9,7,11,15],[9,1,21,13,5,7,17],[1,21,5,23,17,13,9,7,11,15],[21,1,9,17,5,7,13],[9,13,1,5,17,21,7],[5,21,23,9,17,13,1,7,11,15],[21,17,13,1,5,7,9],[13,9,21,5,23,1,17,7,11,15],[9,21,17,5,7,13,1],[21,5,23,17,13,1,9,7,11,15],[13,5,1,17,9,21,23,7,11,15],[1,13,5,17,9,21,7],[21,1,5,7,13,17,9],[1,17,21,13,5,7,9],[1,13,5,21,23,9,17,7,11,15],[9,17,1,13,21,5,7],[5,21,7,13,17,1,9],[9,1,5,21,7,19,15,13,23],[5,1,17,9,13,21,7],[13,1,17,5,9,21,23,7,11,15],[13,21,17,9,5,7,1],[21,1,5,7,9,17,13],[5,13,17,21,23,9,1,7,11,15],[13,1,21,9,17,6,5,23,7,11,15],[17,5,9,1,21,23,13,7,11,15],[21,17,5,7,13,9,1],[17,13,21,1,9,5,7],[5,13,21,23,17,9,1,7,11,15],[17,13,5,1,21,7,9],[9,1,5,17,21,23,13,7,11,15],[21,9,5,23,13,17,1,7,11,15],[5,17,1,13,21,23,9,7,11,15],[1,21,9,13,17,5,23,7,11,15],[1,13,9,5,21,7,17],[9,1,17,13,21,6,5,23,7,11,15],[1,17,9,21,7,13],[5,21,23,1,17,9,13,7,11,15],[9,13,17,21,5,23,1,7,11,15],[5,17,13,1,21,7,9],[13,5,9,17,21,23,1,7,11,15],[17,9,13,1,21,5,7],[13,17,5,1,21,7,9],[21,9,13,17,1,5,7],[21,13,1,5,23,9,17,7,11,15],[1,17,9,13,5,21,23,7,11,15],[9,17,13,21,1,5,23,7,11,15],[1,17,9,5,13,21,7],[17,1,21,5,7,9,13],[13,17,1,21,5,23,9,7,11,15],[1,5,9,13,21,7,17],[13,1,9,21,17,5,7],[1,21,17,13,9,5,23,7,11,15],[5,13,17,1,9,21,23,7,11,15],[17,13,21,1,5,7,9],[9,17,1,5,13,21,23,7,11,15],[5,9,21,7,1,13,17],[9,1,5,21,23,17,13,7,11,15],[5,1,21,7,13,17,9],[17,5,1,9,21,7,13],[9,21,5,23,1,17,13,7,11,15],[17,5,9,13,1,21,7],[17,13,5,21,7,1,12,9],[5,17,9,1,21,7,13],[21,1,9,13,5,7,19],[5,13,9,21,7,1,17],[13,5,21,23,9,1,17,7,11,15],[9,21,1,5,7,17,13],[21,8,17,13,9,1,7],[9,5,21,23,17,13,1,7,11,15],[1,9,5,13,17,21,7],[21,13,5,7,1,9,17],[21,1,17,5,23,9,13,7,11,15],[13,5,17,9,21,7,1],[5,1,17,9,13,21,7],[9,1,13,21,5,23,17,7,11,15],[9,13,17,1,5,21,23,7,11,15],[21,1,5,23,9,13,17,7,11,15],[21,13,9,5,23,1,17,7,11,15],[13,21,5,23,9,1,17,7,11,15],[17,5,13,9,1,21,7],[1,21,9,13,20,17,5,7],[21,5,7,1,13,17,9],[1,13,17,21,5,7,9],[5,9,21,7,17,13,1],[5,17,9,21,23,13,1,7,11,15],[5,1,21,7,9,13,17],[13,5,21,23,9,17,1,7,11,15],[17,13,5,9,21,23,1,7,11,15],[21,1,13,9,17,5,7],[5,21,23,13,17,1,9,7,11,15],[13,17,9,5,21,7,1],[5,13,17,1,9,21,7],[1,9,5,21,7,13,17],[17,13,5,21,23,9,1,7,11,15],[1,17,21,13,9,5,23,7,11,15],[9,1,13,21,5,23,17,7,11,15],[13,5,1,21,7,9,19],[13,17,21,1,5,7,9],[13,21,1,5,7,17,9],[5,17,1,9,13,21,7],[21,1,6,9,17,13,5,23,7,11,15],[21,17,5,23,1,13,9,7,11,15],[21,16,13,17,5,7,9,1],[17,13,5,9,21,7,1],[9,17,5,1,13,21,23,7,11,15],[9,17,5,13,21,7,1],[13,5,9,1,17,21,23,7,11,15],[9,5,1,17,13,21,23,7,11,15],[17,21,1,13,9,5,7],[9,5,13,1,21,7,17],[9,13,1,21,5,23,17,7,11,15],[9,13,21,17,5,23,1,7,11,15],[9,17,21,5,7,13,1],[17,5,9,1,13,21,23,7,11,15],[21,13,17,5,23,1,9,7,11,15],[9,5,17,1,21,7,13],[17,9,13,21,1,5,7],[5,17,13,21,7,9,1],[5,13,9,17,21,23,1,7,11,15],[5,13,9,1,21,7,17],[17,13,1,9,21,5,23,7,11,15],[1,21,5,23,9,13,17,7,11,15],[1,17,13,21,5,23,9,7,11,15],[5,1,17,21,7,13,9],[21,1,13,9,6,17,8],[1,21,17,5,7,9,13],[9,5,13,1,21,23,17,7,11,15],[21,9,5,7,1,17,13],[1,17,21,15,13,23],[13,1,9,5,21,23,17,7,11,15],[21,1,5,7,13,9,17],[17,21,13,9,5,7,1],[21,7,1,13,17,9],[21,17,5,23,9,1,13,7,11,15],[1,21,9,17,13,5,7],[5,21,23,13,17,1,9,7,11,15],[17,21,13,9,1,5,7],[17,5,21,7,13,12,1,9],[5,17,9,13,21,23,1,7,11,15],[5,13,1,21,7,17,9],[9,5,17,13,1,21,23,7,11,15],[5,21,23,1,13,17,9,7,11,15],[13,9,5,17,21,23,1,7,11,15],[1,17,21,5,23,9,13,7,11,15],[1,13,5,17,21,7,9],[13,5,9,17,21,7,1],[21,9,5,23,17,1,13,7,11,15],[1,21,5,7,9,13,17],[17,1,9,21,15,13,23],[1,21,13,17,9,5,23,7,11,15],[21,1,13,12,9,7,20,17],[9,21,1,13,5,23,17,7,11,15],[5,21,23,1,17,13,9,7,11,15],[13,1,21,17,5,23,9,7,11,15],[21,13,1,5,7,17,9],[21,1,13,17,9,5,7],[5,9,21,7,17,1,13],[21,1,5,7,17,9,13],[17,1,21,9,13,5,7],[13,21,9,5,23,1,17,7,11,15],[9,17,13,5,21,7,1],[17,5,1,21,7,13,9],[17,5,1,13,9,21,7],[9,1,17,21,13,5,23,7,11,15],[21,5,7,13,1,17,9],[5,1,9,17,13,21,23,7,11,15],[9,13,17,5,1,21,7],[1,13,21,9,17,5,23,7,11,15],[17,13,5,21,23,9,1,7,11,15],[9,5,1,21,23,17,13,7,11,15],[5,1,17,9,13,21,7],[17,13,21,1,5,23,9,7,11,15],[13,5,9,21,23,17,1,7,11,15],[17,13,21,1,9,5,23,7,11,15],[17,13,21,1,5,23,9,7,11,15],[21,5,7,9,1,17,13],[9,17,13,21,5,7,1],[9,13,17,1,21,5,7],[1,13,17,5,21,7,9],[9,21,17,8,13,1,5,7],[17,1,5,9,13,21,23,7,11,15],[17,1,9,5,21,7,13],[21,5,23,13,17,1,9,7,11,15],[17,5,1,13,9,21,7],[1,13,9,21,17,5,7],[21,13,9,5,23,17,1,7,11,15],[9,21,1,13,17,5,7],[9,21,1,17,5,7,13],[5,13,17,9,21,7,1],[9,1,5,17,13,21,7],[9,17,21,1,13,5,7],[13,21,17,5,7,1,9],[13,1,9,5,17,21,7],[17,5,13,1,9,21,23,7,11,15],[9,17,1,21,13,5,23,7,11,15],[13,9,5,1,17,21,7],[21,13,17,1,5,7,9],[17,13,1,21,5,7,9],[21,1,5,23,9,13,17,7,11,15],[9,5,13,17,21,23,1,7,11,15],[9,5,17,21,23,1,13,7,11,15],[13,5,9,17,21,7,1],[9,5,21,7,13,1,17],[9,17,21,13,2,1,5,23,7,11,15],[17,9,1,5,21,23,13,7,11,15],[17,21,13,5,23,1,9,7,11,15],[17,5,9,13,21,23,1,7,11,15],[1,17,13,9,21,8,5,7],[5,17,21,23,9,1,13,7,11,15],[5,1,13,17,9,21,23,7,11,15],[5,9,1,21,7,13,17],[21,13,1,9,6,17,5,23,7,11,15],[21,13,7,3,9,17,1],[17,9,13,1,5,21,23,7,11,15],[17,5,1,21,7,9,15,13,23],[13,1,9,21,5,23,17,7,11,15],[17,13,21,5,7,9,1],[13,21,2,1,5,23,17,9,7,11,15],[17,1,21,6,13,11,5,23,7,15],[13,5,17,21,23,1,9,7,11,15],[21,2,1,10,17,5,23,13,7,9,11,15],[13,17,9,21,1,5,23,7,11,15],[21,1,5,7,13,20,17,9],[1,21,5,7,13,17,12,9],[17,13,9,5,21,23,1,7,11,15],[9,21,7,13,17,1],[17,21,5,7,13,1,9],[9,13,17,5,1,21,23,7,11,15],[1,17,21,13,5,23,9,7,11,15],[21,17,1,5,7,13,9],[13,1,5,21,23,9,17,7,11,15],[21,5,23,9,17,13,1,7,11,15],[17,9,1,21,13,5,23,7,11,15],[1,21,17,13,5,7,9],[13,9,5,17,21,7,1],[21,5,23,17,9,13,1,7,11,15],[13,17,5,9,21,23,1,7,11,15],[1,9,21,5,23,17,13,7,11,15],[17,9,1,13,21,5,7],[13,9,1,21,8,17,5,23,7,11,15],[21,9,18,1,5,23,13,7,17,11,15],[21,13,5,23,9,17,1,7,11,15],[17,13,1,21,9,7],[13,1,5,17,21,7,11],[5,13,21,7,9,17,3],[21,9,17,3,13,5,23,7,1,11,15],[17,13,1,21,5,23,9,7,11,15],[13,5,9,1,21,23,17,7,11,15],[9,13,1,5,17,21,23,7,11,15],[21,5,7,13,9,1,17],[9,21,5,23,17,1,13,7,11,15],[17,21,9,1,14,5,7],[13,5,9,17,21,7,3],[9,5,13,17,1,21,7],[9,5,21,7,13,17,1],[21,2,1,9,17,13,5,23,7,11,15],[13,9,1,5,17,21,23,7,11,15],[1,17,13,5,21,7,12,9],[5,13,21,7,9,1,17],[5,21,23,9,1,13,17,7,11,15],[5,17,21,7,1,9,13],[17,1,9,13,5,21,7],[5,21,7,13,17,1,9],[1,9,21,17,13,5,23,7,11,15],[9,13,17,5,1,21,7],[5,9,21,7,13,17,1],[21,9,13,5,23,17,1,7,11,15],[1,5,21,7,17,9,13],[21,15,13,23],[13,1,9,5,21,7,17],[17,13,1,9,21,5,23,7,11,15],[13,17,9,1,5,21,7],[5,13,17,21,7,1,10],[17,13,9,1,21,5,7],[9,1,13,21,17,5,7],[1,17,13,21,9,5,23,7,11,15],[17,9,5,1,13,21,23,7,11,15],[21,5,7,17,9,13,1],[9,17,1,5,21,23,13,7,11,15],[5,1,9,17,21,7,13],[21,13,17,1,5,23,9,7,11,15],[21,5,7,1,13,9,19],[13,5,9,17,21,7,1],[5,21,23,13,17,9,1,7,11,15],[21,9,13,17,5,7,1],[5,9,21,23,13,1,17,7,11,15],[17,9,1,21,5,23,13,7,11,15],[9,1,17,5,13,21,7],[1,5,17,13,21,7,9],[1,17,5,13,21,7,9],[5,9,17,21,23,13,1,7,11,15],[9,5,13,21,7,1,17],[5,21,23,9,17,13,1,7,11,15],[5,17,21,7,13,11,1],[17,9,5,21,23,13,1,7,11,15],[5,1,13,9,17,21,7],[1,21,13,5,7,17,9],[5,9,21,23,1,13,17,7,11,15],[5,1,13,21,7,17,9],[17,9,13,1,21,5,7],[5,1,17,13,21,7,9],[17,13,21,1,9,5,23,7,11,15],[5,21,7,9,13,17,1],[13,5,17,21,7,9,1],[17,13,5,1,21,23,9,7,11,15],[13,17,1,5,21,7,9],[17,9,21,13,1,5,23,7,11,15],[13,21,1,17,5,7,9],[21,17,13,5,7,1,9],[17,1,5,21,7,13,9],[1,5,9,17,21,23,13,7,11,15],[13,1,17,9,21,5,7],[5,13,17,21,23,9,1,7,11,15],[17,13,9,5,1,21,7],[17,21,9,5,23,1,13,7,11,15],[1,9,17,21,5,7,13],[21,17,5,23,13,9,1,7,11,15],[21,1,5,7,19,9,13],[1,9,13,17,5,21,23,7,11,15],[13,5,17,21,7,1,9],[13,21,17,5,23,1,9,7,11,15],[9,1,21,15,13,23],[17,21,5,7,3,13,9],[5,13,9,21,7,1,17],[13,17,21,5,7,1,9],[9,13,17,1,5,21,23,7,11,15],[1,17,5,13,21,7,9],[1,21,5,23,9,13,17,7,11,15],[9,21,5,7,13,17,1],[17,21,5,23,9,13,1,7,11,15],[5,1,21,7,9,17,13],[5,21,23,13,1,9,17,7,11,15],[13,5,17,1,9,21,23,7,11,15],[9,21,6,1,17,15,13,23],[17,13,5,9,1,21,23,7,11,15],[21,5,23,17,1,9,13,7,11,15],[13,17,9,21,1,5,7],[9,1,5,17,13,21,7],[1,21,17,16,13,5,7,9],[5,13,17,21,7,9,1],[1,17,5,13,9,21,23,7,11,15],[17,21,1,9,5,23,13,7,11,15],[21,1,17,13,5,7,9],[17,21,5,7,9,13,1],[21,5,7,13,12,3,17,9],[5,9,21,7,13,17,1],[1,13,17,9,21,5,23,7,11,15],[5,13,9,21,7,17,1],[17,13,1,5,21,7,10],[5,21,23,1,17,9,13,7,11,15],[1,13,9,5,17,21,7],[17,9,21,3,13,5,7],[1,17,21,13,9,5,7],[5,1,21,7,13,18,9,17],[1,9,13,5,17,21,7],[5,9,13,21,23,1,17,7,11,15],[5,21,7,13,1,17,9],[21,7,9,17,1,13],[17,1,9,21,13,5,23,7,11,15],[21,13,1,5,23,9,17,7,11,15],[5,13,17,21,23,9,1,7,11,15],[13,1,21,5,23,9,17,7,11,15],[17,9,21,5,23,13,1,7,11,15],[17,21,9,5,7,13,1],[9,17,21,1,5,23,13,7,11,15],[5,1,13,21,23,9,17,7,11,15],[5,1,17,9,21,7,13],[5,13,9,1,17,21,23,7,11,15],[1,5,9,21,7,17,13],[9,5,17,1,13,21,7],[5,13,17,21,7,9,3],[9,21,13,17,1,5,23,7,11,15],[1,5,21,7,9,13,18,17],[5,9,17,1,13,21,7],[1,5,13,17,9,21,7],[5,13,21,23,9,17,1,7,11,15],[13,1,17,9,21,5,23,7,11,15],[5,17,1,9,13,21,7],[5,1,9,21,7,17,13],[9,13,21,4,1,5,7,17],[1,17,13,9,21,5,23,7,11,15],[21,17,5,7,9,13,1],[17,1,21,13,9,5,7],[5,21,7,13,9,17,1],[17,13,1,5,21,7,9],[17,13,1,21,11,5,23,7,15],[9,17,21,1,5,23,13,7,11,15],[13,17,1,9,21,5,23,7,11,15],[17,9,1,5,21,7,15,13,23],[21,1,9,13,5,23,17,7,11,15],[21,5,23,1,17,13,9,7,11,15],[9,13,5,17,1,21,23,7,11,15],[17,13,1,5,9,21,23,7,11,15],[21,6,19,16,9,13,1,5,23,7,11,15],[1,9,5,21,7,17,13],[21,9,5,23,13,17,1,7,11,15],[1,5,21,23,13,9,17,7,11,15],[1,13,5,9,21,7,17],[1,5,9,17,13,21,7],[17,13,1,9,21,5,7],[5,1,21,7,13,17,9],[17,13,9,21,5,23,1,7,11,15],[5,21,23,1,9,17,13,7,11,15],[17,5,9,13,21,7,1],[1,9,5,13,21,7,17],[5,9,17,21,23,1,13,7,11,15],[9,5,17,1,21,23,13,7,11,15],[21,9,1,5,7,19,13],[13,5,17,21,23,9,1,7,11,15],[21,17,10,1,5,7,13],[1,9,13,5,21,23,17,7,11,15],[17,5,1,9,13,21,23,7,11,15],[1,17,9,13,5,21,7],[21,9,17,1,5,7,13],[13,9,1,21,17,5,23,7,11,15],[17,1,5,21,23,9,13,7,11,15],[5,17,21,23,9,13,1,7,11,15],[17,5,13,1,21,7,9],[21,9,1,17,5,7,14],[17,5,21,23,1,9,13,7,11,15],[13,21,17,9,1,5,7],[13,5,21,23,1,17,9,7,11,15],[1,17,21,11,13,5,7],[13,9,5,1,21,7,17],[13,17,1,5,21,7,9],[5,17,21,23,13,1,9,7,11,15],[9,1,21,17,5,23,13,7,11,15],[13,5,17,1,21,23,9,7,11,15],[9,17,5,1,21,23,13,7,11,15],[13,1,17,5,9,21,23,7,11,15],[13,1,5,21,7,17,9],[1,13,5,9,17,21,23,7,11,15],[13,21,1,5,23,9,17,7,11,15],[21,13,5,7,9,17,1],[9,5,17,21,7,1,13],[21,17,1,13,5,23,9,7,11,15],[9,17,1,13,21,5,7],[13,1,17,5,21,23,9,7,11,15],[5,17,9,13,1,21,23,7,11,15],[13,1,17,5,9,21,23,7,11,15],[1,17,21,7,13,9],[1,13,9,21,5,7,17],[21,17,13,9,5,23,1,7,11,15],[1,5,9,13,17,21,7],[1,9,17,5,21,7,13],[5,17,1,9,13,21,23,7,11,15],[21,9,17,13,5,7,1],[13,17,9,21,5,7,1],[9,17,13,21,5,7,1],[13,1,17,21,5,23,9,7,11,15],[1,13,5,9,17,21,23,7,11,15],[21,9,17,5,23,1,13,7,11,15],[5,9,1,21,7,13,17],[9,1,5,13,17,21,23,7,11,15],[1,21,13,9,8,17,5,23,7,11,15],[5,13,17,1,21,23,9,7,11,15],[9,1,13,21,5,7,17],[1,13,17,21,7,9],[13,5,21,23,9,17,1,7,11,15],[5,9,13,21,7,17,1],[9,5,17,1,13,21,23,7,11,15],[21,1,13,5,7,17,9],[5,17,13,9,1,21,23,7,11,15],[1,21,17,5,7,11,13],[21,5,23,9,17,13,1,7,11,15],[21,1,17,9,13,7],[17,5,21,7,1,13,9],[13,1,17,9,5,21,7],[17,9,21,1,13,5,23,7,11,15],[21,13,6,17,3,9,5,23,7,1,11,15],[21,9,1,5,23,17,13,7,11,15],[21,1,17,5,7,9,13],[5,21,23,9,17,1,13,7,11,15],[9,17,5,1,21,7,13],[9,1,13,17,21,5,7],[13,9,5,1,17,21,23,7,11,15],[13,5,1,9,21,7,17],[21,7,9,1,17,13],[5,21,7,13,17,1,9],[13,17,9,5,21,7,3],[13,5,9,17,21,23,1,7,11,15],[9,13,17,1,5,21,7],[5,17,21,7,13,3,9],[17,13,5,21,23,9,1,7,11,15],[17,13,5,9,21,23,1,7,11,15],[1,5,9,17,13,21,7],[17,5,1,21,23,9,13,7,11,15],[9,5,1,17,13,21,7],[17,5,1,13,9,21,7],[17,21,9,1,13,5,23,7,11,15],[17,5,13,1,21,7,9],[5,21,7,1,9,13,17],[17,13,21,9,5,7,1],[5,13,17,9,21,23,1,7,11,15],[9,21,13,17,5,23,1,7,11,15],[21,1,6,17,9,13,5,23,7,11,15],[13,5,9,17,1,21,23,7,11,15],[21,5,7,14,1,9,17],[17,21,5,7,4,13,1,11],[13,5,21,7,1,9,17],[17,21,3,9,5,7,13],[1,5,9,17,13,21,7],[9,17,21,5,7,1,13],[5,9,21,7,13,1,17],[5,17,9,1,21,7,13],[5,17,9,1,21,23,13,7,11,15],[13,9,1,17,5,21,7],[17,5,21,23,9,13,1,7,11,15],[17,21,13,9,1,5,7],[5,9,13,1,17,21,23,7,11,15],[1,21,17,8,16,9,15,13,23],[13,5,21,7,17,3,9],[9,13,5,17,1,21,23,7,11,15],[17,13,1,5,21,7,11],[9,5,17,13,21,23,1,7,11,15],[5,13,1,9,17,21,7],[5,13,9,21,7,3,18,17],[1,17,13,9,5,21,7],[1,9,5,21,7,13,17],[13,17,9,5,1,21,23,7,11,15],[13,1,5,17,9,21,23,7,11,15],[13,5,9,17,1,21,23,7,11,15],[21,1,9,17,13,5,23,7,11,15],[1,17,5,9,21,7,13],[13,17,21,9,1,5,23,7,11,15],[1,9,5,21,23,13,17,7,11,15],[17,1,21,9,5,23,13,7,11,15],[21,17,8,13,1,9,5,7],[9,13,1,21,5,23,17,7,11,15],[1,9,13,21,17,5,23,7,11,15],[1,5,21,7,9,13,17],[9,17,21,1,13,5,23,7,11,15],[21,17,13,1,9,6,5,23,7,11,15],[21,7,19,9,1,13]],"n_human":10}