{"problem_id":"zYXIqExESbxnTHN","sigma":150,"alpha":3.162,"cost":1,"probabilities":"[0.2, 0.22, 0.12, 0.46]","payoff_matrix":"[[53, 102, 362, 269, 14, -109], [368, 193, -97, -83, -88, 249], [-299, -162, 191, -85, -78, 141], [-6, -44, -205, -60, 49, 221]]","uncovered":[[16,24,20,4,8,12,18,22],[4,24,8,20,12,16,17,22],[16,8,20,12,24,4,22],[16,8,20,24,4,12,22],[24,4,8,12,20,16,18,21,2,22],[20,8,16,12,24,4,18,3],[20,12,8,24,4,16,18,1,22],[8,12,16,24,20,4,21,18,2,22],[16,20,12,8,4,24,18,21,2,22],[12,8,4,24,20,16,18,21,1,22],[12,24,8,4,16,20,22],[12,20,4,24,8,16,18,22],[12,16,4,20,8,24,18,22],[20,4,12,24,8,16,22],[16,20,8,12,24,4,22],[20,16,12,24,4,8,22],[12,20,4,8,16,24,22],[16,12,4,8,20,24,18,22],[20,12,16,24,4,8,22],[4,12,8,16,20,24,18,6,22],[20,24,8,4,12,16,18,23],[12,20,8,16,4,24,22],[24,20,12,8,16,4,22],[12,16,4,8,20,24,22],[16,20,8,24,4,12,18,22],[4,16,8,24,20,12,17,22],[20,24,12,4,8,16,18,3],[16,8,24,20,12,4,18,22],[8,20,16,24,12,4,18,22],[4,16,12,8,24,20,22],[20,24,16,12,8,4,18,23],[16,24,20,4,8,12,18,21,2,22],[20,12,24,4,16,8,22],[12,24,20,4,8,16,22],[20,12,4,16,8,24,18,22],[16,8,12,20,4,24,18,21,2,22],[24,12,8,20,16,4,18,21,2,22],[8,16,12,4,20,24,17,22],[16,20,8,4,24,12,22],[4,12,24,8,16,20,22],[20,4,16,12,24,8,18,1,22],[20,12,4,16,24,8,22],[8,20,24,4,16,12,22],[24,20,16,4,12,8,22],[20,24,16,12,8,4,21,18,2,22],[4,8,12,16,20,24,22],[8,4,12,16,24,20,22],[20,12,8,16,24,4,22],[4,8,20,24,16,12,22],[12,20,16,4,8,24,18,14,21,2,22],[8,4,16,24,20,12,18,21,2,22],[4,16,24,20,12,8,18,22],[12,16,20,24,4,8,18,23],[16,8,24,4,20,12,21,18,2,22],[12,16,20,4,24,8,18,22],[4,20,16,8,24,12,18,22],[12,20,4,16,24,8,18,22],[20,8,12,24,4,16,22],[20,12,24,4,16,8,22],[20,12,4,24,8,16,21,18,2,22],[4,8,20,12,16,24,22],[8,24,12,16,4,20,22],[24,16,8,12,4,20,18,23],[16,24,4,12,20,8,18,21,2,22],[20,24,8,12,4,16,18,22],[4,8,20,16,24,12,18,3],[12,4,24,16,8,20,18,1,22],[24,8,4,20,12,16,22],[20,16,12,8,4,24,18,21,2,22],[8,16,20,24,12,4,22],[20,8,16,24,4,12,22],[24,20,12,8,16,4,22],[8,12,20,24,16,4,17,22],[16,20,4,12,8,24,18,23],[24,8,16,20,4,12,18,21,2,22],[16,12,4,8,20,24,22],[12,24,4,20,8,16,18,21,2,22],[20,24,16,4,8,12,22],[8,12,4,16,24,20,18,6,22],[24,12,20,16,4,8,22],[16,24,20,4,12,8,22],[8,4,16,12,24,20,18,22],[24,20,8,16,4,12,22],[8,24,4,20,12,16,18,2,22],[8,12,4,16,20,24,18,3],[8,4,12,16,20,24,18,22],[16,8,4,20,12,24,22],[24,16,20,4,8,12,18,22],[16,12,8,20,4,24,22],[12,8,24,4,16,20,22],[8,16,12,20,4,24,22],[12,8,4,20,24,16,22],[12,16,8,20,4,24,18,14,23],[16,12,20,4,24,8,22],[16,12,24,20,4,8,17,22],[4,16,20,8,24,12,18,22],[16,20,4,8,24,12,18,22],[16,20,24,4,8,12,22],[8,16,12,24,4,20,22],[20,4,12,8,16,24,18,22],[16,12,8,20,4,24,18,21,1,2,22],[4,8,24,12,16,20,18,21,2,22],[24,12,20,4,8,16,22],[12,20,4,8,16,24,18,22],[4,24,16,20,8,12,22],[4,12,16,20,8,24,18,3],[8,16,12,24,4,20,18,22],[8,16,12,4,20,24,18,22],[12,16,8,24,20,4,22],[20,4,24,16,12,8,22],[16,8,24,12,4,20,18,22],[16,12,8,20,24,4,22],[4,16,8,20,24,12,21,18,2,22],[4,8,20,16,24,12,18,23],[12,16,4,8,24,20,22],[24,4,20,12,8,16,17,22],[20,4,24,12,8,16,18,22],[4,20,12,16,8,24,18,23],[20,12,8,16,4,24,18,22],[8,16,4,12,24,20,18,1,23],[8,24,4,20,16,12,22],[12,4,8,20,16,24,22],[16,20,12,4,8,24,22],[4,12,16,20,24,8,18,2,22],[24,20,8,16,12,4,17,22],[8,24,20,12,4,16,18,22],[24,20,8,16,4,12,18,1,23],[8,12,20,4,24,16,22],[8,12,16,4,20,24,18,21,2,22],[16,12,8,24,4,20,18,2,22],[16,4,12,8,20,24,22],[20,12,24,8,16,4,18,21,2,22],[8,16,24,20,12,4,18,21,2,22],[8,16,12,24,20,4,22],[4,12,20,24,16,8,22],[24,4,8,12,16,20,18,22],[4,12,8,20,24,16,18,1,21,22],[8,12,16,20,4,24,22],[16,20,12,8,24,4,22],[8,12,24,4,16,20,18,22],[16,8,20,12,24,4,18,23],[12,8,16,4,24,20,22],[24,4,16,8,20,12,18,1,22],[16,20,4,12,24,8,18,21,2,22],[24,4,20,16,12,8,22],[20,12,24,16,4,8,22],[4,8,12,16,20,24,22],[16,12,8,24,20,4,22],[16,12,20,4,24,8,18,22],[20,16,12,4,24,8,22],[8,20,4,24,16,12,22],[24,16,8,4,12,20,22],[24,20,4,16,12,8,22],[8,24,12,20,4,16,18,1,23],[8,24,4,20,16,12,22],[4,24,8,12,16,20,18,22],[20,12,24,16,4,8,18,22],[20,12,8,16,4,24,22],[16,20,4,12,8,24,22],[8,12,16,20,24,4,18,22],[24,8,20,4,16,12,22],[24,12,8,4,20,16,17,22],[4,8,20,24,16,12,22],[12,8,24,20,4,16,22],[8,16,24,4,20,12,22],[4,12,20,24,8,16,18,23],[20,8,4,12,24,16,22],[24,8,20,4,16,12,22],[16,24,20,8,12,4,22],[12,16,20,24,4,8,22],[20,24,4,8,12,16,22],[24,16,12,20,4,8,18,21,2,22],[4,20,8,16,24,12,18,2,22],[12,20,8,4,16,24,18,21,2,22],[8,24,20,16,12,4,22],[20,16,12,8,4,24,18,22],[16,4,24,12,20,8,22],[4,12,24,16,8,20,18,21,2,22],[16,8,24,4,12,20,22],[20,24,16,8,12,4,21,18,2,22],[12,8,16,24,4,20,18,21,2,22],[16,24,20,4,12,8,18,1,23],[12,8,16,20,4,24,18,22],[12,24,4,20,16,8,22],[8,12,24,20,4,16,18,22],[24,4,12,16,8,20,22],[24,4,20,12,8,16,18,22],[12,20,8,24,16,4,21,18,2,22],[24,12,4,8,20,16,18,23],[20,4,12,16,24,8,22],[24,20,4,12,16,8,22],[24,16,20,12,8,4,22],[8,24,20,16,4,12,18,23],[16,8,20,4,12,24,18,23],[4,16,8,12,24,20,18,23],[8,16,12,24,20,4,22],[4,12,8,24,20,16,22],[4,20,8,12,24,16,22],[20,12,8,4,16,24,22],[16,4,24,12,8,20,18,23],[4,24,20,8,16,12,22],[16,4,12,8,24,20,18,23],[16,12,24,20,4,8,22],[8,12,20,16,4,24,18,21,1,2,22],[16,4,24,8,12,20,18,21,2,22],[8,12,4,20,24,16,17,22],[8,4,12,24,20,16,22],[4,12,24,16,20,8,22],[20,16,24,8,12,4,18,21,2,22],[20,8,12,24,16,4,22],[20,16,24,4,8,12,22],[12,8,4,16,20,24,22],[12,8,4,20,24,16,22],[20,8,24,4,16,12,18,21,2,22],[4,8,24,16,20,12,22],[4,24,16,20,8,12,22],[16,12,20,4,8,24,18,21,3,22],[16,12,4,8,20,24,22],[16,12,8,20,24,4,22],[4,20,24,8,12,16,22],[16,4,20,8,12,24,22],[12,8,4,20,24,16,18,21,1,22],[4,12,24,20,8,16,18,22],[4,20,16,12,8,24,18,22],[20,4,16,12,24,8,22],[24,4,12,8,20,16,22],[12,16,24,8,4,20,22],[20,16,4,24,12,8,22],[12,4,16,8,20,24,22],[24,8,4,16,20,12,18,15,22],[24,8,4,20,16,12,21,18,2,22],[24,16,8,12,20,4,18,22],[4,12,20,24,8,16,19,18,2,22],[16,24,4,12,8,20,22],[8,4,20,24,12,16,21,18,22],[24,8,20,12,4,16,22],[24,4,16,12,20,8,22],[4,16,24,12,8,20,22],[8,16,4,12,24,20,22],[24,16,4,12,20,8,18,22],[12,16,8,24,20,4,18,21,2,22],[12,20,16,24,8,4,22],[24,12,20,4,8,16,23,18],[20,12,8,4,24,16,22],[20,24,4,8,16,12,18,23],[12,4,24,16,20,8,22],[4,20,16,24,8,12,18,23],[16,24,8,4,20,12,22],[24,4,16,20,8,12,18,23],[20,4,8,16,24,12,18,21,2,22],[12,4,8,16,20,24,18,23],[12,4,20,8,24,16,18,21,2,22],[20,16,4,8,12,24,22],[12,24,20,4,8,16,18,1,22],[12,16,24,4,20,8,18,17,23],[8,12,24,20,16,4,18,22],[24,16,4,8,20,12,22],[16,12,20,24,8,4,18,21,2,22],[16,20,4,24,12,8,22],[8,24,16,12,4,20,22],[12,8,24,20,4,16,18,22],[8,16,20,4,24,12,22],[20,8,24,16,4,12,22],[24,12,20,4,16,8,22],[16,12,20,8,4,24,18,23],[8,24,20,4,16,12,18,1,22],[16,24,4,8,12,20,22],[4,20,16,12,24,8,22],[24,12,8,16,20,4,22],[20,16,8,4,24,12,21,18,2,22],[24,8,16,20,4,12,22],[8,20,4,16,12,24,18,22],[12,4,20,16,8,24,18,2,22],[24,12,4,16,20,8,18,22],[4,24,16,20,12,8,22],[16,4,8,12,24,20,22],[4,24,12,8,20,16,18,22],[24,12,8,4,16,20,22],[4,12,24,8,16,20,18,21,2,22],[16,20,4,24,12,8,18,1,22],[8,24,4,16,12,20,22],[24,16,4,8,12,20,18,1,22],[20,12,16,8,24,4,22],[16,20,24,12,4,8,18,1,22],[8,20,16,24,12,4,22],[16,24,12,8,4,20,22],[24,12,20,4,16,8,22],[16,4,24,12,20,8,18,22],[8,16,20,4,12,24,22],[24,8,4,16,12,20,22],[16,20,4,24,8,12,17,22],[8,4,20,12,16,24,18,21,2,22],[8,4,16,24,12,20,18,23],[4,16,8,24,20,12,22],[20,12,4,24,8,16,22],[8,4,12,16,20,24,22],[16,8,24,12,20,4,22],[20,8,24,12,4,16,22],[8,12,20,24,4,16,18,23],[24,16,8,4,20,12,22],[12,20,8,24,4,16,18,23],[24,20,12,4,8,16,18,22],[12,8,16,20,24,4,21,18,2,22],[12,24,4,20,16,8,21,18,1,2,22],[8,12,4,24,20,16,18,21,2,22],[16,8,12,20,4,24,22],[4,24,16,20,8,12,22],[12,8,20,24,16,4,22],[16,8,20,12,24,4,18,22],[12,8,24,20,4,16,18,22],[12,8,4,24,20,16,18,21,2,22],[12,20,16,24,8,4,22],[20,4,12,24,16,8,18,1,21,22],[24,8,20,16,12,4,22],[24,8,20,12,16,4,21,18,2,22],[20,4,16,24,12,8,22],[16,4,12,20,8,24,18,21,2,22],[24,20,4,12,16,8,18,23],[4,12,8,20,16,24,18,22],[4,20,8,12,24,16,22],[24,12,20,4,8,16,18,1,22],[4,16,24,8,20,12,18,22],[4,24,12,16,20,8,22],[20,12,4,24,8,16,22],[4,12,24,8,20,16,18,2,22],[24,16,20,12,8,4,22],[12,16,4,24,20,8,18,23],[12,20,24,16,8,4,22],[20,16,24,8,12,4,18,23],[4,8,24,20,16,12,18,23],[8,4,24,12,16,20,17,22],[16,20,8,4,12,24,18,22],[4,8,16,24,20,12,22],[16,24,8,20,4,12,22],[12,20,24,8,4,16,22],[16,12,8,20,4,24,18,22],[16,24,12,4,8,20,17,21,22],[4,20,8,16,24,12,18,21,2,22],[24,4,16,8,12,20,22],[16,8,24,12,20,4,21,18,2,22],[8,4,12,16,24,20,22],[24,8,4,12,20,16,22],[8,24,16,12,20,4,22],[24,12,20,4,16,8,18,21,2,22],[24,4,16,12,20,8,18,21,2,22],[4,16,8,20,24,12,22],[24,4,20,12,16,8,18,22],[20,8,12,4,16,24,21,18,2,22],[12,16,8,24,4,20,22],[16,20,8,24,4,12,22],[16,8,12,24,4,20,18,21,3,22],[4,8,20,12,24,16,22],[24,20,8,4,16,12,18,23],[16,8,4,24,20,12,22],[12,4,16,20,24,8,23,17],[8,12,16,4,20,24,18,23],[16,4,24,12,20,8,22],[24,20,16,8,12,4,18,23],[8,24,12,16,4,20,22],[16,8,20,24,4,12,18,21,2,22],[20,12,4,24,16,8,21,18,2,22],[16,24,4,20,8,12,18,22],[16,20,12,4,24,8,22],[8,24,16,12,4,20,22],[16,4,8,12,20,24,22],[20,16,24,12,4,8,22],[12,20,8,16,4,24,22],[24,12,16,8,20,4,18,21,1,2,22],[16,12,4,8,20,24,18,3],[16,8,4,12,24,20,22],[24,8,4,20,12,16,22],[16,12,8,4,20,24,18,21,2,22],[12,24,4,8,20,16,18,22],[16,12,4,20,24,8,22],[20,24,4,12,8,16,18,22],[12,24,4,8,20,16,18,22],[24,4,12,8,20,16,18,22],[16,8,12,24,4,20,22],[20,8,24,12,16,4,22],[16,8,20,24,12,4,22],[8,4,16,12,20,24,22],[8,4,20,16,24,12,22],[24,8,16,20,12,4,21,18,2,22],[16,24,12,20,4,8,22],[16,4,20,24,8,12,18,3],[16,4,12,24,20,8,18,23],[24,8,4,20,16,12,22],[4,8,16,24,20,12,18,22],[8,20,4,16,12,24,22],[16,8,24,20,12,4,21,18,2,22],[4,12,16,8,24,20,18,22],[12,16,4,24,8,20,18,1,22],[20,12,24,8,16,4,18,23],[16,4,12,24,20,8,22],[8,24,4,20,12,16,18,22],[20,8,16,12,4,24,18,3],[24,8,20,12,16,4,22],[16,4,24,12,8,20,18,22],[16,12,8,20,24,4,17,22],[8,4,24,16,20,12,18,23],[4,24,20,16,8,12,18,23],[20,16,4,12,8,24,18,22],[12,20,8,4,16,24,22],[12,24,8,16,20,4,22],[4,16,24,20,12,8,18,21,2,22],[8,16,4,20,24,12,18,21,2,22],[16,24,4,20,8,12,22],[8,20,16,12,4,24,18,22],[20,4,16,24,12,8,18,21,2,22],[24,16,20,12,8,4,18,23],[20,4,24,16,12,8,18,3],[12,24,4,20,8,16,18,23],[24,20,16,8,4,12,22],[20,4,8,24,16,12,18,22],[16,20,24,4,12,8,18,22],[8,24,20,16,12,4,22],[16,12,20,8,4,24,18,23],[12,20,8,16,4,24,18,22],[12,16,8,24,4,20,18,22],[20,8,24,16,12,4,22],[20,16,4,12,8,24,18,22],[16,12,4,20,8,24,22],[16,24,4,8,12,20,18,21,2,22],[4,12,8,20,16,24,18,22],[8,24,20,4,12,16,22],[8,24,4,16,12,20,18,1,22],[8,4,20,12,16,24,18,21,2,22],[20,12,8,4,24,16,22],[8,24,12,16,20,4,18,6,22],[12,24,4,16,20,8,19,21,18,2,22],[20,8,24,4,12,16,18,21,2,22],[24,20,4,12,16,8,21,18,2,22],[20,4,8,24,12,16,18,23],[8,16,12,20,4,24,22],[20,4,12,24,16,8,18,22],[24,8,4,12,20,16,22],[4,24,12,20,16,8,18,22],[16,12,4,8,24,20,18,22],[16,20,12,8,4,24,18,22],[24,20,8,12,16,4,22],[8,12,20,4,16,24,22],[24,8,20,12,4,16,22],[8,4,24,20,12,16,18,22],[20,12,4,16,8,24,18,23],[16,24,12,20,8,4,22],[12,4,8,16,20,24,19,22],[16,24,20,12,4,8,18,22],[12,24,4,16,8,20,18,21,1,2,22],[8,4,20,16,24,12,21,18,2,22],[16,12,24,20,4,8,22],[20,12,24,4,8,16,18,22],[12,16,8,20,4,24,22],[4,12,24,8,20,16,22],[12,16,4,8,20,24,22],[16,20,4,8,12,24,18,2,22],[16,8,20,4,24,12,22],[4,24,16,8,20,12,22],[20,8,16,12,4,24,18,23],[12,8,4,24,20,16,22],[24,12,8,16,4,20,18,21,2,22],[16,8,4,20,12,24,18,21,1,2,22],[20,12,24,8,4,16,22],[4,24,8,16,12,20,18,3],[4,16,8,24,20,12,18,22],[12,16,4,8,20,24,22],[4,16,20,12,24,8,18,1,22],[8,4,16,24,20,12,22],[16,20,12,4,8,24,19,23],[24,4,16,8,20,12,18,22],[24,4,12,8,16,20,18,23],[4,24,12,16,8,20,18,23],[4,12,20,16,8,24,21,18,2,22],[12,24,4,16,8,20,21,18,2,22],[12,4,16,8,24,20,22],[20,24,4,16,8,12,18,23],[4,16,20,12,8,24,22],[12,24,20,8,4,16,22],[16,4,12,8,20,24,18,23],[4,12,16,24,20,8,22],[12,8,20,16,4,24,22],[8,16,20,4,12,24,22],[8,24,20,12,16,4,18,1,22],[24,4,20,16,12,8,18,1,23],[8,4,20,24,12,16,18,23],[8,24,4,20,16,12,22],[12,4,20,8,16,24,18,22],[20,8,4,24,12,16,18,1,23],[20,16,8,4,24,12,22],[16,4,12,24,20,8,22],[20,8,24,12,4,16,22],[16,4,24,12,8,20,18,2,22],[16,8,12,24,20,4,22],[8,16,20,24,12,4,18,23],[8,4,16,12,20,24,22],[4,24,8,20,12,16,18,23],[20,16,12,24,4,8,18,23],[4,16,24,12,8,20,18,21,1,22],[12,24,16,4,20,8,18,22],[4,8,12,16,20,24,18,2,22],[24,4,16,20,12,8,22],[12,16,8,4,24,20,22],[24,8,12,4,16,20,18,23],[4,12,8,16,24,20,22],[4,16,20,12,8,24,22],[8,16,20,4,24,12,18,21,2,22],[16,4,24,20,8,12,22],[16,20,4,24,12,8,22],[20,4,24,16,12,8,18,3],[8,12,4,24,20,16,22],[24,4,8,16,12,20,22],[20,4,24,8,12,16,18,22],[24,16,4,12,8,20,22],[4,20,24,16,8,12,22],[12,16,20,8,4,24,22],[8,12,20,24,16,4,22],[24,12,8,16,4,20,17,22],[16,4,8,20,24,12,18,21,2,22],[20,24,12,8,4,16,22],[12,20,16,24,4,8,22],[24,16,12,8,20,4,22],[16,20,12,8,24,4,18,22],[12,24,16,20,8,4,22],[12,20,4,24,16,8,22],[16,24,12,20,8,4,22],[4,16,12,20,24,8,18,21,2,22],[24,4,20,12,8,16,22],[16,20,8,24,4,12,18,22],[24,4,16,8,20,12,22],[20,4,16,24,8,12,22],[16,24,8,20,4,12,22],[20,12,16,24,4,8,22],[24,16,8,4,20,12,18,23],[16,12,4,20,24,8,22],[20,12,8,16,24,4,22],[8,20,4,24,16,12,18,23],[20,4,8,12,24,16,22],[20,16,12,24,4,8,18,22],[12,16,20,4,24,8,21,18,2,22],[24,20,4,8,16,12,22],[16,20,24,4,8,12,22],[20,4,16,12,24,8,22],[16,4,24,12,20,8,18,22],[24,4,8,12,20,16,17,22],[24,20,16,12,4,8,22],[24,8,20,4,12,16,22],[4,8,20,24,12,16,18,21,2,22],[12,20,4,16,8,24,18,23],[8,24,12,16,20,4,22],[24,16,8,20,4,12,22],[8,16,24,20,12,4,18,23],[12,16,20,8,24,4,18,1,22],[16,4,8,24,20,12,18,21,2,22],[20,12,24,8,16,4,18,3],[8,16,24,4,20,12,18,3],[20,4,16,8,24,12,22],[24,8,12,4,16,20,18,23],[16,24,4,12,20,8,18,2,22],[24,20,16,8,4,12,22],[24,4,16,20,8,12,22],[12,24,20,4,16,8,22],[20,16,24,12,8,4,22],[20,4,8,12,24,16,21,18,2,22],[4,24,12,20,16,8,22],[12,16,8,4,20,24,22],[8,24,16,20,4,12,18,3],[16,24,4,20,12,8,18,23],[4,16,8,20,12,24,18,22],[24,12,4,16,20,8,22],[12,8,24,16,4,20,22],[20,16,8,24,12,4,22],[4,20,16,12,24,8,21,18,2,22],[8,20,12,24,4,16,21,18,2,22],[8,24,4,16,20,12,22],[12,20,24,16,4,8,18,22],[8,12,24,16,20,4,22],[12,24,16,20,8,4,18,22],[4,24,20,12,8,16,18,23],[20,12,8,16,4,24,22],[24,12,4,8,20,16,22],[20,16,4,24,8,12,21,18,2,22],[24,16,4,12,20,8,18,22],[16,20,8,4,12,24,18,21,2,22],[20,4,8,12,24,16,18,21,1,2,22],[20,4,24,12,8,16,22],[20,12,8,24,4,16,18,23],[16,4,24,20,12,8,18,21,2,22],[16,12,4,20,24,8,18,3],[8,16,4,24,12,20,18,2,22],[4,16,24,12,8,20,22],[16,24,8,4,12,20,22],[16,4,12,24,20,8,22],[20,8,4,24,16,12,18,2,22],[4,12,24,20,8,16,17,22],[24,20,12,4,16,8,22],[20,16,12,4,8,24,17,22],[20,24,12,16,4,8,22],[24,16,8,12,20,4,22],[4,12,8,24,20,16,18,23],[4,20,12,16,8,24,21,18,2,22],[16,20,8,24,12,4,18,22],[8,4,12,20,16,24,18,22],[4,24,16,8,20,12,18,21,1,22],[16,8,4,20,24,12,22],[4,12,24,20,8,16,22],[4,12,8,24,16,20,18,2,22],[12,24,20,16,8,4,17,22],[4,16,12,24,8,20,18,21,1,22],[20,8,4,24,16,12,18,22],[4,24,20,16,12,8,22],[24,12,4,16,20,8,22],[4,24,12,20,8,16,18,2,22],[4,20,12,16,8,24,18,23],[4,16,20,8,24,12,21,18,2,22],[20,4,24,16,12,8,22],[20,4,24,12,16,8,18,23],[20,4,16,24,8,12,22],[16,24,12,8,20,4,22],[20,4,12,24,8,16,22],[24,16,12,4,8,20,22],[4,20,24,12,16,8,22],[12,24,20,16,8,4,22],[16,24,20,4,8,12,18,22],[4,8,16,20,12,24,21,18,2,22],[4,8,16,24,12,20,17,22],[20,12,8,4,16,24,22],[24,12,4,8,16,20,18,21,2,22],[8,16,24,12,4,20,18,22],[8,4,12,24,20,16,22],[24,12,8,4,16,20,18,23],[4,12,8,20,16,24,18,22],[24,12,8,16,20,4,18,21,2,22],[4,16,20,12,24,8,18,22],[8,24,4,20,16,12,18,23],[8,20,4,12,16,24,18,23],[24,12,4,16,20,8,22],[24,20,4,12,8,16,18,22],[12,24,8,16,4,20,18,22],[12,16,24,20,8,4,22],[4,20,12,8,16,24,18,3],[12,4,24,20,16,8,18,22],[4,20,8,24,12,16,22],[8,4,24,20,16,12,22],[20,12,4,24,16,8,18,22],[16,4,12,8,20,24,22],[24,20,16,8,12,4,22],[4,8,24,16,12,20,21,18,2,22],[12,4,24,8,16,20,22],[24,16,20,12,8,4,22],[24,16,12,20,8,4,18,21,2,22],[12,4,16,24,20,8,18,21,2,22],[20,16,8,4,12,24,22],[24,8,20,4,12,16,22],[8,4,16,12,24,20,22],[8,16,4,20,24,12,22],[8,24,16,20,4,12,22],[16,12,8,4,20,24,18,22],[16,4,24,20,12,8,22],[16,24,8,4,12,20,18,22],[8,16,12,20,4,24,22],[24,16,12,8,4,20,22],[16,12,20,8,24,4,18,3],[16,24,12,20,8,4,22],[20,24,12,8,4,16,18,23],[20,8,16,12,4,24,22],[8,20,16,4,24,12,22],[8,20,16,24,12,4,18,21,2,22],[8,12,16,4,24,20,18,22],[8,16,20,12,4,24,18,22],[16,12,20,4,8,24,18,23],[24,20,4,12,16,8,18,23],[16,4,12,20,8,24,18,21,2,22],[16,8,20,12,4,24,18,23],[20,16,24,8,12,4,18,2,22],[8,20,24,16,12,4,22],[24,8,20,12,16,4,22],[8,16,12,20,4,24,22],[12,20,16,4,24,8,17,22],[4,16,8,20,12,24,22],[4,12,24,16,8,20,18,22],[12,16,4,24,20,8,22],[24,20,4,16,12,8,22],[8,20,16,4,12,24,18,21,2,22],[12,16,4,20,24,8,18,22],[4,20,24,8,16,12,22],[16,8,4,24,12,20,22],[24,16,20,12,8,4,18,1,22],[12,20,8,4,16,24,18,21,2,22],[20,16,12,8,4,24,18,23],[12,8,16,20,4,24,18,23],[4,16,24,8,20,12,22],[16,4,12,24,20,8,22],[12,16,8,20,24,4,18,21,1,22],[20,8,12,4,24,16,22],[24,8,20,16,12,4,22],[20,8,4,16,24,12,22],[16,24,20,12,8,4,18,23],[16,8,20,24,12,4,22],[8,12,20,16,4,24,18,21,2,22],[20,12,24,4,8,16,18,22],[12,4,8,20,16,24,18,22],[12,4,8,24,16,20,18,21,1,22],[4,16,12,24,8,20,18,22],[16,4,12,8,20,24,17,22],[8,12,20,16,24,4,22],[12,20,16,8,4,24,18,2,22],[24,8,12,4,20,16,17,22],[4,24,20,8,16,12,22],[8,4,16,12,24,20,21,18,2,22],[20,16,24,8,4,12,18,22],[20,4,24,8,12,16,22],[24,20,8,16,4,12,22],[16,8,24,4,12,20,22],[4,12,16,24,20,8,18,22],[12,4,16,8,20,24,18,22],[8,16,12,4,20,24,22],[8,24,4,12,16,20,22],[4,20,24,8,12,16,18,22],[4,20,16,24,12,8,17,22],[16,24,20,8,12,4,22],[12,20,16,4,8,24,22],[12,16,24,20,8,4,18,2,22],[4,12,16,24,8,20,18,23],[16,12,24,8,4,20,18,22],[20,8,16,24,12,4,22],[8,4,12,24,16,20,22],[12,16,20,8,24,4,22],[16,4,20,24,12,8,18,22],[12,20,8,4,16,24,18,22],[8,12,24,16,20,4,18,3],[4,16,12,8,20,24,18,23],[8,4,12,16,24,20,22],[20,12,24,16,4,8,18,21,2,22],[20,4,24,16,12,8,18,22],[24,16,20,4,8,12,22],[16,8,4,12,20,24,18,21,2,22],[16,20,12,24,4,8,22],[12,24,20,4,8,16,22],[12,16,4,24,8,20,18,22],[24,12,16,4,8,20,22],[24,16,20,8,12,4,22],[24,12,8,20,4,16,18,21,2,22],[12,20,24,4,8,16,18,22],[8,12,20,16,4,24,18,22],[12,16,8,4,24,20,18,21,22],[20,8,4,16,24,12,22],[24,4,16,8,12,20,22],[8,24,12,20,16,4,22],[16,8,4,24,20,12,22],[4,12,24,20,8,16,22],[12,24,4,8,20,16,22],[8,4,24,12,20,16,18,23],[8,4,20,24,12,16,18,23],[4,24,8,20,16,12,22],[20,4,12,24,8,16,18,2,22],[20,24,16,12,8,4,22],[24,16,20,8,4,12,18,23],[4,8,24,16,12,20,22],[20,8,16,12,4,24,22],[4,24,12,20,8,16,18,2,22],[24,12,20,16,4,8,22],[16,4,12,24,20,8,22],[4,12,20,8,16,24,22],[8,16,24,20,4,12,21,18,2,22],[16,20,12,24,4,8,22],[20,4,8,12,24,16,18,3],[12,8,20,24,16,4,22],[16,24,12,20,4,8,18,21,2,22],[20,8,16,12,4,24,22],[8,12,20,24,16,4,18,3],[8,24,20,12,16,4,22],[16,20,4,24,8,12,18,1,23],[20,16,12,8,24,4,22],[16,8,12,24,4,20,22],[20,4,8,16,12,24,22],[12,16,8,24,20,4,22],[12,16,8,4,20,24,22],[16,4,20,12,24,8,22],[12,4,24,16,20,8,22],[4,8,12,24,16,20,22],[20,24,4,16,12,8,22],[4,16,24,12,20,8,18,3],[24,20,12,8,4,16,18,13,22],[24,12,20,16,8,4,21,18,2,22],[12,4,24,20,8,16,18,22],[24,20,4,8,16,12,22],[8,20,12,16,24,4,18,22],[24,8,20,12,4,16,18,3],[4,24,8,16,12,20,18,21,2,22],[8,12,4,24,16,20,22],[8,12,20,4,16,24,21,18,2,22],[20,12,24,8,4,16,22],[20,4,8,24,12,16,18,21,2,22],[8,4,20,16,12,24,22],[4,8,20,12,24,16,22],[20,4,16,24,8,12,18,7,22],[4,8,16,20,12,24,22],[4,8,20,16,12,24,18,23],[8,20,16,4,12,24,18,23],[20,24,16,8,12,4,18,21,2,22],[20,24,12,4,16,8,18,22],[12,8,20,16,4,24,22],[12,20,4,16,24,8,22],[8,20,24,4,16,12,18,1,22],[12,16,4,8,24,20,18,22],[16,12,20,8,4,24,22],[4,8,12,24,20,16,18,2,22],[20,8,16,4,12,24,22],[4,16,24,20,12,8,22],[20,24,12,8,16,4,17,22],[24,16,12,8,4,20,18,22],[4,20,8,12,16,24,22],[8,4,24,20,12,16,22],[12,4,24,16,20,8,22],[24,8,4,16,12,20,22],[20,12,4,8,16,24,18,23],[20,16,8,4,24,12,22],[4,12,20,8,24,16,22],[12,16,24,8,20,4,22],[8,4,12,16,20,24,18,23],[16,4,8,20,24,12,18,22],[24,16,4,8,12,20,21,18,2,22],[16,24,12,20,4,8,22],[4,12,24,16,20,8,18,22],[24,4,16,12,8,20,22],[16,12,8,24,4,20,22],[4,12,24,16,8,20,18,1,22],[24,16,8,12,4,20,22],[12,16,20,24,4,8,22],[16,4,20,8,24,12,22],[16,20,4,24,12,8,22],[4,24,16,12,8,20,18,22],[8,24,12,4,16,20,23,19],[12,20,8,4,24,16,18,22],[12,24,16,8,20,4,18,22],[16,4,24,8,12,20,22],[4,24,20,12,8,16,22],[12,16,4,24,8,20,18,2,22],[16,8,12,24,20,4,18,23],[16,12,8,20,24,4,22],[16,12,8,24,20,4,19,22],[12,20,8,24,16,4,17,22],[20,24,4,16,8,12,17,22],[12,4,20,8,16,24,18,21,2,22],[4,12,16,20,8,24,18,23],[20,12,8,24,4,16,18,3],[4,24,20,8,16,12,18,22],[24,8,16,20,12,4,22],[4,24,12,8,20,16,22],[8,12,20,4,24,16,18,2,22],[24,20,12,8,4,16,18,23],[12,4,24,16,20,8,22],[16,12,8,4,24,20,18,22],[16,20,24,8,4,12,22],[16,24,12,20,4,8,22],[12,8,24,4,16,20,22],[4,12,8,20,16,24,18,3],[16,4,8,24,20,12,18,22],[20,16,8,4,12,24,22],[8,16,20,24,12,4,22],[24,20,4,12,16,8,18,23],[4,24,8,12,16,20,22],[4,8,20,16,24,12,22],[16,4,20,24,12,8,18,21,1,2,22],[8,24,16,12,20,4,18,21,3,22],[20,16,24,4,8,12,22],[4,16,8,12,24,20,18,22],[16,4,20,12,8,24,18,22],[20,24,4,16,8,12,18,23],[4,16,8,24,20,12,22],[4,20,16,24,12,8,18,22],[12,8,16,20,24,4,18,22],[20,24,16,8,4,12,18,22],[12,8,4,24,16,20,18,23],[12,8,16,20,4,24,17,22],[20,8,24,4,12,16,22],[12,8,4,20,16,24,22],[8,24,20,16,4,12,18,22],[4,8,20,16,12,24,18,22],[8,20,16,4,24,12,18,21,2,22],[20,8,24,16,4,12,21,18,2,22],[12,20,24,4,16,8,22],[4,12,24,16,20,8,18,22],[8,12,16,4,20,24,21,18,2,22],[24,4,16,12,20,8,18,2,22],[24,20,16,4,8,12,18,22],[4,8,12,20,16,24,21,18,2,22],[12,20,4,8,16,24,18,22],[4,12,8,16,24,20,22],[4,16,24,20,12,8,21,18,2,22],[8,24,4,16,12,20,22],[20,16,12,4,24,8,22],[20,4,8,16,24,12,18,21,1,2,22],[24,4,12,8,20,16,18,3],[12,20,16,4,24,8,18,22],[8,12,4,24,16,20,18,3],[16,24,12,4,20,8,17,22],[24,12,20,16,4,8,22],[20,16,8,4,12,24,21,18,2,22],[16,20,24,12,4,8,18,22],[20,4,12,8,24,16,18,21,2,22],[16,12,20,24,8,4,22],[12,4,8,20,16,24,18,23],[20,4,8,16,12,24,22],[12,24,8,16,4,20,22],[24,16,20,12,4,8,18,22],[20,8,4,16,24,12,18,22],[24,12,20,16,4,8,22],[4,8,12,20,16,24,18,22],[12,24,16,8,4,20,18,1,23],[16,12,24,4,20,8,18,23],[16,8,12,4,20,24,18,21,2,22],[16,8,20,24,12,4,17,22],[16,4,8,12,24,20,22],[20,8,4,24,12,16,18,21,2,22],[24,12,8,4,16,20,22],[12,8,16,24,20,4,18,22],[20,16,24,8,12,4,18,21,2,22],[20,24,8,4,12,16,22],[12,8,24,16,20,4,18,22],[16,20,4,24,12,8,22],[4,24,20,16,8,12,18,21,2,22],[16,24,8,20,12,4,22],[4,16,8,20,24,12,22],[4,16,24,20,8,12,18,2,22],[20,12,4,8,16,24,17,22],[16,12,4,20,24,8,22],[16,4,20,24,12,8,18,22],[24,16,20,4,12,8,22],[20,12,8,4,16,24,18,21,1,22],[16,20,4,24,12,8,18,21,2,22],[12,8,20,24,4,16,18,22],[16,12,4,24,8,20,18,22],[4,12,8,16,20,24,22],[8,4,12,16,24,20,18,22],[12,20,4,24,16,8,22],[12,20,24,16,8,4,18,22],[12,4,24,20,16,8,18,21,2,22],[16,24,4,20,12,8,22],[12,24,16,8,20,4,22],[24,4,8,12,20,16,22],[16,4,8,20,12,24,22],[20,16,12,8,24,4,21,18,2,22],[8,4,12,24,20,16,22],[24,4,8,20,12,16,18,23],[24,16,12,20,4,8,18,23],[8,20,12,4,24,16,18,22],[12,4,16,8,24,20,18,23],[4,20,24,12,8,16,22],[8,4,24,12,20,16,18,1,22],[16,4,20,8,24,12,22],[24,8,20,4,16,12,18,21,2,22],[8,16,20,24,12,4,18,21,2,22],[4,24,12,8,16,20,22],[20,4,16,8,12,24,22],[8,24,16,20,4,12,18,22],[4,20,8,12,16,24,18,22],[24,12,16,20,4,8,18,22],[4,8,16,24,20,12,22],[8,16,4,24,20,12,22],[8,16,4,20,12,24,22],[24,4,16,8,20,12,18,22],[8,16,24,20,12,4,22],[20,24,12,4,16,8,22],[12,8,16,4,20,24,22],[8,20,12,16,24,4,22],[16,12,20,8,24,4,18,21,2,22],[20,8,24,16,12,4,18,22],[16,20,8,24,12,4,22],[20,12,16,4,24,8,22],[4,20,8,24,16,12,17,22],[12,16,8,4,24,20,18,22],[16,12,8,20,24,4,18,22],[4,8,16,20,12,24,18,22],[4,12,8,24,16,20,22],[16,8,12,4,24,20,22],[24,12,16,4,20,8,18,22],[12,8,16,24,20,4,18,22],[8,12,4,24,16,20,18,23],[12,24,8,20,16,4,22],[20,24,12,4,8,16,18,22],[12,20,24,8,4,16,18,22],[4,16,8,20,12,24,18,21,2,22],[4,12,8,16,24,20,22],[12,24,20,8,16,4,22],[16,8,4,20,24,12,22],[8,12,4,16,20,24,22],[8,24,4,16,12,20,22],[8,16,24,20,12,4,18,23],[4,24,12,8,20,16,22],[20,4,16,12,8,24,18,21,2,22],[20,4,24,12,8,16,22],[20,24,4,12,16,8,18,23],[4,12,16,8,24,20,18,21,1,22],[12,8,20,4,16,24,22],[12,24,8,4,16,20,18,3],[12,8,4,24,20,16,18,22],[16,24,4,8,20,12,18,23],[20,24,4,12,16,8,22],[12,4,16,8,24,20,22],[4,12,20,16,8,24,22]],"n_human":13}