{"problem_id":"2iGIAJHSefOFTTN","sigma":150,"alpha":10.000,"cost":1,"probabilities":"[0.33, 0.28, 0.1, 0.29]","payoff_matrix":"[[-110, 50, -21, -128, 159, -157], [286, -68, 83, 111, -128, -161], [-12, 292, 249, 16, 53, -52], [99, -209, 114, 187, 124, 315]]","uncovered":[[21,9,13,5,17,20,1,8,12,10,18,11],[1,5,9,17,20,13,21,8,12,10,18,11],[9,1,5,21,17,20,13,8,12,18,10,11],[1,13,17,21,5,20,9,8,12,18,10,11],[13,9,1,5,21,17,8,12,20,10,18,11],[17,13,21,5,20,9,1,8,10,12,18,11],[5,21,13,17,20,1,9,8,12,10,18,11],[1,5,13,17,8,9,21,20,12,10,18,19,11],[9,5,21,1,17,20,13,8,12,10,18,19,11],[1,21,13,9,5,17,20,8,12,10,18,19,11],[1,9,13,17,21,5,20,8,12,10,18,11],[13,5,17,8,21,1,9,20,12,18,10,19,11],[13,9,5,17,20,1,21,8,12,10,18,11],[9,13,5,21,1,17,8,20,12,18,10,19,11],[17,5,20,21,1,9,13,8,12,18,10,11],[13,17,9,1,21,5,20,8,12,10,18,11],[5,17,8,9,1,13,21,20,10,12,18,19,11],[21,5,1,9,13,17,8,12,20,10,18,19,11],[17,1,5,8,13,9,21,20,12,10,18,11],[9,1,5,17,20,21,13,8,12,10,18,19,11],[1,17,21,13,5,8,9,12,20,10,18,19,11],[17,21,1,9,13,5,20,8,12,10,18,11],[9,13,17,1,21,5,20,8,12,18,10,11],[9,1,5,17,8,21,13,12,20,10,18,11],[13,9,5,21,1,17,20,8,12,10,18,19,11],[9,17,13,1,21,5,20,8,12,18,10,19,11],[9,1,17,5,8,13,21,20,12,18,10,19,11],[21,9,1,5,17,8,13,12,20,10,18,11],[13,21,17,9,5,8,1,20,10,12,18,11],[13,17,1,21,5,8,9,12,20,10,18,19,11],[13,21,17,1,5,8,9,12,20,18,10,11],[13,21,9,5,1,17,20,8,12,18,10,19,11],[17,5,8,21,9,13,1,12,20,18,10,19,11],[5,21,1,17,8,9,13,12,20,18,10,11],[9,1,5,13,21,17,20,8,12,10,18,11],[21,5,13,9,17,8,1,12,20,18,10,19,11],[13,17,1,21,5,20,9,8,12,10,18,11],[9,17,1,21,13,5,20,8,12,18,10,19,11],[1,5,17,8,9,13,21,20,12,10,18,11],[9,17,21,1,5,8,13,20,12,18,10,11],[21,1,9,17,13,5,8,20,12,18,10,11],[1,21,17,13,5,20,9,8,12,10,18,11],[13,5,9,17,20,21,1,8,10,12,18,19,11],[5,21,9,17,20,13,1,8,12,10,18,11],[5,9,21,17,8,13,1,20,12,10,18,11],[9,5,1,13,17,20,21,8,12,10,18,19,11],[21,5,17,20,1,13,9,8,12,18,10,11],[9,17,1,5,8,21,13,12,20,18,10,11],[21,1,13,17,9,5,20,8,12,10,18,19,11],[21,17,5,20,13,1,9,8,12,18,10,11],[9,13,17,1,5,8,21,20,12,18,10,19,11],[5,17,20,13,9,21,1,8,12,18,10,19,11],[9,5,1,17,20,13,21,8,12,10,18,11],[21,9,5,17,20,13,1,8,12,10,18,19,11],[9,1,17,13,5,8,21,20,12,18,10,19,11],[17,21,1,5,20,9,13,8,12,18,10,19,11],[5,17,20,9,21,13,1,8,12,10,18,19,11],[21,17,9,13,1,5,20,8,12,10,18,11],[9,21,13,5,17,20,1,8,12,18,10,11],[17,13,5,20,1,21,9,8,10,12,18,19,11],[5,1,9,13,21,17,8,12,20,18,10,19,11],[1,17,9,13,21,5,8,20,12,18,10,11],[1,5,17,8,21,13,9,12,20,18,10,19,11],[17,13,1,9,21,5,20,8,12,18,10,11],[1,17,13,21,5,8,9,20,12,18,10,11],[1,21,9,17,13,5,8,12,20,18,10,11],[9,17,5,20,21,13,1,8,12,10,18,19,11],[1,9,21,17,5,8,13,12,20,10,18,19,11],[9,13,1,5,21,17,8,12,20,18,10,19,11],[13,9,17,1,21,5,8,12,20,18,10,19,11],[9,13,17,5,8,1,21,20,12,18,10,19,11],[9,1,17,21,13,5,20,8,12,10,18,11],[1,13,21,9,5,17,8,12,20,18,10,19,11],[9,5,21,17,8,1,13,20,12,18,10,11],[9,13,5,1,21,17,8,12,20,18,10,11],[13,5,9,17,20,1,21,8,12,10,18,19,11],[1,5,17,8,9,21,13,20,12,10,18,19,11],[13,17,5,8,9,1,21,12,20,10,18,19,11],[13,1,17,21,5,20,9,8,12,10,18,19,11],[9,1,5,13,17,20,21,8,12,18,10,11],[17,13,1,9,21,5,8,20,12,10,18,11],[9,1,5,13,17,20,21,8,12,10,18,19,11],[9,13,17,21,1,5,20,8,12,10,18,11],[1,21,9,13,5,17,8,12,20,10,18,11],[9,17,21,1,13,5,20,8,12,18,10,19,11],[5,1,13,21,17,20,9,8,12,18,10,11],[1,13,9,21,5,17,20,8,12,10,18,11],[17,5,8,13,1,9,21,20,12,10,18,19,11],[13,17,21,9,5,20,1,8,12,10,18,11],[9,5,21,1,17,8,13,20,10,12,18,19,11],[9,1,13,21,17,5,20,8,10,12,18,19,11],[21,1,13,17,9,5,8,12,20,10,18,11],[5,17,20,21,13,9,1,8,12,18,10,19,11],[9,1,5,17,8,21,13,20,12,10,18,11],[5,21,17,8,13,1,9,12,20,18,10,19,11],[9,17,1,13,21,5,20,8,12,18,10,19,11],[21,17,13,5,20,1,9,8,12,18,10,11],[21,17,13,5,20,9,1,8,10,12,18,19,11],[9,21,1,17,13,5,8,12,20,10,18,19,11],[21,13,1,5,17,8,9,20,10,12,18,19,11],[13,17,21,9,1,5,20,8,12,10,18,19,11],[13,17,21,1,9,5,8,12,20,18,10,11],[5,1,21,17,20,13,9,8,12,10,18,19,11],[17,13,9,5,20,21,1,8,12,18,10,11],[21,17,5,8,13,1,9,12,20,18,10,11],[13,17,5,8,1,9,21,12,20,18,10,19,11],[21,9,17,13,5,8,1,20,12,10,18,11],[9,21,17,13,1,5,8,12,20,18,10,11],[9,13,1,21,17,5,8,20,12,10,18,11],[9,21,5,1,13,17,20,8,12,10,18,11],[17,13,1,9,5,8,21,20,12,10,18,11],[1,9,5,21,17,20,13,8,10,12,18,11],[1,17,5,8,9,13,21,12,20,18,10,11],[17,9,13,5,8,21,1,20,12,18,10,19,11],[17,21,1,9,5,20,13,8,12,10,18,11],[21,9,5,1,17,8,13,20,12,18,10,11],[21,13,5,1,17,20,9,8,12,10,18,11],[21,17,13,9,5,20,1,8,12,18,10,11],[21,9,5,17,8,13,1,20,12,18,10,19,11],[13,5,9,17,8,1,21,20,12,18,10,11],[21,5,1,17,8,13,9,12,20,18,10,11],[9,13,1,17,5,20,21,8,12,10,18,11],[17,5,20,21,9,13,1,8,12,18,10,19,11],[1,17,5,8,21,9,13,12,20,18,10,11],[21,17,13,1,5,8,9,12,20,18,10,11],[21,17,5,20,9,1,13,8,12,10,18,11],[13,5,9,17,20,21,1,8,12,10,18,19,11],[13,17,21,9,5,20,1,8,12,18,10,19,11],[1,21,5,9,17,20,13,8,12,10,18,19,11],[17,9,1,21,13,5,20,8,12,18,10,19,11],[21,5,9,13,1,17,20,8,12,10,18,11],[1,13,21,5,17,8,9,12,20,18,10,19,11],[13,1,9,21,17,5,20,8,12,10,18,19,11],[21,13,17,5,8,1,9,20,12,18,10,11],[17,21,9,13,5,20,1,8,12,10,18,19,11],[9,1,13,17,5,8,21,20,12,18,10,11],[5,13,1,21,17,8,9,20,12,10,18,11],[1,17,21,9,13,5,8,20,12,18,10,19,11],[5,9,13,1,21,17,8,20,12,10,18,11],[5,1,9,21,13,17,8,12,20,18,10,11],[1,21,17,9,13,5,20,8,12,10,18,19,11],[21,17,13,9,1,5,8,12,20,10,18,11],[1,5,17,8,13,21,9,20,12,10,18,19,11],[21,9,13,5,1,17,20,8,12,10,18,19,11],[1,5,21,9,13,17,8,20,12,10,18,11],[9,17,21,1,13,5,8,12,20,10,18,19,11],[9,5,21,13,1,17,20,8,12,18,10,11],[5,9,21,1,17,8,13,12,20,10,18,11],[21,5,17,8,9,1,13,20,12,18,10,11],[17,5,8,13,21,1,9,12,20,10,18,11],[17,21,5,8,13,1,9,20,12,10,18,11],[9,17,1,5,8,13,21,20,12,18,10,11],[5,21,13,17,20,9,1,8,12,10,18,19,11],[1,13,5,21,9,17,20,8,12,10,18,19,11],[13,21,5,1,17,20,9,8,12,18,10,19,11],[17,1,21,13,9,5,20,8,12,10,18,19,11],[17,1,5,8,21,13,9,20,12,18,10,11],[13,5,17,20,9,1,21,8,12,18,10,11],[9,17,5,20,1,21,13,8,12,18,10,19,11],[21,17,5,8,13,1,9,20,12,10,18,19,11],[21,17,1,9,13,5,8,12,20,18,10,11],[21,17,13,9,1,5,8,12,20,18,10,11],[1,17,5,20,9,21,13,8,10,12,18,19,11],[17,13,21,5,20,9,1,8,12,10,18,11],[9,21,5,1,13,17,8,20,12,10,18,19,11],[13,5,9,1,21,17,20,8,12,18,10,19,11],[21,13,9,17,5,20,1,8,12,10,18,19,11],[17,5,20,9,1,21,13,8,12,10,18,19,11],[9,5,17,8,13,1,21,12,20,10,18,11],[13,5,17,8,9,21,1,12,20,18,10,11],[13,21,17,9,1,5,20,8,12,10,18,19,11],[13,1,5,21,9,17,20,8,12,18,10,11],[21,5,9,13,1,17,8,12,20,10,18,19,11],[1,17,5,20,13,21,9,8,12,10,18,11],[5,9,1,17,8,13,21,20,12,18,10,11],[1,9,21,13,17,5,20,8,12,18,10,19,11],[9,21,5,13,17,20,1,8,12,18,10,11],[1,17,21,5,20,9,13,8,10,12,18,19,11],[13,17,1,21,9,5,20,8,12,18,10,11],[1,5,13,21,9,17,20,8,10,12,18,11],[17,9,5,8,21,13,1,20,12,18,10,19,11],[21,5,9,17,8,1,13,20,12,10,18,11],[13,17,9,21,1,5,8,12,20,18,10,11],[9,5,17,20,1,13,21,8,12,18,10,19,11],[5,21,17,8,9,13,1,12,20,10,18,19,11],[5,17,8,1,9,13,21,12,20,18,10,19,11],[17,5,20,9,13,1,21,8,12,10,18,19,11],[17,9,13,5,20,21,1,8,12,18,10,11],[1,17,13,5,20,9,21,8,12,10,18,11],[1,21,9,13,5,17,8,20,12,10,18,11],[17,5,20,1,9,13,21,8,12,10,18,19,11],[9,17,1,21,13,5,8,20,12,10,18,19,11],[1,17,21,13,5,20,9,8,12,18,10,19,11],[9,5,1,13,21,17,8,12,20,18,10,19,11],[21,13,5,1,17,20,9,8,12,18,10,19,11],[13,9,17,5,20,1,21,8,12,10,18,19,11],[13,5,9,1,21,17,8,20,12,18,10,11],[5,13,1,9,21,17,20,8,12,18,10,11],[21,5,17,8,1,13,9,20,12,18,10,11],[17,21,1,13,5,8,9,12,20,10,18,11],[21,9,17,5,8,1,13,12,20,10,18,11],[17,9,1,5,20,21,13,8,12,10,18,11],[1,13,21,17,9,5,8,12,20,18,10,11],[5,1,21,17,8,9,13,12,20,10,18,19,11],[5,17,8,9,1,13,21,12,20,18,10,11],[1,5,13,9,17,20,21,8,12,10,18,11],[13,17,9,1,5,20,21,8,12,10,18,19,11],[1,17,5,8,9,13,21,12,20,10,18,19,11],[5,13,9,1,21,17,20,8,12,18,10,19,11],[17,5,20,13,21,9,1,8,12,10,18,11],[1,9,21,5,13,17,20,8,12,18,10,11],[5,17,8,13,21,1,9,20,10,12,18,11],[17,21,5,20,1,13,9,8,12,10,18,11],[17,5,8,9,13,1,21,12,20,18,10,11],[13,1,5,17,20,21,9,8,12,18,10,19,11],[17,21,1,13,9,5,20,8,12,18,10,11],[1,21,13,17,5,20,9,8,12,10,18,19,11],[21,1,5,13,17,8,9,20,12,18,10,11],[21,1,17,5,20,9,13,8,12,18,10,11],[17,1,13,5,20,9,21,8,12,18,10,11],[13,21,9,17,1,5,20,8,12,10,18,19,11],[17,13,9,21,1,5,8,12,20,18,10,11],[17,5,20,9,1,13,21,8,12,18,10,11],[1,21,9,17,5,20,13,8,12,10,18,11],[13,21,9,5,1,17,8,20,12,18,10,19,11],[5,13,17,8,21,9,1,20,12,18,10,19,11],[13,1,21,17,9,5,8,12,20,10,18,11],[5,21,9,13,1,17,8,20,12,10,18,11],[17,1,13,9,21,5,20,8,12,10,18,11],[9,1,21,17,13,5,20,8,12,10,18,11],[17,9,13,1,21,5,20,8,12,18,10,11],[21,5,17,20,1,13,9,8,12,18,10,19,11],[5,17,8,1,13,21,9,20,12,18,10,11],[21,1,5,9,13,17,8,12,20,10,18,19,11],[13,1,9,5,21,17,20,8,12,18,10,11],[1,5,9,13,17,8,21,12,20,10,18,11],[13,9,5,21,17,20,1,8,12,10,18,19,11],[9,17,21,13,5,20,1,8,12,18,10,11],[1,5,21,9,17,8,13,20,12,18,10,11],[17,21,9,1,13,5,8,12,20,18,10,11],[9,13,5,17,20,1,21,8,12,10,18,11],[21,17,5,8,9,13,1,12,20,18,10,19,11],[5,13,1,17,8,9,21,20,12,10,18,19,11],[21,17,13,1,9,5,20,8,10,12,18,11],[13,5,1,21,9,17,8,20,12,18,10,11],[1,17,5,8,9,21,13,20,12,10,18,11],[13,9,17,21,5,20,1,8,12,10,18,19,11],[17,1,13,21,9,5,20,8,12,18,10,19,11],[9,1,13,5,17,20,21,8,12,18,10,19,11],[9,21,1,13,17,5,8,12,20,10,18,19,11],[1,5,17,20,9,13,21,8,12,10,18,19,11],[9,5,1,17,20,13,21,8,12,18,10,19,11],[17,9,5,20,21,1,13,8,12,10,18,11],[9,17,13,21,5,20,1,8,12,18,10,11],[1,9,5,21,17,20,13,8,12,18,10,19,11],[5,17,8,13,1,9,21,20,12,10,18,19,11],[1,17,5,20,13,9,21,8,12,10,18,19,11],[21,9,13,5,17,8,1,20,12,10,18,19,11],[17,9,13,1,5,20,21,8,12,10,18,19,11],[13,9,17,5,20,21,1,8,12,18,10,11],[17,1,13,21,5,20,9,8,12,10,18,11],[13,1,9,21,17,5,8,20,12,18,10,19,11],[13,9,5,1,21,17,20,8,12,18,10,19,11],[1,9,17,21,5,8,13,12,20,18,10,11],[5,17,8,1,21,9,13,20,12,10,18,11],[9,21,13,17,5,8,1,20,12,18,10,19,11],[5,17,20,1,13,9,21,8,12,10,18,11],[13,21,9,1,17,5,8,12,20,18,10,11],[1,13,21,5,9,17,8,12,20,10,18,11],[9,5,21,13,17,8,1,12,20,10,18,11],[17,5,20,1,21,13,9,8,12,10,18,11],[1,5,21,17,8,9,13,20,12,18,10,19,11],[17,13,9,5,8,1,21,12,20,10,18,11],[9,1,17,5,8,13,21,20,12,18,10,19,11],[1,5,17,8,21,9,13,12,20,10,18,11],[5,9,17,20,21,13,1,8,12,18,10,19,11],[1,21,5,17,8,9,13,12,20,18,10,19,11],[1,13,9,5,21,17,8,20,12,10,18,11],[21,13,1,5,17,8,9,20,12,18,10,11],[17,1,5,20,13,21,9,8,12,18,10,11],[17,1,21,13,9,5,20,8,12,18,10,19,11],[13,1,9,21,5,17,8,20,12,18,10,19,11],[9,17,13,5,20,1,21,8,12,18,10,11],[1,5,21,17,8,9,13,20,12,18,10,11],[9,21,5,13,1,17,8,12,20,18,10,11],[9,5,17,20,21,13,1,8,12,10,18,19,11],[5,9,21,17,8,13,1,20,12,10,18,19,11],[9,5,13,17,20,1,21,8,12,18,10,19,11],[5,9,13,21,17,8,1,12,20,10,18,19,11],[5,1,17,20,13,21,9,8,12,10,18,11],[21,13,17,5,8,9,1,12,20,10,18,19,11],[17,1,9,5,8,21,13,12,20,18,10,19,11],[1,17,9,13,21,5,20,8,12,18,10,11],[17,21,9,13,5,8,1,12,20,18,10,11],[9,21,17,1,13,5,8,12,20,18,10,19,11],[17,5,20,21,1,13,9,8,12,10,18,19,11],[5,13,1,17,20,21,9,8,12,18,10,19,11],[1,21,9,17,13,5,8,20,12,18,10,19,11],[5,17,20,1,9,13,21,8,12,10,18,11],[1,5,13,9,17,8,21,20,12,18,10,19,11],[5,13,17,8,9,21,1,12,20,10,18,11],[1,21,9,5,17,20,13,8,12,10,18,11],[9,17,1,13,5,8,21,20,12,10,18,19,11],[1,5,17,20,13,21,9,8,12,18,10,19,11],[17,1,9,5,20,13,21,8,12,10,18,11],[9,13,21,17,5,20,1,8,12,18,10,19,11],[17,5,20,13,1,9,21,8,12,10,18,11],[17,21,9,1,13,5,8,12,20,10,18,19,11],[17,9,1,5,20,13,21,8,12,18,10,19,11],[13,1,5,17,8,9,21,12,20,18,10,11],[21,17,13,1,9,5,8,20,12,18,10,19,11],[13,5,1,21,17,8,9,12,20,18,10,19,11],[21,1,5,9,17,8,13,12,20,10,18,11],[21,17,5,8,13,1,9,20,12,10,18,19,11],[17,21,1,13,9,5,20,8,12,18,10,19,11],[13,5,17,20,9,1,21,8,12,18,10,19,11],[9,5,21,17,20,13,1,8,12,10,18,11],[9,5,1,13,17,20,21,8,12,18,10,19,11],[13,21,5,17,20,9,1,8,12,10,18,19,11],[1,5,21,13,17,20,9,8,12,18,10,19,11],[1,9,13,17,21,5,8,20,12,18,10,11],[21,9,17,1,5,20,13,8,12,10,18,11],[21,17,9,5,8,13,1,20,12,10,18,11],[21,1,13,17,9,5,20,8,12,10,18,19,11],[1,13,21,5,17,8,9,12,20,18,10,11],[1,17,13,9,21,5,8,12,20,18,10,19,11],[1,9,17,13,21,5,8,20,12,18,10,11],[21,1,5,17,20,13,9,8,12,10,18,11],[5,13,9,1,21,17,8,12,20,10,18,19,11],[21,13,5,17,8,9,1,12,20,10,18,19,11],[9,5,13,17,8,21,1,12,20,18,10,11],[1,5,21,17,20,9,13,8,12,18,10,19,11],[17,13,1,9,21,5,20,8,12,18,10,11],[9,21,13,5,17,8,1,20,12,18,10,19,11],[9,17,5,20,1,21,13,8,10,12,18,19,11],[21,13,9,17,5,8,1,20,12,18,10,19,11],[21,1,9,17,5,20,13,8,12,18,10,11],[21,9,1,5,13,17,8,12,20,10,18,19,11],[1,5,21,17,8,13,9,12,20,10,18,19,11],[1,5,9,21,13,17,20,8,12,18,10,19,11],[13,9,17,21,5,8,1,20,10,12,18,11],[9,1,21,5,17,20,13,8,12,18,10,11],[21,5,1,9,13,17,8,20,12,10,18,19,11],[1,5,17,20,21,9,13,8,12,10,18,11],[21,5,1,13,17,8,9,12,20,10,18,19,11],[5,9,21,17,20,1,13,8,12,10,18,11],[5,13,17,8,9,21,1,12,20,10,18,19,11],[13,17,9,21,1,5,8,20,12,18,10,11],[1,21,13,5,17,20,9,8,12,10,18,11],[9,17,5,8,21,13,1,20,12,18,10,19,11],[21,17,9,1,5,8,13,12,20,18,10,19,11],[1,21,17,5,20,13,9,8,12,18,10,11],[13,9,17,21,1,5,8,12,20,10,18,19,11],[17,9,1,21,13,5,8,12,20,10,18,11],[13,1,21,17,5,20,9,8,12,18,10,11],[13,5,1,21,17,8,9,12,20,18,10,19,11],[13,1,21,5,17,8,9,12,20,18,10,19,11],[9,5,1,17,20,13,21,8,12,10,18,11],[21,13,9,17,1,5,20,8,12,10,18,19,11],[9,13,17,21,5,20,1,8,12,10,18,11],[21,5,9,17,20,13,1,8,12,18,10,11],[9,21,5,13,17,20,1,8,12,18,10,19,11],[21,1,13,17,5,20,9,8,12,10,18,11],[21,17,13,9,5,20,1,8,12,10,18,11],[1,9,17,13,5,8,21,20,12,18,10,11],[21,1,9,5,13,17,8,20,12,10,18,19,11],[21,5,13,17,8,1,9,20,12,18,10,19,11],[5,17,8,1,21,13,9,20,12,18,10,19,11],[1,13,17,9,21,5,8,12,20,18,10,19,11],[1,21,13,17,5,20,9,8,12,18,10,19,11],[21,1,13,5,17,20,9,8,10,12,18,19,11],[5,1,13,21,9,17,20,8,12,10,18,11],[1,21,13,17,5,8,9,20,12,18,10,19,11],[1,21,5,13,17,8,9,20,12,10,18,19,11],[17,9,1,13,5,8,21,20,12,10,18,11],[9,5,13,21,1,17,8,12,20,10,18,19,11],[21,9,1,13,17,5,20,8,12,18,10,19,11],[5,17,8,1,13,21,9,20,12,18,10,19,11],[1,21,13,5,9,17,8,12,20,10,18,11],[9,21,17,5,20,13,1,8,12,18,10,19,11],[9,21,1,17,13,5,20,8,12,18,10,19,11],[9,1,13,5,21,17,20,8,12,18,10,11],[13,17,1,5,8,21,9,12,20,10,18,11],[13,5,9,17,8,1,21,12,20,18,10,19,11],[17,5,20,21,9,1,13,8,12,10,18,19,11],[21,9,1,13,17,5,8,20,12,18,10,11],[21,9,1,13,5,17,8,12,20,18,10,11],[17,21,5,20,9,1,13,8,12,10,18,19,11],[5,17,20,13,9,21,1,8,12,10,18,11],[9,21,13,5,17,20,1,8,12,10,18,11],[13,1,21,9,17,5,20,8,12,10,18,11],[1,21,13,5,17,20,9,8,12,10,18,11],[9,13,1,21,17,5,20,8,12,10,18,19,11],[13,5,17,20,9,1,21,8,12,10,18,11],[21,9,17,13,1,5,20,8,12,18,10,11],[21,5,13,1,9,17,8,20,12,10,18,19,11],[13,21,9,5,1,17,20,8,12,10,18,11],[17,1,5,20,13,21,9,8,12,10,18,19,11],[1,5,21,9,17,8,13,12,20,10,18,19,11],[21,5,1,13,17,8,9,20,12,18,10,19,11],[13,21,9,17,5,20,1,8,12,18,10,19,11],[17,13,9,1,5,20,21,8,12,10,18,11],[9,5,21,13,17,8,1,20,12,10,18,11],[5,13,17,8,21,9,1,20,12,18,10,19,11],[5,9,1,17,20,21,13,8,12,18,10,19,11],[5,21,9,17,8,13,1,12,20,18,10,11],[21,13,9,5,17,8,1,20,12,10,18,11],[5,13,1,17,20,21,9,8,12,18,10,19,11],[21,5,13,1,17,8,9,12,20,18,10,19,11],[17,1,13,9,5,8,21,12,20,10,18,19,11],[13,9,21,17,5,20,1,8,12,18,10,19,11],[21,13,1,5,17,20,9,8,12,10,18,11],[13,17,5,20,1,21,9,8,12,18,10,19,11],[13,17,9,1,5,20,21,8,12,18,10,19,11],[9,17,21,5,20,13,1,8,12,10,18,11],[1,13,21,5,17,20,9,8,12,10,18,19,11],[9,21,5,13,1,17,8,20,12,18,10,19,11],[9,13,1,21,5,17,8,12,20,10,18,19,11],[5,1,21,9,13,17,8,20,12,18,10,19,11],[21,5,13,1,9,17,20,8,12,18,10,19,11],[13,21,17,1,9,5,8,12,20,18,10,19,11],[17,21,9,5,8,1,13,20,12,10,18,11],[21,1,5,9,17,20,13,8,12,18,10,19,11],[9,21,17,5,8,1,13,20,12,18,10,19,11],[13,5,1,17,8,21,9,20,12,18,10,19,11],[17,13,9,1,21,5,8,12,20,18,10,11],[5,17,8,1,13,9,21,12,20,18,10,11],[17,13,1,9,21,5,8,20,12,10,18,19,11],[13,5,21,9,1,17,8,12,20,10,18,11],[1,21,9,13,5,17,20,8,12,18,10,11],[17,1,13,5,20,21,9,8,12,10,18,19,11],[9,21,1,5,17,20,13,8,12,18,10,19,11],[5,17,8,1,21,13,9,12,20,18,10,19,11],[21,13,1,9,17,5,20,8,12,18,10,11],[9,13,21,5,17,20,1,8,12,18,10,11],[21,5,9,1,13,17,8,20,12,10,18,11],[1,13,21,17,5,8,9,20,12,10,18,19,11],[9,21,5,1,13,17,20,8,12,10,18,19,11],[21,9,13,5,1,17,8,20,12,10,18,19,11],[5,17,20,9,1,21,13,8,12,18,10,11],[17,13,9,1,21,5,8,12,20,10,18,19,11],[9,21,17,1,5,20,13,8,10,12,18,19,11],[1,5,21,17,20,9,13,8,12,10,18,11],[13,9,1,21,5,17,20,8,12,10,18,11],[9,5,1,13,21,17,20,8,12,18,10,19,11],[13,17,1,21,5,20,9,8,12,18,10,11],[17,9,13,21,1,5,20,8,12,10,18,11],[9,21,1,17,13,5,8,12,20,10,18,11],[21,9,13,5,1,17,8,12,20,10,18,11],[1,9,13,21,5,17,20,8,12,10,18,19,11],[21,1,5,17,8,13,9,12,20,18,10,11],[17,1,13,5,20,21,9,8,12,10,18,11],[9,21,5,13,17,20,1,8,12,18,10,19,11],[17,21,9,13,5,20,1,8,12,10,18,11],[13,17,5,20,9,21,1,8,12,10,18,19,11],[13,21,17,1,5,20,9,8,12,10,18,19,11],[1,21,17,5,20,9,13,8,12,10,18,11],[17,1,9,13,21,5,8,12,20,18,10,19,11],[1,17,21,5,8,13,9,20,12,18,10,11],[13,9,17,21,1,5,8,12,20,10,18,19,11],[1,9,21,13,17,5,20,8,12,18,10,19,11],[9,17,1,21,13,5,20,8,12,18,10,19,11],[1,5,13,21,17,20,9,8,12,18,10,11],[13,1,5,9,17,20,21,8,12,10,18,19,11],[9,13,17,21,5,20,1,8,12,10,18,11],[21,13,9,17,1,5,20,8,12,18,10,19,11],[1,17,5,20,21,9,13,8,12,18,10,11],[1,9,17,5,20,13,21,8,12,10,18,19,11],[9,17,21,1,13,5,8,20,12,18,10,11],[13,5,9,1,17,8,21,20,12,18,10,19,11],[1,17,13,5,20,9,21,8,12,10,18,19,11],[17,1,13,9,5,8,21,20,12,18,10,11],[9,13,5,21,17,8,1,20,12,18,10,19,11],[17,1,5,20,21,9,13,8,12,18,10,11],[21,5,9,1,13,17,20,8,12,18,10,11],[17,9,13,1,21,5,20,8,12,18,10,19,11],[13,5,17,8,9,21,1,20,12,10,18,19,11],[1,9,17,13,21,5,20,8,12,18,10,19,11],[21,13,9,1,17,5,8,20,12,10,18,19,11],[13,1,9,21,5,17,20,8,12,18,10,11],[5,9,13,17,8,1,21,12,20,10,18,19,11],[21,1,5,13,17,20,9,8,12,10,18,19,11],[1,21,17,5,20,13,9,8,12,18,10,11],[9,17,1,5,8,21,13,12,20,10,18,19,11],[13,21,1,5,17,20,9,8,12,10,18,19,11],[9,5,1,13,21,17,20,8,12,18,10,19,11],[17,5,8,9,21,13,1,20,12,10,18,19,11],[1,21,13,17,9,5,8,20,12,18,10,19,11],[5,1,9,13,17,8,21,20,12,10,18,11],[9,5,1,21,17,20,13,8,12,18,10,11],[21,9,13,17,5,8,1,12,20,10,18,19,11],[21,17,5,8,13,9,1,20,10,12,18,19,11],[5,17,20,13,1,21,9,8,10,12,18,11],[5,21,17,20,13,1,9,8,12,10,18,11],[1,13,17,21,5,20,9,8,12,10,18,19,11],[17,9,21,1,5,8,13,12,20,10,18,19,11],[9,1,13,21,17,5,20,8,12,10,18,11],[1,9,5,13,17,8,21,20,10,12,18,11],[13,21,9,5,17,20,1,8,12,18,10,19,11],[21,1,17,5,20,9,13,8,12,18,10,11],[17,21,5,20,1,9,13,8,12,10,18,11],[17,9,1,13,5,20,21,8,12,18,10,19,11],[5,1,13,21,9,17,8,12,20,18,10,19,11],[1,21,5,13,9,17,20,8,12,18,10,19,11],[5,21,13,1,17,8,9,12,20,10,18,11],[5,13,21,9,17,8,1,12,20,10,18,19,11],[5,13,17,8,9,1,21,20,12,18,10,19,11],[13,17,5,20,1,9,21,8,12,10,18,11],[9,17,13,1,5,8,21,20,12,10,18,19,11],[17,13,5,20,9,21,1,8,12,18,10,11],[17,9,1,5,20,13,21,8,10,12,18,11],[1,13,21,9,5,17,20,8,12,18,10,11],[13,21,17,5,8,9,1,20,12,18,10,19,11],[21,9,1,17,5,20,13,8,12,18,10,11],[1,13,21,9,17,5,8,20,12,18,10,19,11],[1,21,13,9,5,17,8,20,12,10,18,19,11],[1,13,9,17,21,5,8,20,12,10,18,19,11],[9,17,1,13,21,5,8,12,20,18,10,19,11],[17,13,21,5,8,9,1,20,12,18,10,19,11],[17,1,13,21,9,5,8,12,20,10,18,19,11],[21,9,17,1,13,5,20,8,12,18,10,19,11],[5,13,21,1,17,8,9,20,12,18,10,19,11],[1,17,21,13,9,5,20,8,12,10,18,19,11],[5,1,13,21,17,8,9,20,12,10,18,19,11],[9,13,21,5,17,20,1,8,12,10,18,19,11],[17,21,5,8,13,1,9,20,12,18,10,19,11],[1,13,9,21,17,5,8,20,12,18,10,19,11],[17,21,1,9,5,8,13,20,12,18,10,19,11],[1,17,13,5,8,21,9,12,20,10,18,19,11],[13,21,5,17,8,9,1,12,20,18,10,11],[13,17,1,5,8,9,21,20,12,10,18,19,11],[1,9,5,17,20,13,21,8,12,18,10,11],[1,9,5,17,8,13,21,12,20,10,18,11],[1,21,17,5,8,9,13,20,12,10,18,19,11],[5,9,17,20,1,21,13,8,12,18,10,11],[21,5,17,8,1,13,9,20,12,10,18,19,11],[21,13,17,5,20,1,9,8,12,10,18,11],[5,1,9,21,13,17,8,12,20,18,10,19,11],[17,13,9,5,20,21,1,8,12,10,18,11],[17,1,9,5,20,21,13,8,12,18,10,19,11],[1,17,5,8,13,21,9,20,12,18,10,11],[5,1,17,8,21,13,9,12,20,10,18,19,11],[13,1,21,17,5,20,9,8,12,18,10,19,11],[1,17,5,20,9,13,21,8,12,18,10,11],[21,1,13,5,17,8,9,20,12,10,18,11],[5,17,8,9,1,21,13,12,20,18,10,19,11],[21,13,1,5,9,17,20,8,12,10,18,19,11],[21,9,1,17,5,8,13,12,20,10,18,19,11],[9,13,5,17,8,21,1,20,12,18,10,11],[1,5,17,20,13,21,9,8,12,18,10,19,11],[17,5,20,9,13,21,1,8,12,10,18,19,11],[5,21,13,17,8,9,1,20,12,10,18,11],[17,1,21,9,5,8,13,12,20,18,10,19,11],[13,21,9,5,17,8,1,12,20,18,10,11],[9,13,1,21,17,5,20,8,12,18,10,19,11],[21,1,13,9,5,17,20,8,12,18,10,11],[5,9,17,20,1,13,21,8,12,10,18,11],[5,13,1,21,17,8,9,20,12,18,10,19,11],[13,17,9,1,5,8,21,12,20,18,10,11],[13,17,1,5,20,9,21,8,12,18,10,11],[21,17,5,8,13,9,1,12,20,18,10,11],[17,9,21,1,5,20,13,8,12,18,10,19,11],[13,5,21,17,20,9,1,8,12,10,18,19,11],[17,9,5,8,1,21,13,12,20,18,10,11],[13,9,17,21,1,5,20,8,12,18,10,11],[17,1,21,13,9,5,8,20,12,18,10,11],[17,21,5,8,9,13,1,12,20,18,10,11],[5,21,13,17,8,1,9,20,12,10,18,11],[1,13,21,5,17,20,9,8,12,10,18,19,11],[5,13,17,20,21,9,1,8,12,18,10,11],[17,9,5,20,21,13,1,8,12,18,10,19,11],[1,17,5,20,9,13,21,8,12,10,18,11],[13,21,9,17,5,8,1,20,12,10,18,19,11],[1,13,21,9,17,5,20,8,12,10,18,19,11],[1,17,5,8,13,21,9,12,20,18,10,11],[9,13,1,5,21,17,8,12,20,10,18,11],[9,1,5,21,17,20,13,8,12,18,10,11],[13,5,21,17,8,1,9,20,12,10,18,11],[21,13,5,9,1,17,20,8,10,12,18,11],[21,1,17,13,5,20,9,8,12,18,10,11],[1,17,5,8,21,13,9,12,20,10,18,19,11],[21,17,13,9,1,5,8,20,12,18,10,19,11],[5,1,9,21,17,20,13,8,12,18,10,11],[17,13,9,21,1,5,8,12,20,18,10,11],[13,9,21,5,1,17,8,20,12,10,18,19,11],[9,1,13,5,21,17,8,12,20,10,18,19,11],[1,9,21,5,13,17,20,8,12,18,10,11],[5,21,1,17,20,9,13,8,12,10,18,11],[13,1,5,9,17,8,21,12,20,10,18,11],[9,21,1,5,13,17,8,20,12,18,10,19,11],[13,5,21,17,20,1,9,8,12,18,10,11],[5,13,1,21,17,20,9,8,12,18,10,11],[21,1,9,13,5,17,20,8,12,18,10,11],[5,9,21,13,1,17,8,12,20,10,18,11],[5,21,1,17,8,9,13,20,12,10,18,11],[1,5,9,17,8,21,13,20,12,10,18,19,11],[9,13,21,5,17,20,1,8,10,12,18,11],[17,9,1,21,13,5,20,8,12,18,10,11],[1,21,17,13,5,20,9,8,12,10,18,11],[1,13,21,5,17,8,9,12,20,10,18,11],[1,17,5,8,21,13,9,12,20,10,18,11],[13,5,1,9,21,17,8,12,20,18,10,19,11],[1,17,21,9,5,20,13,8,12,10,18,11],[21,5,17,20,13,1,9,8,12,10,18,19,11],[1,21,17,9,13,5,8,20,12,10,18,11],[5,17,8,9,1,21,13,20,12,18,10,19,11],[9,17,13,5,20,1,21,8,12,18,10,19,11],[9,17,13,21,1,5,8,12,20,10,18,19,11],[1,5,13,21,9,17,8,20,12,18,10,11],[9,17,1,21,5,8,13,12,20,10,18,11],[1,21,9,13,5,17,8,20,12,18,10,11],[5,9,17,8,21,1,13,20,12,18,10,19,11],[5,13,9,21,1,17,20,8,12,10,18,11],[21,13,17,5,8,1,9,12,20,10,18,11],[1,5,17,20,9,21,13,8,12,10,18,11],[1,17,21,5,8,13,9,20,12,10,18,19,11],[1,21,9,5,13,17,20,8,12,10,18,19,11],[13,9,1,17,5,8,21,12,20,10,18,19,11],[1,5,9,21,17,20,13,8,12,10,18,11],[1,17,9,5,8,21,13,12,20,18,10,19,11],[5,13,1,17,20,21,9,8,12,10,18,19,11],[17,13,21,5,20,1,9,8,12,10,18,19,11],[5,17,20,9,1,21,13,8,12,18,10,19,11],[5,9,17,8,21,13,1,12,20,10,18,11],[17,5,8,1,21,13,9,20,12,10,18,11],[1,17,9,5,8,21,13,20,12,10,18,11],[5,13,21,9,17,20,1,8,12,18,10,19,11],[21,13,9,5,1,17,20,8,12,18,10,11],[17,5,8,1,13,21,9,12,20,10,18,19,11],[5,13,17,8,1,9,21,20,10,12,18,19,11],[17,5,8,13,21,1,9,12,20,10,18,19,11],[17,21,9,5,8,13,1,20,12,10,18,11],[13,5,1,9,21,17,20,8,12,10,18,11],[9,13,5,21,1,17,8,20,12,18,10,19,11],[5,21,17,8,1,13,9,20,12,10,18,11],[17,13,9,5,20,21,1,8,10,12,18,11],[5,17,8,9,21,1,13,20,12,18,10,19,11],[17,21,5,20,9,13,1,8,12,10,18,19,11],[5,21,13,17,20,1,9,8,12,18,10,19,11],[21,1,17,13,9,5,20,8,12,18,10,11],[5,13,1,21,9,17,20,8,12,18,10,19,11],[17,1,13,5,20,21,9,8,12,18,10,11],[21,9,17,13,1,5,8,12,20,10,18,11],[21,13,5,1,9,17,8,12,20,18,10,19,11],[13,1,21,5,17,20,9,8,12,18,10,19,11],[5,13,9,1,17,8,21,12,20,10,18,19,11],[17,21,1,9,5,20,13,8,12,10,18,11],[1,17,13,9,21,5,20,8,12,18,10,11],[1,5,17,20,21,9,13,8,12,18,10,11],[5,17,8,21,9,1,13,12,20,18,10,19,11],[17,21,1,5,20,9,13,8,12,18,10,11],[5,17,20,21,1,9,13,8,12,18,10,11],[13,1,5,9,21,17,20,8,12,10,18,19,11],[1,9,21,5,13,17,8,20,12,10,18,11],[5,13,17,20,9,1,21,8,12,10,18,11],[9,21,1,17,5,20,13,8,10,12,18,11],[17,13,1,5,8,9,21,12,20,10,18,11],[13,21,5,9,17,20,1,8,12,10,18,19,11],[21,13,5,1,17,8,9,20,12,18,10,11],[5,21,17,20,9,1,13,8,12,18,10,19,11],[21,1,17,5,20,13,9,8,12,18,10,19,11],[21,13,17,5,20,9,1,8,12,18,10,11],[21,5,9,17,20,1,13,8,12,18,10,11],[13,9,17,21,5,8,1,20,12,10,18,19,11],[17,5,20,21,1,13,9,8,12,18,10,19,11],[17,13,1,21,9,5,20,8,12,18,10,19,11],[17,1,21,5,20,9,13,8,12,18,10,19,11],[21,17,1,5,20,13,9,8,12,10,18,11],[9,21,1,17,5,20,13,8,12,18,10,19,11],[9,21,5,1,13,17,20,8,12,18,10,19,11],[17,1,21,13,5,20,9,8,12,18,10,19,11],[5,9,13,21,1,17,8,12,20,18,10,19,11],[1,5,17,20,21,13,9,8,12,10,18,11],[17,9,1,5,20,13,21,8,12,10,18,11],[21,9,5,17,8,1,13,12,20,18,10,19,11],[9,21,1,17,13,5,20,8,12,18,10,19,11],[1,5,9,13,21,17,20,8,12,18,10,11],[17,1,9,5,8,21,13,12,20,18,10,11],[13,17,9,21,1,5,8,20,12,18,10,19,11],[13,9,21,1,17,5,8,20,12,18,10,11],[5,21,17,8,9,13,1,12,20,18,10,11],[21,13,5,17,20,9,1,8,12,10,18,19,11],[9,17,21,1,5,8,13,12,20,18,10,19,11],[13,17,9,1,21,5,20,8,12,18,10,19,11],[1,13,9,21,5,17,20,8,12,10,18,19,11],[9,5,13,1,21,17,8,20,12,18,10,11],[17,21,5,20,13,9,1,8,12,10,18,11],[13,5,1,9,21,17,20,8,12,10,18,19,11],[21,5,9,17,20,13,1,8,12,10,18,11],[21,9,1,13,17,5,8,12,20,18,10,19,11],[13,17,21,9,1,5,8,20,12,18,10,11],[9,21,1,13,17,5,20,8,12,10,18,11],[1,9,5,17,20,13,21,8,12,10,18,19,11],[17,13,9,21,5,20,1,8,12,18,10,11],[21,9,1,5,17,8,13,12,20,10,18,11],[9,5,1,21,13,17,20,8,12,10,18,19,11],[1,9,17,5,8,13,21,20,12,18,10,19,11],[1,13,5,21,17,20,9,8,12,18,10,11],[21,5,17,20,1,13,9,8,12,18,10,19,11],[9,5,1,21,13,17,8,12,20,18,10,11],[17,13,1,9,5,8,21,12,20,10,18,11],[1,21,17,9,13,5,20,8,12,10,18,19,11],[1,13,9,5,17,20,21,8,12,10,18,11],[1,5,17,8,21,13,9,12,20,18,10,11],[1,17,9,5,20,21,13,8,12,10,18,19,11],[13,17,9,5,20,21,1,8,12,18,10,19,11],[5,21,9,17,8,1,13,20,10,12,18,19,11],[17,13,9,5,20,21,1,8,12,10,18,19,11],[5,9,21,17,8,13,1,20,10,12,18,11],[1,21,17,5,20,9,13,8,12,10,18,19,11],[9,21,13,5,17,8,1,12,20,10,18,11],[21,1,5,13,9,17,20,8,12,10,18,19,11],[1,17,13,9,21,5,20,8,12,10,18,11],[1,21,17,5,20,13,9,8,12,10,18,19,11],[21,17,9,1,5,20,13,8,12,10,18,19,11],[13,17,9,5,8,1,21,12,20,10,18,19,11],[13,17,9,21,5,8,1,20,12,10,18,11],[21,17,1,9,13,5,20,8,12,18,10,19,11],[1,21,5,17,20,13,9,8,12,18,10,19,11],[17,9,1,5,8,21,13,20,12,10,18,19,11],[9,17,1,21,5,8,13,12,20,18,10,19,11],[17,9,21,13,1,5,8,20,12,10,18,19,11],[21,9,13,17,1,5,8,20,12,10,18,11],[21,17,5,20,1,9,13,8,12,10,18,11],[5,17,8,9,21,1,13,12,20,18,10,19,11],[1,21,13,17,9,5,20,8,12,10,18,19,11],[21,5,13,9,17,8,1,12,20,18,10,11],[1,21,17,5,8,13,9,20,12,10,18,19,11],[21,17,5,8,13,9,1,12,20,18,10,19,11],[9,21,1,5,13,17,20,8,12,18,10,11],[9,13,1,5,17,8,21,20,12,10,18,19,11],[5,21,9,17,8,13,1,20,12,10,18,19,11],[9,1,13,5,17,8,21,20,10,12,18,11],[21,9,17,1,5,20,13,8,12,10,18,11],[9,21,1,13,5,17,20,8,12,18,10,11],[1,13,17,21,9,5,20,8,12,18,10,11],[13,9,5,1,17,20,21,8,12,10,18,11],[13,5,1,9,17,8,21,20,12,18,10,19,11],[17,13,1,5,8,9,21,12,20,18,10,19,11],[5,1,21,13,9,17,20,8,12,18,10,19,11],[5,13,21,1,17,20,9,8,12,10,18,19,11],[5,21,1,9,17,20,13,8,12,18,10,11],[1,13,21,5,9,17,8,12,20,10,18,11],[13,21,1,5,17,20,9,8,12,10,18,19,11],[17,21,5,20,13,9,1,8,12,18,10,11],[1,17,9,13,21,5,20,8,12,18,10,11],[1,13,21,17,5,20,9,8,12,10,18,11],[5,13,9,1,17,20,21,8,12,10,18,19,11],[13,9,21,17,1,5,20,8,12,10,18,11],[5,13,1,9,21,17,20,8,10,12,18,19,11],[17,9,13,1,5,8,21,20,12,10,18,11],[21,9,17,1,13,5,8,20,12,10,18,11],[13,21,9,5,17,8,1,12,20,18,10,11],[5,1,21,13,9,17,8,20,12,10,18,19,11],[13,21,1,9,17,5,8,12,20,10,18,19,11],[13,5,21,17,20,9,1,8,12,18,10,11],[1,13,5,17,20,9,21,8,12,18,10,11],[21,9,1,17,13,5,20,8,12,10,18,19,11],[1,5,17,8,13,9,21,20,12,10,18,11],[9,13,5,21,17,20,1,8,12,18,10,19,11],[1,5,21,9,17,8,13,20,12,18,10,11],[17,1,5,8,13,21,9,12,20,10,18,11],[13,9,1,17,21,5,20,8,12,10,18,11],[9,1,17,21,13,5,8,12,20,18,10,11],[9,5,13,21,1,17,20,8,12,18,10,11],[21,13,9,5,17,20,1,8,12,10,18,19,11],[21,1,17,13,9,5,8,12,20,10,18,19,11],[13,21,9,5,17,20,1,8,12,18,10,19,11],[5,9,21,17,20,1,13,8,12,18,10,19,11],[21,5,13,1,17,20,9,8,12,18,10,11],[21,13,17,5,20,9,1,8,12,10,18,11],[17,1,5,20,21,13,9,8,12,10,18,11],[17,5,20,13,21,9,1,8,12,18,10,11],[13,5,21,1,17,20,9,8,12,18,10,11],[5,13,17,20,21,1,9,8,12,18,10,19,11],[13,21,5,1,9,17,20,8,12,18,10,11],[1,13,9,17,5,8,21,20,12,18,10,19,11],[21,9,1,5,13,17,8,12,20,18,10,19,11],[5,21,17,20,1,13,9,8,12,18,10,19,11],[13,9,17,21,1,5,20,8,12,10,18,19,11],[5,9,1,21,17,8,13,20,12,10,18,19,11],[5,17,8,1,9,21,13,20,12,18,10,19,11],[5,9,13,17,8,21,1,20,12,10,18,11],[21,1,13,17,9,5,20,8,12,18,10,11],[5,13,1,17,20,21,9,8,12,18,10,19,11],[17,9,13,5,8,21,1,20,12,10,18,19,11],[1,9,5,21,17,20,13,8,12,10,18,19,11],[17,9,13,1,21,5,8,20,12,10,18,11],[13,17,9,21,1,5,20,8,12,18,10,11],[5,9,13,21,1,17,8,20,12,18,10,11],[9,1,5,21,13,17,8,12,20,10,18,19,11],[13,17,5,20,9,1,21,8,12,18,10,19,11],[9,13,17,5,8,1,21,20,12,10,18,19,11],[13,5,17,20,21,1,9,8,12,18,10,11],[21,5,9,1,17,20,13,8,12,10,18,11],[21,17,13,9,5,8,1,20,10,12,18,19,11],[1,13,21,17,9,5,20,8,12,18,10,19,11],[1,21,5,13,17,8,9,20,12,10,18,19,11],[9,1,17,13,5,20,21,8,12,10,18,19,11],[21,9,13,17,1,5,8,20,12,18,10,19,11],[1,21,5,9,13,17,20,8,12,10,18,11],[1,5,17,20,9,13,21,8,12,10,18,19,11],[1,5,17,20,9,13,21,8,10,12,18,19,11],[17,5,20,13,21,9,1,8,12,10,18,19,11],[21,13,1,17,5,20,9,8,12,10,18,11],[9,5,1,21,13,17,8,12,20,18,10,19,11],[21,17,5,8,1,13,9,20,12,18,10,19,11],[1,9,5,17,8,13,21,20,12,18,10,11],[13,5,9,1,17,8,21,12,20,10,18,11],[17,21,9,5,20,13,1,8,10,12,18,19,11],[21,17,13,9,5,8,1,20,12,10,18,19,11],[21,9,17,1,13,5,20,8,10,12,18,11],[17,5,8,9,13,1,21,12,20,10,18,11],[21,1,5,17,8,9,13,12,20,18,10,19,11],[17,1,9,21,13,5,20,8,12,18,10,19,11],[1,13,17,9,21,5,20,8,12,10,18,11],[1,13,9,21,5,17,20,8,12,10,18,19,11],[5,1,13,21,17,8,9,12,20,10,18,11],[13,17,9,5,20,21,1,8,12,10,18,19,11],[9,13,1,21,17,5,20,8,12,18,10,19,11],[5,9,13,17,20,21,1,8,12,18,10,11],[9,13,1,17,5,20,21,8,12,18,10,19,11],[1,9,13,21,5,17,8,20,12,18,10,19,11],[13,9,17,21,1,5,20,8,12,18,10,11],[5,13,21,1,9,17,8,20,12,18,10,11],[1,13,5,9,17,8,21,12,20,10,18,11],[13,5,9,17,20,1,21,8,12,18,10,11],[1,5,9,13,17,8,21,12,20,18,10,19,11],[9,1,17,21,13,5,8,20,12,18,10,19,11],[9,1,13,17,5,8,21,12,20,18,10,19,11],[21,9,5,13,17,8,1,20,10,12,18,19,11],[9,5,13,17,8,21,1,20,12,10,18,11],[5,13,9,21,1,17,20,8,12,18,10,11],[13,9,17,1,21,5,8,12,20,10,18,11],[1,21,17,5,20,13,9,8,10,12,18,19,11],[13,5,21,9,1,17,20,8,12,18,10,11],[1,9,17,13,5,8,21,12,20,18,10,19,11],[13,5,21,17,20,1,9,8,12,10,18,11],[17,21,13,1,5,20,9,8,12,18,10,11],[1,13,21,9,5,17,8,12,20,10,18,19,11],[9,17,21,5,8,13,1,20,12,10,18,11],[5,21,17,20,1,13,9,8,12,18,10,11],[5,21,17,8,9,1,13,12,20,10,18,11],[17,5,8,9,21,1,13,12,20,10,18,11],[21,5,1,9,13,17,20,8,12,10,18,11],[21,1,9,5,17,20,13,8,12,18,10,19,11],[13,5,1,17,20,9,21,8,12,10,18,11],[5,9,17,8,13,21,1,12,20,10,18,11],[21,9,17,13,5,20,1,8,12,18,10,19,11],[5,1,21,9,17,20,13,8,12,10,18,19,11],[13,21,9,5,17,20,1,8,12,10,18,19,11],[5,17,20,13,21,9,1,8,12,18,10,11],[5,21,13,9,1,17,8,20,12,18,10,11],[17,1,21,9,5,20,13,8,12,18,10,19,11],[5,21,13,17,8,9,1,12,20,10,18,19,11],[21,13,17,1,9,5,20,8,12,10,18,11],[13,17,5,20,1,21,9,8,12,10,18,11],[9,1,17,21,5,8,13,20,12,18,10,11],[13,17,9,21,5,20,1,8,12,18,10,19,11],[13,21,17,9,1,5,8,20,12,18,10,11],[13,5,9,17,20,1,21,8,12,10,18,19,11],[21,9,1,13,5,17,8,20,12,18,10,19,11],[5,9,13,17,8,1,21,12,20,18,10,19,11],[1,5,9,21,17,8,13,20,12,10,18,11],[1,9,17,13,21,5,20,8,12,10,18,19,11],[21,9,13,17,1,5,20,8,12,10,18,11],[17,21,9,5,8,13,1,20,12,10,18,11],[17,1,13,9,5,8,21,12,20,18,10,19,11],[1,21,17,13,9,5,8,12,20,18,10,11],[13,1,17,5,20,9,21,8,12,18,10,11],[9,5,17,20,1,13,21,8,12,10,18,19,11],[21,5,13,9,17,20,1,8,12,18,10,19,11],[21,17,9,5,8,1,13,12,20,18,10,19,11],[17,1,5,20,13,9,21,8,12,10,18,11],[21,13,5,1,17,20,9,8,12,18,10,11],[17,9,21,5,20,1,13,8,12,10,18,11],[9,1,13,17,21,5,8,12,20,10,18,19,11],[13,9,1,21,5,17,20,8,12,10,18,11],[17,5,20,21,13,9,1,8,12,10,18,19,11],[21,17,9,1,13,5,8,20,12,10,18,11],[9,13,21,1,17,5,20,8,12,10,18,11],[17,5,20,1,13,9,21,8,12,10,18,11],[9,1,13,17,5,8,21,20,12,10,18,19,11],[1,9,17,21,13,5,20,8,12,10,18,19,11],[9,21,17,1,5,8,13,20,12,10,18,11],[17,21,9,13,1,5,20,8,12,10,18,11],[5,21,13,1,9,17,8,12,20,10,18,19,11],[21,9,13,1,17,5,20,8,12,18,10,11],[13,17,9,1,5,20,21,8,12,10,18,19,11],[21,5,1,17,8,13,9,20,12,10,18,19,11],[9,1,13,17,21,5,8,12,20,18,10,11],[17,5,8,1,21,9,13,12,20,10,18,11],[9,21,1,5,13,17,20,8,12,18,10,19,11],[13,5,17,20,21,9,1,8,12,18,10,11],[9,13,21,17,1,5,20,8,12,10,18,11],[17,21,9,13,5,8,1,20,12,10,18,19,11],[17,5,20,1,13,21,9,8,12,10,18,11],[13,17,21,5,8,9,1,12,20,10,18,11],[5,21,1,17,8,9,13,20,12,10,18,19,11],[5,1,17,8,9,13,21,12,20,18,10,11],[1,5,17,20,21,9,13,8,12,10,18,19,11],[5,1,17,8,21,9,13,12,20,18,10,19,11],[21,13,17,5,20,1,9,8,12,18,10,19,11],[9,5,17,20,21,1,13,8,12,10,18,19,11],[5,9,1,21,17,20,13,8,10,12,18,19,11],[17,5,8,9,1,13,21,12,20,10,18,19,11],[13,9,17,5,8,21,1,12,20,18,10,11],[21,9,17,1,13,5,20,8,12,18,10,11],[9,5,17,8,13,21,1,12,20,10,18,19,11],[1,5,13,21,17,8,9,20,12,18,10,11],[5,21,13,1,17,8,9,20,12,10,18,19,11],[17,5,20,13,21,9,1,8,12,18,10,19,11],[17,1,9,13,5,20,21,8,12,18,10,11],[17,9,5,8,13,1,21,12,20,18,10,19,11],[9,5,21,1,17,8,13,12,20,10,18,11],[1,17,9,21,13,5,8,12,20,18,10,19,11],[21,17,9,1,5,20,13,8,12,10,18,19,11],[5,9,17,8,13,1,21,20,12,10,18,19,11],[9,5,1,17,8,21,13,12,20,10,18,11],[5,1,17,8,13,21,9,12,20,10,18,11],[17,13,21,5,20,9,1,8,12,10,18,11],[1,13,9,21,5,17,8,20,12,10,18,19,11],[21,9,5,1,17,8,13,12,20,18,10,11],[21,17,1,5,8,9,13,12,20,10,18,11],[1,21,17,13,9,5,8,12,20,18,10,19,11],[5,9,13,21,1,17,8,12,20,10,18,19,11],[1,13,17,21,5,20,9,8,12,10,18,11],[1,9,17,21,5,20,13,8,12,18,10,11],[17,21,13,1,5,8,9,20,12,18,10,19,11],[21,9,17,13,1,5,8,20,12,18,10,11],[17,1,5,8,13,21,9,12,20,18,10,19,11],[17,9,13,21,5,8,1,12,20,18,10,19,11],[1,17,5,8,21,9,13,12,20,18,10,19,11],[5,1,13,9,17,8,21,12,20,10,18,19,11],[13,9,17,1,21,5,8,12,20,18,10,19,11],[21,5,9,1,17,8,13,12,20,18,10,19,11],[9,13,5,17,20,21,1,8,12,10,18,19,11],[9,13,17,5,20,21,1,8,12,18,10,19,11],[5,13,9,1,21,17,20,8,12,18,10,19,11],[13,5,21,17,8,1,9,12,20,18,10,11],[5,9,13,17,8,21,1,20,12,18,10,19,11],[17,13,21,1,9,5,20,8,12,18,10,19,11],[9,17,5,20,21,13,1,8,12,10,18,11],[17,21,5,20,13,1,9,8,12,10,18,19,11],[1,17,5,8,9,21,13,12,20,10,18,19,11],[5,17,8,1,13,9,21,20,12,18,10,19,11],[9,1,17,5,8,13,21,20,12,10,18,19,11],[17,13,21,1,9,5,20,8,12,10,18,19,11],[13,5,17,8,9,21,1,20,12,18,10,19,11],[21,13,1,5,17,8,9,20,12,10,18,19,11],[5,9,1,13,21,17,8,20,12,10,18,19,11],[9,17,5,8,13,1,21,12,20,10,18,11],[5,21,9,1,17,20,13,8,12,18,10,11],[17,13,1,5,8,21,9,20,12,18,10,11],[13,5,17,20,21,9,1,8,12,10,18,19,11],[21,9,1,5,13,17,20,8,12,18,10,19,11],[13,21,1,5,9,17,8,20,12,18,10,11],[21,9,5,13,17,8,1,20,12,18,10,19,11],[1,13,9,17,21,5,20,8,12,18,10,11],[21,5,9,13,17,20,1,8,12,18,10,19,11],[21,13,9,17,1,5,8,12,20,18,10,19,11],[1,9,13,5,21,17,8,20,12,18,10,11],[21,9,17,5,8,13,1,12,20,18,10,11],[17,9,13,21,5,20,1,8,12,18,10,19,11],[17,21,9,5,8,13,1,20,12,10,18,19,11],[17,21,9,5,20,13,1,8,12,10,18,11],[1,13,21,5,17,8,9,12,20,18,10,19,11],[17,9,21,1,5,20,13,8,12,10,18,11],[1,21,17,9,5,20,13,8,12,18,10,19,11],[1,21,9,17,13,5,20,8,12,10,18,19,11],[17,9,5,20,13,1,21,8,12,10,18,11],[21,5,1,13,9,17,8,12,20,18,10,11],[13,1,9,17,5,8,21,12,20,18,10,11],[9,5,13,17,8,1,21,12,20,18,10,19,11],[13,21,5,9,1,17,20,8,12,18,10,11],[5,13,17,8,9,21,1,12,20,18,10,11],[9,1,17,13,21,5,20,8,12,10,18,19,11],[5,21,9,1,13,17,20,8,12,10,18,19,11],[13,21,9,17,5,20,1,8,12,10,18,11],[1,21,13,17,5,8,9,20,12,18,10,11],[1,5,13,17,20,9,21,8,12,18,10,19,11],[13,5,1,9,21,17,8,20,12,10,18,19,11],[17,21,1,5,20,13,9,8,12,10,18,19,11],[21,1,5,17,8,9,13,20,12,18,10,19,11],[17,13,9,1,5,8,21,12,20,18,10,11],[21,1,17,9,5,20,13,8,12,10,18,11],[13,21,5,17,8,9,1,20,12,10,18,19,11],[5,17,8,9,13,1,21,20,12,10,18,11],[21,13,1,5,9,17,20,8,12,10,18,11],[13,21,1,9,17,5,8,20,12,10,18,19,11],[17,9,13,1,21,5,8,12,20,10,18,19,11],[21,17,5,20,1,9,13,8,12,18,10,11],[5,17,8,1,21,13,9,12,20,18,10,19,11],[21,17,9,13,5,20,1,8,12,10,18,19,11],[5,21,17,20,9,1,13,8,12,10,18,19,11],[9,17,1,5,20,21,13,8,12,10,18,19,11],[21,5,1,9,17,8,13,12,20,18,10,19,11],[17,5,8,1,21,9,13,20,12,18,10,11],[5,9,17,20,21,1,13,8,12,18,10,19,11],[21,13,17,9,1,5,8,12,20,18,10,19,11]],"n_human":11}