{"problem_id":"6lht0ZurQP2rMOw","sigma":75,"alpha":3.162,"cost":1,"probabilities":"[0.4, 0.14, 0.2, 0.26]","payoff_matrix":"[[-33, -36, -64, -39, -109, 24], [-9, 26, 36, 11, 43, 38], [61, -11, 147, 71, 140, 2], [13, -125, 64, -113, -76, 69]]","uncovered":[[17,21,9,5,13,1,4,24],[13,21,17,5,1,9,24],[17,1,21,13,9,5,4,24],[17,5,13,21,9,1,4,24],[17,13,9,1,5,21,4,24],[13,17,1,21,5,9,24],[1,13,17,5,9,21,24],[13,5,1,21,17,9,4,24],[5,9,17,21,1,13,4,24],[9,13,17,21,5,1,4,24],[5,21,13,1,17,9,24],[21,17,5,13,9,1,4,24],[13,21,1,17,5,9,24],[17,9,5,21,13,1,24],[17,5,13,21,1,9,24],[5,17,9,13,1,21,4,24],[13,5,17,1,9,21,4,24],[1,5,13,17,9,21,24],[13,21,1,17,5,9,24],[9,13,1,17,5,21,24],[1,21,5,13,17,9,4,24],[1,21,13,5,9,17,4,24],[13,5,9,17,21,1,24],[9,17,5,21,1,13,24],[5,21,9,13,1,17,24],[5,13,9,21,17,1,4,24],[13,5,17,9,21,1,4,24],[13,5,21,1,17,9,4,24],[13,9,21,1,5,17,24],[5,13,17,1,21,9,24],[9,21,1,17,5,13,4,24],[13,5,9,21,17,1,24],[9,1,5,21,13,17,4,24],[9,13,1,21,17,5,4,24],[13,1,21,9,5,17,4,24],[1,13,5,17,9,21,24],[13,9,21,17,1,5,4,24],[9,13,21,5,17,1,24],[5,21,17,13,1,9,24],[9,13,21,17,1,5,24],[21,13,5,17,1,9,24],[1,17,13,5,21,9,24],[13,1,17,9,5,21,4,24],[5,1,21,13,9,17,24],[13,9,1,21,5,17,24],[1,9,13,17,5,21,24],[21,17,9,13,5,1,4,24],[17,5,1,13,21,9,24],[9,17,5,1,21,13,24],[13,21,5,1,17,9,24],[17,21,13,1,5,9,4,24],[9,21,17,5,13,1,24],[9,21,5,1,13,17,24],[9,5,17,1,13,21,4,24],[17,21,1,5,13,9,4,24],[13,21,9,1,17,5,4,24],[5,21,1,17,9,13,4,24],[9,5,17,1,21,13,4,24],[9,21,5,1,17,13,4,24],[17,1,13,21,5,9,4,24],[13,21,1,9,5,17,24],[13,21,17,1,5,9,4,24],[9,17,21,1,5,13,24],[5,1,21,13,9,17,4,24],[13,21,17,1,9,5,24],[5,17,21,9,1,13,24],[1,5,17,21,9,13,24],[1,9,5,21,13,17,4,24],[5,13,1,21,17,9,4,24],[5,21,13,9,17,1,4,24],[5,9,21,1,17,13,4,24],[9,13,5,21,17,1,24],[17,13,1,21,9,5,4,24],[21,5,1,9,13,17,24],[9,13,5,21,1,17,24],[13,5,1,21,9,17,24],[21,9,1,17,5,13,24],[9,17,1,21,13,5,24],[9,5,17,21,13,1,4,24],[1,17,5,21,13,9,24],[21,5,1,13,17,9,24],[9,13,5,1,21,17,24],[9,13,5,17,21,1,24],[21,13,9,1,17,5,4,24],[13,5,1,17,9,21,24],[9,17,13,1,21,5,24],[9,21,5,1,13,17,24],[1,13,5,17,9,21,4,24],[21,1,9,5,13,17,4,24],[9,21,17,5,13,1,24],[1,5,17,9,21,13,24],[17,13,1,9,21,5,24],[5,1,21,13,17,9,4,24],[17,1,13,5,21,9,4,24],[13,1,5,9,21,17,4,24],[17,1,5,21,13,9,4,24],[5,21,1,9,17,13,4,24],[17,1,21,13,9,5,4,24],[5,21,17,9,13,1,24],[5,17,1,9,13,21,24],[17,13,9,21,1,5,4,24],[13,17,21,5,9,1,24],[21,13,5,9,1,17,24],[17,9,21,13,1,5,24],[1,9,13,5,17,21,24],[17,21,1,9,13,5,24],[21,5,17,9,13,1,24],[1,13,17,9,5,21,4,24],[5,1,21,17,13,9,4,24],[9,13,17,21,5,1,4,24],[17,13,5,9,21,1,4,24],[21,5,13,9,17,1,24],[9,17,13,21,5,1,24],[21,1,5,17,13,9,4,24],[1,9,17,21,5,13,24],[9,17,5,1,21,13,24],[5,13,21,17,1,9,24],[21,17,1,5,13,9,24],[5,1,9,21,13,17,4,24],[17,13,5,21,1,9,4,24],[5,9,21,1,17,13,24],[9,17,5,13,21,1,4,24],[5,9,17,13,1,21,4,24],[13,9,21,17,5,1,4,24],[13,5,9,1,17,21,24],[1,21,5,9,13,17,24],[5,1,17,21,13,9,24],[1,17,13,5,21,9,24],[17,5,1,9,13,21,4,24],[9,13,1,21,5,17,4,24],[21,17,9,13,5,1,24],[5,1,21,9,13,17,24],[5,21,13,9,17,1,24],[9,17,5,21,13,1,24],[1,5,13,9,21,17,4,24],[13,17,9,21,5,1,24],[5,1,17,21,13,9,4,24],[21,17,9,5,13,1,4,24],[5,1,13,17,21,9,24],[17,9,21,1,13,5,24],[1,13,9,21,5,17,4,24],[1,17,9,5,13,21,4,24],[5,9,17,1,13,21,4,24],[1,13,21,17,9,5,4,24],[5,13,17,1,9,21,4,24],[17,1,5,21,9,13,4,24],[9,1,5,21,13,17,4,24],[13,17,21,1,9,5,4,24],[17,21,9,5,13,1,24],[1,17,13,5,9,21,24],[21,13,17,5,9,1,24],[1,13,5,21,9,17,4,24],[21,17,1,13,5,9,4,24],[17,5,13,1,9,21,4,24],[13,1,9,21,5,17,24],[9,13,21,5,17,1,24],[21,5,17,13,1,9,24],[1,13,9,21,5,17,24],[5,17,9,1,21,13,4,24],[5,9,21,13,17,1,4,24],[21,17,9,1,13,5,24],[5,1,17,21,9,13,4,24],[5,1,21,17,9,13,24],[13,21,17,1,9,5,4,24],[13,5,1,17,21,9,24],[17,21,1,9,5,13,24],[5,21,1,13,17,9,24],[9,1,5,17,13,21,8,24],[1,21,5,17,9,13,4,24],[17,21,5,9,13,1,24],[1,5,9,13,21,17,4,24],[5,1,21,13,9,17,24],[13,17,5,21,9,1,4,24],[5,1,13,21,9,17,4,24],[5,21,17,13,9,1,4,24],[9,13,1,5,17,21,24],[17,1,5,13,21,9,4,24],[21,1,13,5,17,9,24],[1,13,17,21,5,9,24],[13,17,9,5,21,1,24],[21,17,13,5,1,9,4,24],[13,17,21,5,1,9,4,24],[9,13,21,5,17,1,4,24],[17,13,21,9,1,5,4,24],[17,5,13,21,1,9,24],[17,9,21,1,5,13,4,24],[17,5,9,13,1,21,24],[9,1,17,13,5,21,4,24],[5,13,17,21,9,1,4,24],[21,13,5,9,17,1,4,24],[9,21,17,5,1,13,4,24],[17,21,13,5,9,1,24],[17,1,5,13,21,9,24],[13,21,5,17,1,9,4,24],[13,1,21,9,17,5,24],[5,1,9,13,17,21,4,24],[21,13,5,1,9,17,4,24],[13,5,17,9,1,21,4,24],[5,13,9,17,21,1,4,24],[5,21,9,13,1,17,24],[1,17,21,9,13,5,4,24],[1,13,17,21,9,5,24],[21,13,1,9,5,17,24],[5,9,1,21,17,13,4,24],[21,17,9,13,1,5,24],[13,5,17,21,9,1,4,24],[13,5,21,17,9,1,4,24],[17,9,21,1,5,13,4,24],[21,5,9,17,13,1,24],[13,5,17,21,9,1,4,24],[21,1,9,13,5,17,24],[13,5,1,9,21,17,24],[21,1,17,9,13,5,24],[5,1,9,13,21,17,24],[13,17,9,5,1,21,24],[1,17,9,13,21,5,4,24],[9,5,13,17,1,21,4,24],[9,5,1,21,17,13,4,24],[9,21,1,17,5,13,24],[17,9,13,21,1,5,4,24],[21,9,5,13,17,1,4,24],[9,1,21,17,13,5,4,24],[5,17,9,1,21,13,4,24],[17,13,9,1,21,5,24],[1,17,13,9,5,21,4,24],[13,5,21,9,17,1,24],[13,21,5,1,17,9,24],[13,21,1,9,5,17,24],[5,13,1,21,9,17,24],[21,9,1,5,13,17,4,24],[21,13,17,9,1,5,24],[5,1,13,17,9,21,4,24],[9,13,21,5,1,17,4,24],[17,5,21,1,9,13,4,24],[9,5,17,1,21,13,4,24],[1,13,9,17,5,21,4,24],[1,13,17,9,5,21,4,24],[9,13,17,5,1,21,4,24],[17,13,1,9,21,5,24],[13,1,21,5,17,9,4,24],[9,5,13,21,1,17,4,24],[9,17,21,13,1,5,4,24],[1,13,17,21,9,5,24],[13,1,5,9,21,17,24],[9,1,13,17,5,21,4,24],[9,5,13,21,17,1,24],[17,21,13,9,5,1,24],[13,1,17,21,5,9,4,24],[5,13,9,17,1,21,4,24],[21,9,17,13,5,1,4,24],[1,21,13,5,9,17,24],[17,9,13,21,5,1,24],[21,5,1,17,13,9,4,24],[21,1,9,5,17,13,24],[17,5,13,1,21,9,4,24],[17,5,13,9,1,21,4,24],[21,13,1,9,5,17,4,24],[5,17,1,21,13,9,24],[13,21,9,1,17,5,4,24],[1,21,17,9,13,5,4,24],[5,9,21,1,17,13,4,24],[5,9,13,17,1,21,24],[9,13,5,17,21,1,4,24],[5,1,13,21,17,9,4,24],[17,9,13,5,21,1,4,24],[5,13,17,9,21,1,4,24],[13,9,17,1,21,5,4,24],[13,9,1,5,21,17,24],[9,5,21,1,17,13,24],[13,1,17,21,9,5,4,24],[1,9,21,5,13,17,24],[17,13,1,21,5,9,24],[1,13,21,9,5,17,4,24],[17,1,9,13,5,21,24],[5,13,21,9,17,1,4,24],[17,21,1,13,9,5,4,24],[1,21,5,17,13,9,24],[5,21,9,13,1,17,4,24],[13,1,21,17,5,9,24],[21,1,9,5,13,17,24],[5,13,17,1,9,21,24],[9,1,17,21,5,13,4,24],[21,9,5,17,1,13,24],[21,17,9,5,13,1,24],[17,21,13,5,1,9,24],[5,9,21,17,13,1,24],[13,9,21,17,1,5,4,24],[21,17,9,13,5,1,4,24],[21,1,5,9,17,13,4,24],[17,9,13,1,21,5,4,24],[13,17,21,1,9,5,4,24],[21,17,13,9,5,1,4,24],[21,9,5,13,1,17,24],[21,1,13,5,9,17,24],[13,17,5,21,9,1,4,24],[21,1,9,17,13,5,24],[13,1,21,9,5,17,4,24],[13,9,17,21,1,5,24],[9,17,1,5,13,21,24],[17,1,13,21,9,5,4,24],[17,1,21,9,13,5,24],[21,13,9,1,17,5,24],[5,21,1,13,17,9,24],[5,1,9,21,17,13,24],[9,1,5,17,21,13,24],[17,1,13,9,5,21,4,24],[21,5,13,17,9,1,24],[5,9,21,17,1,13,4,24],[1,9,13,5,17,21,4,24],[9,17,1,13,5,21,4,24],[1,13,9,17,5,21,24],[21,17,9,5,13,1,24],[5,21,13,1,9,17,24],[21,1,9,5,13,17,4,24],[17,21,1,5,9,13,4,24],[1,5,21,9,17,13,24],[5,21,1,9,17,13,24],[9,1,21,13,5,17,24],[9,13,17,1,21,5,4,24],[9,17,21,5,1,13,24],[9,17,21,1,13,5,4,24],[21,5,9,1,13,17,24],[9,21,5,1,13,17,24],[13,21,17,5,1,9,24],[9,21,17,13,5,1,4,24],[5,21,9,1,17,13,24],[13,5,1,17,21,9,24],[1,21,9,17,5,13,24],[21,9,17,1,13,5,24],[17,9,13,1,21,5,4,24],[1,17,5,13,21,9,24],[5,21,1,17,13,9,4,24],[9,17,13,1,5,21,4,24],[13,1,9,5,17,21,4,24],[5,17,1,9,13,21,4,24],[1,5,13,21,17,9,4,24],[5,13,17,9,1,21,4,24],[1,17,5,9,21,13,4,24],[9,21,5,1,17,13,4,24],[9,17,5,1,21,13,24],[21,17,13,5,1,9,24],[1,21,13,9,5,17,24],[1,9,21,5,17,13,24],[1,5,21,9,17,13,24],[5,21,17,13,9,1,4,24],[17,1,5,21,9,13,24],[21,13,1,9,5,17,4,24],[5,17,1,13,9,21,4,24],[1,9,5,13,21,17,4,24],[9,21,13,1,17,5,24],[13,5,17,9,1,21,4,24],[21,13,17,1,5,9,24],[17,13,5,21,1,9,24],[5,13,21,9,17,1,24],[17,1,5,13,9,21,24],[21,1,17,13,9,5,24],[17,9,13,21,1,5,4,24],[9,1,5,13,17,21,24],[13,1,9,5,17,21,4,24],[17,5,21,1,9,13,4,24],[5,9,17,1,21,13,24],[21,17,5,9,13,1,4,24],[13,9,21,1,5,17,24],[5,1,21,13,17,9,4,24],[21,5,17,9,13,1,4,24],[9,1,13,21,17,5,4,24],[13,5,17,1,9,21,4,24],[1,21,5,17,9,13,24],[5,17,1,21,13,9,24],[5,13,9,1,17,21,24],[21,5,17,9,13,1,24],[17,9,21,1,5,13,24],[13,21,17,5,9,1,4,24],[13,17,9,21,1,5,24],[17,1,9,13,5,21,4,24],[9,1,17,21,13,5,4,24],[13,5,21,1,9,17,24],[13,17,5,1,9,21,4,24],[21,5,1,13,17,9,4,24],[5,17,1,9,13,21,4,24],[17,9,5,1,13,21,24],[1,17,21,9,5,13,4,24],[17,1,9,13,5,21,24],[9,21,1,13,17,5,24],[1,21,13,9,17,5,4,24],[17,21,13,5,9,1,24],[13,17,21,5,1,9,4,24],[9,5,13,1,21,17,4,24],[21,9,1,13,17,5,24],[13,5,17,9,1,21,4,24],[1,5,21,13,9,17,24],[1,13,17,21,5,9,24],[21,13,5,9,17,1,4,24],[13,1,17,9,21,5,24],[1,13,9,17,21,5,24],[1,9,21,5,13,17,24],[9,5,1,17,21,13,4,24],[21,1,5,9,17,13,24],[5,13,1,9,21,17,4,24],[21,13,5,1,17,9,24],[17,9,1,13,5,21,4,24],[5,1,21,13,9,17,4,24],[9,5,17,13,1,21,24],[17,9,1,13,21,5,4,24],[1,5,17,13,21,9,24],[1,21,5,9,13,17,4,24],[17,1,13,21,5,9,24],[5,21,9,17,13,1,24],[1,5,13,17,9,21,24],[21,13,17,1,9,5,24],[5,1,17,9,21,13,4,24],[1,9,13,17,5,21,24],[13,9,5,21,1,17,24],[17,5,13,9,1,21,24],[17,9,1,21,13,5,24],[13,17,1,5,9,21,4,24],[17,21,1,5,13,9,24],[17,5,1,13,21,9,24],[5,17,1,13,9,21,24],[13,5,9,1,17,21,24],[1,17,13,21,5,9,4,24],[17,13,5,1,9,21,24],[5,17,21,13,9,1,24],[13,1,21,17,9,5,24],[17,1,21,9,13,5,4,24],[5,17,1,9,21,13,24],[1,5,21,9,17,13,24],[9,17,13,21,5,1,24],[17,1,9,5,13,21,4,24],[1,21,5,13,17,9,24],[21,9,13,1,5,17,24],[21,9,1,5,17,13,24],[17,13,5,1,9,21,24],[9,5,17,13,21,1,4,24],[13,5,17,21,9,1,24],[21,13,1,9,5,17,4,24],[13,9,17,1,21,5,24],[9,17,1,13,21,5,4,24],[17,13,21,1,5,9,24],[5,1,17,21,13,9,4,24],[5,21,1,9,13,17,4,24],[21,17,5,9,1,13,24],[21,13,17,5,9,1,24],[9,17,5,21,13,1,24],[13,1,17,9,5,21,24],[1,21,9,17,5,13,24],[21,17,5,1,9,13,4,24],[13,5,1,9,21,17,24],[9,5,21,13,1,17,24],[17,9,21,5,1,13,24],[13,5,21,9,17,1,24],[1,21,9,13,17,5,24],[1,21,17,13,5,9,4,24],[13,9,21,17,1,5,4,24],[17,13,21,5,1,9,4,24],[17,1,21,13,5,9,4,24],[13,9,21,17,5,1,24],[17,1,9,13,21,5,24],[17,9,5,1,13,21,24],[13,21,17,1,5,9,4,24],[21,5,17,9,13,1,4,24],[9,1,21,17,5,13,4,24],[21,17,1,13,5,9,24],[21,13,17,9,5,1,4,24],[5,17,1,13,9,21,24],[5,17,9,1,13,21,24],[1,21,9,13,17,5,24],[13,1,9,17,5,21,4,24],[9,21,1,13,17,5,24],[9,13,5,1,21,17,4,24],[9,21,17,13,5,1,4,24],[21,13,5,1,17,9,4,24],[1,5,17,9,13,21,24],[13,5,9,21,1,17,4,24],[1,5,9,17,13,21,4,24],[1,5,21,17,13,9,4,24],[1,9,13,17,5,21,24],[21,13,17,5,1,9,4,24],[21,13,5,9,1,17,24],[21,13,1,9,5,17,4,24],[1,5,21,13,9,17,4,24],[5,1,21,17,9,13,24],[9,1,17,21,13,5,24],[21,5,13,9,17,1,4,24],[1,17,5,9,13,21,4,24],[21,13,1,9,17,5,24],[17,13,9,1,5,21,4,24],[13,1,9,21,5,17,24],[21,17,9,1,5,13,4,24],[13,21,1,17,5,9,4,24],[9,1,5,13,21,17,24],[5,1,21,13,9,17,24],[9,21,1,5,13,17,24],[5,9,21,1,17,13,4,24],[1,21,5,13,9,17,24],[1,21,13,9,17,5,24],[13,9,1,5,17,21,24],[17,5,21,9,13,1,24],[21,17,5,1,13,9,4,24],[13,1,21,9,5,17,4,24],[9,13,5,17,21,1,24],[13,21,9,5,1,17,4,24],[17,13,5,21,9,1,4,24],[9,21,13,1,5,17,24],[21,13,5,17,1,9,4,24],[5,9,13,21,1,17,4,24],[9,1,5,21,13,17,4,24],[5,21,17,9,1,13,4,24],[5,13,1,21,17,9,24],[1,9,5,21,17,13,4,24],[5,9,21,17,13,1,4,24],[13,9,21,1,17,5,24],[5,17,13,21,1,9,4,24],[13,5,17,1,21,9,24],[5,21,17,13,9,1,4,24],[17,5,13,21,1,9,24],[1,17,5,21,13,9,4,24],[13,9,1,21,5,17,24],[9,13,5,21,1,17,24],[5,13,21,1,9,17,4,24],[9,13,17,1,21,5,4,24],[5,17,13,9,1,21,24],[9,5,1,13,17,21,4,24],[13,1,21,9,17,5,4,24],[9,5,21,13,1,17,24],[1,17,5,9,21,13,4,24],[9,5,17,1,21,13,4,24],[9,13,21,1,5,17,4,24],[13,5,1,9,17,21,4,24],[1,13,5,9,21,17,24],[5,13,9,17,1,21,4,24],[17,13,9,21,1,5,4,24],[21,1,5,13,17,9,4,24],[9,1,21,5,13,17,24],[21,13,5,9,1,17,4,24],[5,9,21,13,17,1,24],[1,21,17,9,5,13,24],[17,1,13,9,5,21,4,24],[1,13,17,9,21,5,24],[21,9,5,1,13,17,24],[9,1,5,13,21,17,24],[9,13,5,1,21,17,24],[21,9,5,17,1,13,24],[9,17,21,5,13,1,4,24],[13,9,17,21,5,1,4,24],[13,17,9,1,21,5,24],[9,5,17,21,13,1,24],[9,21,13,5,17,1,24],[5,13,1,17,9,21,4,24],[21,13,1,9,5,17,24],[21,13,9,5,17,1,4,24],[17,21,5,1,9,13,4,24],[13,1,21,9,5,17,4,24],[21,9,13,17,1,5,4,24],[17,21,13,5,9,1,24],[13,9,5,17,21,1,24],[1,5,21,9,17,13,24],[1,9,21,13,5,17,4,24],[5,17,13,9,21,1,4,24],[1,5,13,17,9,21,24],[13,5,17,21,1,9,24],[1,17,5,9,13,21,4,24],[21,17,9,13,5,1,24],[1,5,21,13,9,17,4,24],[1,21,13,17,9,5,4,24],[21,5,17,13,1,9,24],[5,17,13,9,1,21,24],[9,17,21,5,13,1,24],[13,17,9,21,1,5,4,24],[9,17,21,5,13,1,24],[5,13,9,21,17,1,24],[9,21,13,17,1,5,4,24],[1,21,5,9,17,13,24],[13,17,21,1,5,9,4,24],[21,9,5,17,13,1,24],[13,9,1,21,5,17,24],[9,1,13,21,5,17,24],[17,5,21,1,13,9,4,24],[5,13,1,17,21,9,24],[21,9,5,13,17,1,24],[1,17,13,21,5,9,24],[17,21,1,5,13,9,24],[13,5,9,21,1,17,4,24],[5,9,21,17,13,1,4,24],[21,13,9,17,1,5,24],[1,9,5,13,21,17,4,24],[13,1,17,5,9,21,24],[9,5,13,21,17,1,24],[5,17,13,9,1,21,24],[9,5,17,21,13,1,24],[1,17,5,9,21,13,4,24],[1,13,5,9,21,17,24],[1,17,13,5,21,9,4,24],[9,13,17,1,5,21,4,24],[21,13,9,5,1,17,4,24],[5,1,13,21,9,17,4,24],[9,5,17,1,21,13,24],[17,1,9,13,21,5,24],[13,9,1,17,5,21,24],[17,5,21,9,13,1,24],[21,9,5,17,1,13,4,24],[13,5,17,1,21,9,4,24],[1,21,9,5,17,13,24],[1,13,9,21,5,17,24],[1,17,13,5,21,9,24],[13,5,21,17,9,1,24],[1,21,13,5,17,9,24],[1,9,5,17,21,13,4,24],[1,21,5,17,9,13,4,24],[13,17,9,1,5,21,24],[13,9,21,5,1,17,24],[17,5,13,21,9,1,4,24],[21,13,5,17,1,9,24],[9,1,21,5,17,13,24],[13,17,5,1,21,9,4,24],[21,9,5,13,1,17,4,24],[9,13,21,17,1,5,24],[9,13,5,21,1,17,24],[5,17,1,9,21,13,24],[5,13,1,21,17,9,24],[17,5,13,21,9,1,4,24],[17,9,5,1,21,13,24],[1,5,9,21,13,17,24],[1,9,13,5,17,21,24],[13,21,9,5,1,17,4,24],[17,1,21,13,9,5,24],[1,13,21,17,5,9,4,24],[17,1,21,9,5,13,4,24],[1,5,13,17,9,21,4,24],[9,1,21,17,13,5,24],[9,1,13,21,5,17,4,24],[13,1,21,9,5,17,4,24],[1,13,5,17,9,21,4,24],[21,5,1,13,9,17,24],[5,9,17,13,21,1,24],[21,13,17,9,5,1,24],[5,17,21,13,9,1,24],[1,21,9,5,13,17,24],[13,9,5,1,17,21,24],[13,9,21,17,5,1,4,24],[13,9,21,1,17,5,24],[17,1,9,5,13,21,24],[17,9,5,1,13,21,4,24],[9,21,5,17,1,13,4,24],[1,13,9,21,5,17,24],[13,9,1,5,21,17,24],[13,1,9,5,21,17,4,24],[5,9,21,1,13,17,24],[5,17,21,1,9,13,24],[21,5,1,17,13,9,4,24],[13,5,9,1,21,17,4,24],[5,13,9,1,17,21,4,24],[21,13,9,1,17,5,24],[9,17,1,13,5,21,4,24],[17,9,13,5,1,21,4,24],[5,17,21,1,13,9,4,24],[17,1,21,9,5,13,4,24],[13,1,5,9,21,17,4,24],[17,1,13,9,5,21,4,24],[21,13,9,1,17,5,4,24],[5,13,1,9,21,17,24],[13,5,1,21,17,9,24],[17,9,21,5,1,13,24],[5,1,21,13,17,9,4,24],[5,1,13,9,21,17,4,24],[13,1,21,9,5,17,4,24],[9,17,1,21,5,13,24],[1,21,17,5,9,13,24],[17,5,9,21,13,1,4,24],[1,21,9,13,17,5,4,24],[13,5,17,21,1,9,24],[21,9,13,1,17,5,24],[21,13,9,1,17,5,24],[21,13,17,9,5,1,24],[1,5,9,17,13,21,24],[5,21,9,1,17,13,24],[1,9,17,5,21,13,24],[17,9,13,5,21,1,24],[5,9,13,1,21,17,4,24],[17,21,5,1,9,13,24],[17,5,13,21,1,9,4,24],[21,13,1,9,17,5,4,24],[17,21,1,9,13,5,4,24],[1,13,5,17,21,9,24],[21,1,9,5,13,17,4,24],[5,17,9,1,13,21,24],[13,9,5,21,1,17,4,24],[17,9,21,5,1,13,4,24],[17,9,21,5,13,1,4,24],[13,21,1,17,5,9,4,24],[13,21,9,1,17,5,24],[21,13,9,1,17,5,4,24],[5,13,1,9,21,17,24],[17,9,1,21,13,5,4,24],[9,5,21,1,17,13,24],[21,9,1,17,13,5,4,24],[1,21,5,9,17,13,24],[9,21,5,17,1,13,4,24],[13,21,9,17,1,5,4,24],[5,13,9,17,1,21,24],[21,13,9,1,5,17,24],[1,5,9,21,17,13,24],[9,5,13,17,21,1,24],[9,1,13,5,21,17,24],[1,21,9,5,17,13,4,24],[1,13,21,5,17,9,24],[21,9,13,17,5,1,4,24],[9,1,5,21,13,17,4,24],[13,1,9,5,17,21,24],[21,5,17,13,9,1,4,24],[9,13,5,21,1,17,4,24],[13,17,9,5,21,1,24],[5,21,13,17,1,9,24],[1,13,9,5,17,21,24],[1,13,9,17,21,5,24],[1,13,9,5,21,17,24],[13,1,5,21,9,17,24],[1,17,13,9,5,21,24],[1,9,17,21,5,13,4,24],[21,17,9,5,13,1,4,24],[17,13,9,5,21,1,24],[1,13,17,21,5,9,24],[1,21,9,13,17,5,24],[21,5,1,9,13,17,4,24],[9,17,21,5,13,1,4,24],[13,1,17,21,5,9,4,24],[21,9,1,5,13,17,4,24],[1,5,9,17,13,21,4,24],[9,21,5,1,17,13,4,24],[1,17,9,13,5,21,24],[21,5,9,17,1,13,4,24],[9,17,13,21,5,1,4,24],[5,9,17,21,1,13,4,24],[13,9,1,21,17,5,24],[1,17,9,13,21,5,24],[17,5,21,1,9,13,24],[1,9,17,21,13,5,4,24],[5,13,21,1,17,9,4,24],[17,21,5,9,1,13,4,24],[17,21,13,9,1,5,24],[1,21,13,17,5,9,4,24],[1,5,21,13,9,17,4,24],[17,9,5,13,1,21,4,24],[13,9,1,17,21,5,4,24],[21,9,5,17,1,13,4,24],[13,17,1,5,9,21,24],[13,5,9,17,1,21,24],[21,9,1,13,17,5,4,24],[17,1,5,9,13,21,24],[13,1,9,17,5,21,4,24],[13,9,1,5,17,21,4,24],[21,9,17,1,13,5,24],[1,9,13,21,17,5,24],[17,13,9,5,1,21,24],[17,1,9,21,5,13,4,24],[17,9,13,21,1,5,4,24],[13,9,17,21,1,5,4,24],[9,17,1,5,21,13,24],[21,13,5,1,9,17,24],[9,1,5,13,21,17,4,24],[9,21,5,1,13,17,4,24],[13,1,21,5,9,17,24],[9,5,21,1,13,17,24],[21,9,17,5,13,1,24],[13,9,1,5,17,21,24],[21,17,9,5,1,13,24],[21,13,1,5,17,9,24],[17,21,9,5,1,13,24],[5,1,13,21,9,17,4,24],[21,13,1,17,5,9,4,24],[9,21,13,1,5,17,24],[17,1,21,13,5,9,4,24],[5,1,13,17,9,21,24],[21,5,13,1,17,9,24],[9,17,13,1,21,5,24],[17,5,13,21,9,1,24],[9,21,17,5,1,13,24],[9,5,1,13,21,17,24],[13,1,21,17,5,9,24],[5,13,17,9,1,21,4,24],[17,13,5,21,1,9,24],[9,1,13,21,5,17,24],[9,1,13,21,17,5,24],[1,13,9,5,17,21,4,24],[21,9,5,17,1,13,4,24],[17,21,13,5,9,1,24],[1,17,9,5,21,13,24],[17,21,5,13,9,1,4,24],[13,17,5,1,9,21,4,24],[21,1,9,5,13,17,24],[9,21,17,1,13,5,24],[17,9,21,5,13,1,4,24],[13,1,9,21,17,5,24],[9,17,5,1,13,21,4,24],[1,9,17,5,13,21,24],[9,17,5,13,21,1,24],[17,21,5,1,9,13,24],[13,21,1,5,9,17,24],[17,9,5,21,1,13,4,24],[13,9,1,5,21,17,24],[13,9,21,17,1,5,24],[9,21,5,17,13,1,24],[1,13,17,5,9,21,24],[21,9,5,17,13,1,4,24],[13,5,17,1,21,9,24],[1,21,9,17,13,5,24],[17,1,9,13,5,21,24],[9,1,5,13,17,21,24],[5,21,17,13,1,9,4,24],[17,21,9,5,1,13,4,24],[21,5,13,9,1,17,4,24],[17,1,9,5,13,21,24],[13,9,5,1,21,17,4,24],[13,17,21,9,5,1,4,24],[13,5,9,1,21,17,24],[1,9,13,21,5,17,24],[13,9,1,21,5,17,4,24],[13,21,5,17,1,9,4,24],[5,13,9,17,21,1,24],[5,9,17,21,13,1,24],[1,17,9,21,13,5,24],[5,1,13,17,21,9,24],[1,9,17,13,5,21,24],[17,5,1,21,13,9,4,24],[21,9,5,17,13,1,4,24],[5,21,17,13,1,9,4,24],[17,5,1,13,9,21,4,24],[21,5,17,9,1,13,4,24],[5,13,1,21,9,17,4,24],[1,5,9,21,13,17,4,24],[13,21,9,5,1,17,4,24],[17,13,9,21,5,1,24],[5,1,17,21,13,9,4,24],[1,21,5,17,9,13,24],[13,17,9,21,1,5,4,24],[21,17,13,5,9,1,4,24],[13,17,5,21,1,9,4,24],[17,9,13,5,1,21,4,24],[1,17,9,5,21,13,4,24],[13,17,5,1,9,21,24],[9,5,17,13,21,1,4,24],[21,9,17,1,5,13,4,24],[13,1,17,21,5,9,24],[5,13,21,1,9,17,24],[5,13,17,21,1,9,4,24],[21,17,1,13,5,9,4,24],[9,1,17,13,21,5,24],[1,17,9,13,5,21,4,24],[1,13,5,17,21,9,24],[13,5,1,21,17,9,24],[5,21,1,9,17,13,4,24],[1,9,5,13,21,17,4,24],[9,21,1,17,5,13,24],[17,9,13,5,1,21,24],[13,21,17,9,5,1,24],[13,5,1,21,9,17,24],[9,21,17,5,1,13,24],[5,17,13,1,9,21,4,24],[1,17,13,9,5,21,24],[21,1,13,9,5,17,24],[17,21,13,5,1,9,4,24],[17,9,13,1,5,21,24],[21,5,9,17,13,1,4,24],[9,5,21,13,1,17,4,24],[1,5,13,9,21,17,24],[9,17,1,5,13,21,4,24],[5,17,1,9,13,21,24],[17,9,1,13,21,5,24],[17,13,5,9,21,1,24],[17,9,13,1,21,5,4,24],[17,9,5,1,21,13,4,24],[9,21,5,1,13,17,4,24],[5,9,17,13,1,21,24],[9,1,5,13,17,21,24],[13,1,5,17,21,9,4,24],[9,5,1,17,21,13,4,24],[17,1,5,9,21,13,4,24],[17,21,9,5,1,13,4,24],[9,5,1,21,13,17,4,24],[5,1,13,9,21,17,24],[17,21,5,9,13,1,24],[17,1,9,21,5,13,24],[13,1,17,21,5,9,24],[9,13,17,21,5,1,4,24],[9,5,17,1,13,21,24],[1,9,13,21,17,5,4,24],[13,9,21,17,1,5,4,24],[5,21,13,9,1,17,4,24],[1,17,21,5,13,9,24],[17,13,1,21,9,5,24],[17,13,21,9,5,1,4,24],[5,17,21,13,9,1,24],[17,1,5,21,13,9,24],[21,17,13,9,5,1,4,24],[5,9,17,13,1,21,4,24],[17,1,21,5,9,13,24],[5,1,13,17,9,21,24],[13,9,5,17,1,21,24],[1,9,5,17,13,21,4,24],[5,9,17,13,21,1,24],[13,9,17,1,5,21,24],[5,1,9,13,17,21,24],[5,17,13,21,9,1,24],[21,1,5,13,17,9,4,24],[1,5,21,13,9,17,4,24],[1,9,5,13,17,21,4,24],[21,13,9,1,5,17,4,24],[21,5,13,9,1,17,24],[17,1,21,13,5,9,24],[9,21,5,1,17,13,4,24],[9,5,17,13,21,1,4,24],[17,21,9,13,1,5,4,24],[9,1,21,13,17,5,24],[9,17,5,1,13,21,4,24],[21,1,9,17,13,5,4,24],[9,21,13,1,5,17,24],[13,5,21,1,9,17,4,24],[9,1,17,21,5,13,4,24],[21,9,13,17,5,1,4,24],[21,9,5,1,17,13,24],[9,5,1,17,13,21,24],[17,13,21,1,9,5,4,24],[21,13,5,17,1,9,4,24],[21,13,1,9,17,5,4,24],[1,13,5,17,21,9,4,24],[1,5,9,17,13,21,4,24],[13,9,5,17,1,21,24],[17,13,1,21,5,9,24],[13,21,5,1,9,17,24],[9,13,5,1,21,17,24],[5,17,21,1,9,13,4,24],[9,5,13,17,1,21,4,24],[13,17,9,5,21,1,4,24],[21,13,1,9,5,17,24],[9,1,17,13,5,21,24],[1,9,13,17,5,21,4,24],[1,13,5,21,9,17,24],[17,13,5,21,9,1,4,24],[13,17,9,21,5,1,24],[1,21,9,13,17,5,24],[5,17,13,21,1,9,24],[5,9,17,21,13,1,24],[5,13,9,17,1,21,4,24],[5,21,1,17,13,9,24],[21,17,13,9,5,1,4,24],[1,5,21,13,9,17,4,24],[5,1,21,13,17,9,4,24],[21,13,9,5,17,1,24],[9,5,17,13,21,1,24],[17,9,1,21,5,13,24],[13,21,17,1,9,5,24],[5,17,13,1,9,21,4,24],[1,13,17,5,21,9,24],[5,21,13,9,1,17,4,24],[17,13,5,21,1,9,24],[9,13,1,5,17,21,4,24],[5,17,1,9,13,21,4,24],[9,17,13,1,5,21,4,24],[21,5,17,13,9,1,4,24],[17,5,21,13,1,9,24],[13,17,1,21,5,9,4,24],[9,5,1,13,21,17,24],[9,13,5,21,1,17,24],[1,21,17,9,13,5,24],[13,9,17,5,1,21,4,24],[17,5,1,21,9,13,24],[5,1,13,9,21,17,24],[13,1,21,5,9,17,4,24],[5,17,9,21,13,1,24],[13,5,9,17,21,1,4,24],[1,5,13,21,9,17,24],[5,17,13,21,1,9,4,24],[5,9,13,1,21,17,24],[5,21,13,17,1,9,24],[13,9,5,1,21,17,4,24],[5,1,9,17,21,13,24],[5,1,9,13,21,17,4,24],[13,21,5,17,1,9,24],[21,9,17,1,5,13,24],[5,9,13,17,1,21,24],[9,5,17,13,1,21,4,24],[1,21,9,17,5,13,24],[13,9,21,1,5,17,24],[1,9,5,13,21,17,24],[17,5,1,21,13,9,4,24],[9,1,17,13,5,21,4,24],[13,1,9,17,21,5,24],[5,13,1,21,17,9,24],[17,13,5,21,9,1,4,24],[17,9,5,21,1,13,4,24],[9,5,1,21,17,13,24],[21,17,5,1,13,9,24],[13,9,17,1,21,5,4,24],[17,13,1,21,5,9,4,24],[21,17,5,9,13,1,24],[13,1,17,5,21,9,4,24],[1,21,5,9,13,17,4,24],[13,1,17,5,9,21,4,24],[5,13,21,9,17,1,24],[21,17,9,5,1,13,4,24]],"n_human":11}