{"problem_id":"D1RZHPelpPlTsLw","sigma":75,"alpha":10.000,"cost":1,"probabilities":"[0.35, 0.2, 0.27, 0.18]","payoff_matrix":"[[-16, 60, -22, -89, 20, -14], [-39, 55, 57, -40, -143, 210], [11, -90, 93, -103, -11, 43], [7, -83, -136, -50, -101, 57]]","uncovered":[[17,13,21,5,1,9,7,19,23,18,3,11,10,24,22],[1,13,5,9,21,17,19,7,23,22],[21,1,13,9,17,5,19,7,23,18,3,11,22],[21,5,17,9,1,13,19,7,23,22],[17,13,9,5,1,21,19,7,23,18,3,11,22],[17,1,21,9,13,5,19,7,23,18,3,11,22],[21,13,9,5,17,1,7,19,23,20,3,11,10,22],[13,1,9,21,5,17,19,7,23,18,3,11,10,22],[9,13,5,21,1,17,19,7,23,18,3,11,22],[21,1,5,9,17,13,7,19,23,18,3,11,10,22],[17,13,9,21,5,1,19,7,23,18,3,11,10,22],[5,9,13,17,21,1,19,7,23,18,3,11,22],[17,1,5,13,9,21,19,7,23,22],[13,9,17,1,21,5,19,7,23,18,3,11,10,22],[9,17,5,13,21,1,19,7,23,22],[21,1,17,9,13,5,7,19,23,22],[1,5,21,9,17,13,7,19,23,22],[13,21,17,1,5,9,7,19,23,22],[5,17,9,13,1,21,7,19,23,18,3,11,10,22],[21,5,17,1,13,9,7,19,23,18,3,11,22],[5,17,9,13,1,21,7,19,23,18,3,11,10,22],[17,13,5,1,9,21,7,19,23,24,3,18,11,10,22],[1,5,13,17,9,21,7,19,23,24,3,11,10,22],[1,5,9,17,13,21,7,19,23,22],[13,1,17,21,5,9,19,7,3,23,24,20,11,10,22],[17,1,21,9,5,13,7,19,23,18,3,11,10,22],[13,5,17,21,1,9,19,7,23,18,3,11,22],[13,5,9,17,21,1,19,7,23,18,3,11,10,22],[21,9,17,13,1,5,7,19,23,18,3,11,22],[9,21,13,1,17,5,19,7,23,18,3,11,22],[1,9,21,17,5,13,19,7,23,18,3,11,22],[9,21,5,13,1,17,19,7,23,22],[9,5,21,13,17,1,7,19,23,22],[17,21,5,13,9,1,7,19,23,22],[5,17,21,1,13,9,7,19,23,18,3,11,22],[5,13,17,9,21,1,19,7,23,18,3,11,10,22],[13,9,17,5,1,21,7,19,3,23,22],[5,13,1,9,17,21,19,7,23,18,3,11,10,22],[1,17,9,13,5,21,19,7,23,18,3,11,10,22],[13,17,21,9,5,1,19,7,23,22],[9,13,1,17,5,21,19,7,23,18,3,11,12,2,22],[5,13,21,1,17,9,19,7,23,18,3,11,22],[1,9,21,17,5,13,7,19,23,20,3,11,22],[21,17,1,13,5,9,19,7,23,22],[21,9,5,13,17,1,19,7,23,18,3,11,22],[9,13,21,5,1,17,19,7,23,18,3,11,10,24,22],[21,5,9,17,1,13,7,19,23,22],[21,1,13,17,5,9,19,7,23,18,3,11,22],[21,9,13,1,5,17,19,7,23,22],[17,9,21,1,5,13,19,7,23,18,3,11,22],[5,9,21,1,13,17,19,7,23,18,3,11,22],[17,5,1,13,21,9,7,19,23,18,3,11,10,24,22],[9,1,17,13,5,21,19,7,23,22],[9,1,5,21,13,17,7,19,23,22],[17,1,5,21,9,13,7,19,23,22],[9,5,17,13,1,21,7,19,23,18,3,11,22],[9,13,1,17,21,5,7,19,23,22],[13,21,1,17,5,9,7,19,23,18,3,11,22],[1,21,17,13,5,9,7,19,23,22],[13,21,5,9,17,1,19,7,23,22],[5,1,21,9,17,13,19,7,23,18,3,11,10,22],[1,17,5,21,13,9,19,7,23,22],[21,9,17,13,5,1,7,19,23,22],[5,13,17,9,21,1,7,19,23,22],[13,9,5,1,17,21,7,19,3,23,18,11,22],[9,13,17,1,21,5,7,19,23,18,3,11,22],[9,13,1,21,5,17,7,19,23,22],[13,21,17,9,1,5,7,19,23,22],[17,9,5,13,1,21,19,7,23,18,3,11,22],[5,17,21,9,13,1,19,7,23,22],[13,21,5,1,17,9,7,19,23,18,3,11,22],[9,1,13,21,5,17,7,19,23,22],[21,9,5,1,17,13,7,19,3,23,22],[13,21,5,17,1,9,7,19,23,22],[5,9,1,21,17,13,7,19,23,18,3,11,22],[21,17,1,13,5,9,7,19,23,18,3,11,10,24,22],[5,21,9,17,1,13,7,19,23,22],[5,13,9,1,17,21,19,7,23,18,3,11,22],[1,17,13,5,21,9,19,7,23,22],[1,21,5,13,9,17,19,7,23,18,3,11,22],[5,9,1,17,21,13,19,7,23,22],[9,5,13,21,1,17,7,19,23,18,3,11,10,22],[13,5,1,17,9,21,7,19,3,23,22],[9,5,13,17,21,1,7,19,23,18,3,11,22],[17,9,13,5,21,1,19,7,23,22],[9,17,13,1,21,5,19,7,23,18,3,11,10,24,22],[13,5,9,1,21,17,7,19,23,22],[1,5,9,13,17,21,7,19,23,22],[1,9,5,13,21,17,7,19,23,18,3,11,22],[9,5,13,21,17,1,7,19,23,22],[1,21,17,9,5,13,7,19,23,18,3,11,10,24,22],[5,9,1,13,21,17,19,7,23,24,3,18,11,10,22],[1,17,21,13,5,9,19,7,23,18,3,11,10,22],[21,13,9,1,17,5,7,19,23,22],[9,17,5,13,21,1,7,19,23,18,3,11,10,22],[13,1,9,21,5,17,19,7,23,22],[1,9,13,21,17,5,19,7,23,22],[21,1,17,9,5,13,19,7,23,18,3,11,22],[17,9,13,1,21,5,19,7,23,22],[5,9,1,13,21,17,19,7,23,18,3,11,24,10,22],[21,1,5,17,13,9,19,7,23,18,3,11,10,22],[1,9,17,21,13,5,19,7,23,18,3,11,10,22],[21,1,13,9,17,5,19,7,23,18,3,11,22],[21,5,9,13,17,1,19,7,3,23,18,11,22],[5,17,13,21,1,9,7,19,3,23,22],[9,13,17,5,21,1,19,7,23,18,3,11,10,22],[13,1,21,17,5,9,7,19,23,22],[5,17,21,1,9,13,7,19,23,22],[21,5,17,1,9,13,19,7,23,22],[1,13,17,5,21,9,7,19,23,18,3,11,22],[13,9,5,17,1,21,7,19,23,18,3,11,10,22],[17,1,21,9,5,13,19,7,23,18,3,11,22],[21,9,13,17,1,5,19,7,23,22],[5,9,13,1,17,21,19,7,3,23,22],[1,21,13,9,5,17,7,19,23,22],[9,13,1,5,17,21,19,7,23,22],[21,9,5,13,1,17,7,19,23,22],[5,17,13,9,21,1,19,7,23,22],[5,9,21,13,1,17,7,19,23,22],[17,21,1,13,9,5,7,19,3,23,18,11,10,22],[21,1,5,13,17,9,7,19,23,18,3,11,10,22],[17,9,21,1,5,13,19,7,23,24,3,18,11,10,22],[5,1,13,21,9,17,19,7,23,18,3,11,22],[9,21,5,17,13,1,19,7,23,22],[17,13,5,1,21,9,7,19,23,22],[9,1,13,21,17,5,19,7,23,18,3,11,22],[5,17,13,1,9,21,19,7,23,18,3,11,10,22],[9,1,21,5,13,17,19,7,23,22],[13,9,5,21,1,17,7,19,23,18,3,11,10,22],[17,13,21,1,5,9,7,19,23,18,3,11,22],[17,9,5,21,13,1,19,7,23,18,3,11,22],[17,9,5,13,1,21,7,19,23,18,3,11,22],[1,17,9,21,5,13,7,19,23,18,3,11,22],[1,13,17,21,5,9,7,19,23,18,3,11,22],[13,5,1,21,9,17,19,7,23,22],[17,1,13,9,21,5,19,7,23,18,3,11,10,22],[9,21,5,17,1,13,7,19,23,22],[13,9,21,17,1,5,19,7,23,18,3,11,10,22],[13,21,17,5,1,9,7,19,23,20,3,11,12,22],[5,17,21,9,13,1,7,19,23,18,3,11,10,22],[9,21,1,13,17,5,7,19,23,22],[17,5,1,21,9,13,19,7,23,22],[17,9,1,5,13,21,19,7,23,22],[9,1,17,13,5,21,19,7,23,18,3,11,10,22],[5,17,1,13,9,21,7,19,3,23,18,11,10,22],[5,21,17,9,1,13,7,19,23,18,3,11,22],[5,9,1,17,13,21,19,7,23,18,3,11,10,22],[5,21,1,17,9,13,7,19,23,22],[5,9,1,13,17,21,7,19,23,22],[17,1,5,21,13,9,19,7,23,22],[9,17,21,5,1,13,7,19,23,18,3,11,22],[9,21,13,1,17,5,7,19,23,18,3,11,10,22],[1,9,13,21,17,5,7,19,23,22],[1,13,17,21,9,5,7,19,23,18,3,11,10,24,22],[9,17,13,5,21,1,19,7,23,22],[21,5,1,9,17,13,7,19,23,18,3,11,22],[5,9,17,13,1,21,7,19,23,18,3,11,12,22],[1,13,5,17,21,9,7,19,23,22],[1,21,17,13,9,5,7,19,23,18,3,11,10,22],[21,5,1,13,17,9,19,7,23,18,3,11,10,24,22],[21,17,5,1,13,9,19,7,23,22],[17,21,1,13,9,5,7,19,23,22],[13,9,17,1,21,5,7,19,23,22],[1,17,5,9,21,13,7,19,23,22],[13,21,9,5,1,17,7,19,23,22],[5,17,9,21,1,13,19,7,23,22],[9,1,5,17,21,13,19,7,23,18,3,11,10,22],[9,13,5,1,17,21,7,19,23,22],[5,17,1,21,9,13,7,19,23,22],[5,1,13,21,9,17,7,19,23,22],[21,17,13,5,1,9,7,19,23,18,3,11,22],[13,9,1,21,17,5,19,7,23,22],[1,9,21,17,5,13,19,7,23,18,3,11,22],[17,5,9,1,13,21,19,7,23,22],[13,5,1,17,21,9,19,7,23,22],[13,17,5,9,1,21,7,19,23,22],[5,13,9,17,21,1,19,7,23,22],[21,5,9,17,3,13,1,19,7,23,18,11,22],[9,21,13,5,17,1,19,7,23,18,3,11,22],[21,17,1,13,9,5,7,19,23,22],[1,17,13,9,5,21,7,19,3,23,20,11,22],[17,5,21,1,9,13,19,7,23,22],[17,5,13,9,21,1,19,7,23,18,3,11,10,22],[13,1,21,5,17,9,19,7,23,18,3,11,22],[17,21,1,13,5,9,7,19,23,22],[1,13,5,17,9,21,7,19,23,22],[5,21,17,13,1,9,7,19,23,22],[17,21,13,5,1,9,19,7,23,18,3,11,10,24,22],[13,21,5,17,9,1,7,19,23,22],[5,17,9,1,13,21,7,19,3,23,18,11,22],[17,13,21,5,1,9,7,19,23,22],[13,9,17,1,21,5,19,7,3,23,18,11,10,22],[17,5,1,9,13,21,19,7,23,22],[17,5,21,9,13,1,7,19,23,18,3,11,24,10,22],[21,13,9,1,5,17,19,7,23,22],[9,13,17,1,5,21,7,19,23,22],[5,1,17,13,21,9,19,7,23,18,3,11,22],[5,1,17,13,9,21,7,19,23,18,3,11,22],[13,17,21,9,1,5,19,7,23,18,3,11,22],[9,17,21,1,13,5,19,7,23,24,18,3,11,10,22],[21,5,9,13,17,1,7,19,23,18,3,11,12,22],[1,13,9,21,17,5,7,19,23,18,3,11,22],[9,21,17,1,13,5,7,19,23,20,3,11,12,2,6,22],[17,9,13,1,21,5,19,7,23,22],[9,1,21,5,17,13,7,19,23,22],[13,9,1,5,17,21,7,19,23,22],[17,9,13,21,5,1,7,19,23,22],[5,21,17,9,13,1,19,7,23,22],[13,9,5,21,1,17,7,19,23,18,3,11,22],[5,13,17,21,1,9,19,7,23,24,3,18,11,10,22],[17,9,21,1,13,5,19,7,23,18,3,11,10,24,22],[13,5,1,17,21,9,7,19,23,18,3,11,10,22],[5,9,21,1,13,17,19,7,23,18,3,11,10,22],[1,17,5,21,13,9,19,7,23,18,3,11,22],[17,1,5,21,9,13,19,7,23,22],[5,21,9,1,13,17,19,7,23,22],[21,17,9,13,5,1,7,19,23,22],[21,9,17,13,5,1,7,19,23,18,3,11,22],[5,1,9,13,17,21,7,19,3,23,24,18,11,10,22],[1,9,5,13,17,21,19,7,23,22],[21,17,1,5,9,13,7,19,23,22],[9,5,1,17,21,13,19,7,23,22],[1,5,13,9,21,17,7,19,23,22],[13,1,5,21,17,9,19,7,23,24,3,20,11,10,22],[13,9,21,5,17,1,19,7,23,18,3,11,10,22],[9,1,17,5,21,13,7,19,23,18,3,11,10,22],[9,1,5,13,21,17,19,7,23,22],[21,13,17,5,9,1,19,7,3,23,22],[9,21,5,1,13,17,19,7,23,22],[5,9,1,17,21,13,7,19,23,18,3,11,10,22],[21,17,13,9,5,1,19,7,23,20,3,11,22],[17,9,5,13,1,21,19,7,23,18,3,11,24,10,22],[1,5,17,21,9,13,7,19,23,18,3,11,22],[17,9,5,1,21,13,19,7,23,22],[5,17,9,1,13,21,7,19,23,18,3,11,10,22],[13,9,1,21,17,5,7,19,23,22],[1,13,21,17,9,5,7,19,23,18,3,11,22],[21,1,9,13,17,5,7,19,23,18,3,11,22],[5,17,13,1,21,9,19,7,23,22],[9,21,1,5,17,13,7,19,23,22],[5,1,13,17,9,21,19,7,23,22],[13,17,21,5,1,9,7,19,23,18,3,11,22],[5,21,1,13,9,17,7,19,23,18,3,11,10,24,22],[17,9,5,1,21,13,19,7,23,22],[9,13,1,21,17,5,19,7,23,18,3,11,22],[17,9,1,21,13,5,7,19,23,18,3,11,12,2,22],[17,9,21,1,13,5,19,7,23,18,3,11,10,22],[13,5,1,17,9,21,7,19,23,22],[21,17,13,9,5,1,7,19,23,22],[9,5,21,13,17,1,19,7,23,22],[1,9,13,5,21,17,7,19,23,18,3,11,22],[9,1,17,5,13,21,19,7,23,18,3,11,22],[5,13,9,17,21,1,7,19,23,18,3,11,22],[9,21,17,5,13,1,19,7,23,22],[17,5,21,9,1,13,7,19,23,22],[1,17,9,21,5,13,7,19,23,22],[9,13,5,21,17,1,7,19,23,22],[1,5,9,21,13,17,7,19,23,20,3,11,22],[1,5,17,9,13,21,7,19,23,18,3,11,22],[1,17,9,21,13,5,7,19,23,20,3,11,10,24,22],[5,9,21,13,1,17,19,7,23,18,3,11,24,10,22],[17,5,13,9,21,1,19,7,23,22],[9,5,1,17,13,21,19,7,23,18,3,11,10,22],[1,17,5,13,9,21,7,19,23,18,3,11,10,22],[9,5,1,17,21,13,19,7,23,22],[17,13,1,5,21,9,19,7,23,22],[21,13,5,1,9,17,7,19,23,18,3,11,10,22],[21,5,1,13,9,17,7,19,23,18,3,11,10,22],[9,1,17,5,13,21,19,7,23,18,3,11,22],[9,1,13,17,5,21,7,19,23,18,3,11,22],[21,5,17,1,13,9,7,19,23,22],[21,13,1,5,9,17,19,7,23,22],[13,5,9,1,17,21,19,7,3,23,18,11,24,10,22],[17,9,5,13,1,21,7,19,23,22],[5,17,21,13,9,1,19,7,23,22],[5,13,9,17,21,1,7,19,23,22],[13,1,21,5,17,9,19,7,23,18,3,11,22],[5,21,13,17,9,1,19,7,23,18,3,11,22],[5,9,1,17,13,21,19,7,23,22],[17,5,13,21,1,9,19,7,23,22],[9,13,21,5,17,1,19,7,23,18,3,11,10,22],[1,5,17,21,9,13,19,7,23,18,3,11,10,24,22],[5,13,21,9,17,1,19,7,23,22],[13,5,17,21,9,1,7,19,23,18,3,11,10,22],[13,17,1,9,5,21,19,7,3,23,18,11,12,22],[5,9,13,17,21,1,7,19,23,18,3,11,10,24,22],[21,9,13,5,1,17,19,7,23,18,3,11,12,22],[1,9,13,17,5,21,7,19,23,18,3,11,10,22],[13,17,21,9,5,1,19,7,23,22],[21,1,9,13,5,17,19,7,23,22],[9,1,17,13,21,5,7,19,23,18,3,11,10,22],[13,1,17,5,21,9,19,7,23,22],[13,5,9,17,21,1,19,7,23,22],[17,21,5,1,13,9,7,19,23,18,3,11,22],[13,9,5,1,21,17,19,7,23,18,3,11,22],[13,9,17,5,1,21,19,7,23,22],[9,13,21,1,5,17,19,7,3,23,22],[21,5,17,9,13,1,19,7,23,18,3,11,10,22],[21,5,13,1,9,17,7,19,23,18,3,11,24,10,22],[17,13,9,5,21,1,7,19,23,22],[21,5,9,17,13,1,19,7,23,22],[17,13,1,21,9,5,19,7,23,18,3,11,12,22],[21,13,1,5,17,9,7,19,23,24,3,20,11,10,22],[1,21,17,5,9,13,7,23,19,22],[5,17,9,21,1,13,19,7,23,22],[9,13,21,17,5,1,7,19,23,18,3,11,22],[21,5,17,9,1,13,19,7,23,18,3,11,22],[1,9,5,13,17,21,7,19,23,18,3,11,10,22],[17,9,5,13,1,21,19,7,23,22],[17,5,13,21,9,1,7,19,23,22],[5,21,17,9,1,13,19,7,23,18,3,11,12,22],[5,9,1,17,13,21,7,19,23,18,3,11,10,22],[17,21,5,1,13,9,19,7,23,18,3,11,10,22],[21,5,17,1,13,9,7,19,23,20,3,11,22],[1,9,13,17,5,21,19,7,23,18,3,11,22],[5,21,13,9,1,17,19,7,23,18,3,11,22],[17,9,5,21,13,1,7,19,23,22],[17,13,5,21,9,1,19,7,23,22],[5,17,9,13,1,21,19,7,23,18,3,11,22],[17,13,5,21,1,9,7,19,23,22],[13,17,21,5,9,1,19,7,23,18,3,11,10,22],[5,1,13,21,9,17,7,19,23,18,3,11,12,2,8,22],[13,9,1,17,5,21,19,7,23,22],[9,17,1,13,5,21,7,19,3,23,22],[1,17,13,21,5,9,19,7,23,18,3,11,10,22],[17,1,13,21,5,9,19,7,23,24,3,20,11,10,22],[1,17,13,21,9,5,19,7,23,18,3,11,22],[5,9,1,17,13,21,7,19,23,22],[21,1,9,5,13,17,7,19,23,20,3,11,22],[21,13,1,17,9,5,19,7,23,18,3,11,10,24,22],[13,5,17,1,21,9,7,19,23,22],[13,21,1,5,9,17,7,19,23,18,3,11,22],[1,5,21,13,17,9,19,7,23,18,3,11,22],[9,5,17,13,1,21,19,7,23,18,3,11,24,10,22],[1,9,21,13,5,17,19,7,23,18,3,11,10,22],[1,17,5,9,13,21,7,19,3,23,22],[9,1,13,21,17,5,7,19,3,23,18,11,10,24,22],[5,13,17,1,21,9,19,7,23,18,3,11,22],[13,17,21,5,1,9,7,19,23,24,18,3,11,10,22],[1,17,9,21,5,13,7,19,23,22],[5,1,21,17,9,13,19,7,23,22],[5,1,17,13,21,9,7,19,23,22],[9,5,1,13,17,21,7,19,23,24,18,3,11,10,22],[5,9,21,13,17,1,7,19,23,22],[13,5,21,9,1,17,19,7,23,22],[5,13,1,17,21,9,7,19,23,20,3,11,22],[5,21,13,1,9,17,7,19,23,22],[21,13,5,9,1,17,7,19,23,18,3,11,22],[17,1,9,13,21,5,7,19,23,22],[21,17,5,9,1,13,19,7,23,22],[17,21,1,5,9,13,19,7,23,22],[17,13,9,1,5,21,19,7,23,18,3,11,12,2,6,22],[9,1,13,5,21,17,19,7,23,18,3,11,22],[21,17,5,9,13,1,7,19,23,18,3,11,22],[1,21,13,5,9,17,7,19,23,22],[1,5,17,13,21,9,7,19,23,22],[9,5,13,21,1,17,7,19,23,24,3,20,11,10,22],[21,5,13,1,17,9,19,7,23,18,3,11,22],[9,5,1,17,21,13,19,7,23,22],[13,17,21,1,5,9,19,7,23,22],[17,21,5,1,13,9,7,19,23,22],[9,13,21,17,1,5,19,7,23,22],[1,5,17,21,13,9,7,19,23,22],[5,21,1,13,9,17,19,7,23,18,3,11,22],[17,9,21,13,5,1,19,7,23,18,3,11,22],[17,5,21,9,13,1,7,19,23,18,3,11,12,22],[21,17,9,1,5,13,19,7,23,22],[1,5,17,13,9,21,19,7,23,18,3,11,22],[13,5,21,17,1,9,7,19,23,18,3,11,22],[5,1,13,21,17,9,19,7,23,22],[9,1,13,17,5,21,7,19,23,18,3,11,22],[13,9,21,5,17,1,7,19,23,22],[9,5,1,13,17,21,19,7,23,22],[9,13,17,1,5,21,7,19,23,18,3,11,22],[5,13,9,21,1,17,19,7,23,22],[17,5,13,1,21,9,19,7,23,24,20,3,11,10,22],[9,21,17,5,1,13,7,19,23,22],[1,13,9,17,21,5,7,19,23,18,3,11,10,22],[1,13,17,9,5,21,7,19,23,18,3,11,22],[21,5,17,1,9,13,19,7,23,22],[21,13,9,5,17,1,19,7,23,22],[13,9,5,1,17,21,19,7,23,18,3,11,22],[17,1,21,9,13,5,7,19,23,22],[13,21,9,17,1,5,19,7,23,22],[13,9,5,1,17,21,19,7,23,18,3,11,10,22],[1,21,13,5,9,17,19,7,23,18,3,11,22],[5,9,1,13,21,17,19,7,23,18,3,11,10,24,22],[17,1,21,5,13,9,19,7,23,22],[13,1,5,17,9,21,19,7,23,22],[17,13,9,21,5,1,19,7,23,18,3,11,10,22],[21,1,17,13,9,5,7,19,23,22],[9,21,17,1,5,13,19,7,23,18,3,11,24,10,22],[1,21,13,9,17,5,7,19,23,18,3,11,22],[13,5,21,1,9,17,7,19,23,18,3,11,22],[21,17,5,9,13,1,19,7,3,23,18,11,10,24,22],[21,17,1,9,13,5,7,19,23,22],[13,5,1,21,9,17,7,19,23,18,3,11,22],[9,21,17,5,1,13,19,7,23,18,3,11,22],[17,21,5,1,9,13,7,19,23,22],[9,5,21,1,13,17,19,7,23,18,3,11,22],[21,13,1,9,17,5,19,7,23,22],[5,1,17,9,13,21,7,19,23,18,3,11,22],[5,1,9,17,21,13,7,19,23,20,3,11,10,22],[17,21,5,1,13,9,19,7,23,18,3,11,22],[5,21,13,9,17,1,19,7,23,18,3,11,22],[21,13,9,1,5,17,19,7,23,22],[13,17,21,5,1,9,19,7,3,23,18,11,22],[13,1,9,21,17,5,19,7,23,18,3,11,22],[9,21,5,17,1,13,7,19,23,18,3,11,10,22],[21,13,17,9,1,5,7,19,23,22],[13,1,17,21,5,9,19,7,23,18,3,11,22],[21,17,13,9,5,1,19,7,23,22],[1,5,17,13,21,9,7,19,23,22],[1,17,9,21,5,13,7,19,23,22],[13,5,17,1,21,9,7,19,23,22],[17,1,13,21,9,5,7,19,23,22],[17,21,13,9,1,5,7,19,23,20,3,11,10,22],[21,13,17,5,9,1,19,7,23,18,3,11,22],[1,21,5,9,17,13,19,7,23,22],[1,21,9,5,13,17,7,19,23,18,3,11,10,22],[1,9,17,21,13,5,7,19,23,22],[5,9,13,17,21,1,7,19,23,18,3,11,10,24,22],[5,13,1,9,21,17,19,7,23,22],[17,13,21,9,1,5,19,7,23,18,3,11,22],[1,17,9,13,21,5,19,7,23,22],[13,1,9,17,21,5,19,7,23,18,3,11,10,22],[9,1,17,21,13,5,7,19,23,22],[1,9,5,21,13,17,19,7,23,18,3,11,10,22],[17,21,13,1,5,9,19,7,23,22],[5,21,17,9,1,13,19,7,23,22],[9,5,13,1,21,17,7,19,23,22],[21,1,5,17,9,13,19,7,23,18,3,11,10,22],[13,5,1,17,21,9,7,19,23,22],[17,21,13,5,1,9,7,19,23,18,3,11,10,22],[1,5,9,17,21,13,19,7,23,18,3,11,10,22],[1,13,5,21,9,17,7,19,23,22],[17,1,13,5,21,9,19,7,23,24,3,11,10,22],[9,1,17,21,5,13,7,19,23,18,3,11,24,12,4,6,22],[5,9,21,17,1,13,19,7,23,22],[21,5,17,1,9,13,7,19,23,18,3,11,10,22],[1,13,17,9,5,21,19,7,23,22],[1,21,17,9,13,5,7,19,23,22],[1,5,21,17,13,9,19,7,23,18,3,11,10,24,22],[13,17,5,1,9,21,19,7,23,18,3,11,10,22],[1,5,21,9,17,13,19,7,23,20,3,11,10,22],[1,5,17,13,21,9,7,19,23,22],[1,9,13,5,17,21,19,7,23,22],[5,9,13,17,1,21,19,7,23,18,3,11,12,22],[13,1,5,21,9,17,7,19,23,18,3,11,22],[5,13,17,9,21,1,19,7,23,22],[9,1,13,21,5,17,19,7,23,18,3,11,22],[5,9,1,17,13,21,19,7,23,18,3,11,22],[9,21,13,5,1,17,19,7,23,20,3,11,10,22],[17,9,1,21,13,5,7,19,23,18,3,11,10,22],[5,1,13,21,9,17,19,7,23,22],[1,13,21,9,17,5,19,7,23,22],[13,21,1,5,9,17,19,7,23,18,3,11,10,22],[13,5,21,9,1,17,7,19,23,22],[17,9,1,5,21,13,19,7,23,18,3,11,10,24,22],[5,1,17,21,13,9,7,19,23,18,3,11,10,22],[17,9,1,5,13,21,19,7,23,22],[9,17,1,5,13,21,7,19,23,22],[1,9,5,21,13,17,19,7,23,20,3,11,22],[13,5,17,1,21,9,7,19,23,22],[1,17,21,13,5,9,19,7,23,18,3,11,22],[17,1,9,21,5,13,7,19,23,22],[13,17,1,5,9,21,7,19,23,22],[5,13,9,1,21,17,19,7,23,18,3,11,10,24,22],[1,9,5,13,17,21,19,7,23,18,3,11,22],[9,13,21,1,17,5,19,7,23,18,3,11,10,24,22],[5,1,13,21,17,9,19,7,23,18,3,11,10,22],[17,5,1,9,21,13,19,7,23,18,3,11,22],[21,17,13,9,1,5,7,19,23,18,3,11,22],[21,13,9,1,17,5,19,7,23,22],[21,17,1,13,5,9,7,19,23,22],[13,21,5,9,17,1,19,7,23,18,3,11,22],[13,21,5,17,1,9,19,7,23,18,3,11,10,24,22],[5,13,17,21,9,1,19,7,23,22],[1,17,13,9,5,21,19,7,23,18,3,11,10,22],[1,9,13,21,5,17,19,7,23,18,3,11,22],[9,1,21,13,17,5,19,7,23,18,3,11,22],[1,17,9,13,21,5,7,19,23,22],[9,1,21,5,17,13,19,7,23,22],[9,17,21,1,5,13,19,7,23,20,3,11,22],[9,13,5,17,21,1,19,7,23,18,3,11,22],[21,1,13,17,9,5,7,19,23,22],[21,17,5,1,13,9,19,7,23,18,3,11,10,22],[13,5,21,17,9,1,19,7,23,18,3,11,22],[17,5,13,21,9,1,19,7,23,24,3,18,11,10,22],[17,13,9,5,1,21,7,19,23,22],[21,5,1,13,9,17,19,7,23,18,3,11,12,22],[17,1,21,9,5,13,7,19,23,22],[9,5,13,17,21,1,19,7,23,22],[17,21,5,13,9,1,7,19,23,22],[13,17,9,21,5,1,19,7,23,18,3,11,22],[9,13,5,1,21,17,7,19,23,18,3,11,22],[5,9,21,17,13,1,19,7,23,18,3,11,10,22],[5,13,9,21,1,17,7,19,23,22],[17,5,9,1,13,21,19,7,23,22],[21,9,17,1,5,13,19,7,23,22],[13,21,9,17,1,5,7,19,23,18,3,11,22],[9,13,21,1,5,17,7,19,23,22],[17,13,21,5,1,9,7,19,23,18,3,11,24,10,22],[21,17,9,5,1,13,7,19,23,18,3,11,12,22],[1,5,17,9,13,21,19,7,23,18,3,11,12,2,22],[17,1,13,9,21,5,19,7,23,22],[1,17,9,5,21,13,7,19,23,22],[5,9,21,17,1,13,7,19,23,22],[5,1,9,17,21,13,19,7,23,18,3,11,10,24,22],[9,17,5,1,21,13,7,19,23,22],[13,21,5,17,1,9,19,7,23,22],[9,1,17,13,5,21,19,7,23,20,3,11,22],[17,13,5,21,1,9,19,7,23,18,3,11,10,24,22],[17,5,21,1,13,9,7,19,23,22],[17,1,5,21,13,9,19,7,23,18,3,11,22],[17,5,21,1,13,9,19,7,23,22],[1,17,21,9,13,5,7,19,23,22],[13,9,21,5,1,17,19,7,23,18,3,11,10,24,22],[9,1,13,5,21,17,7,19,23,18,3,11,10,22],[21,9,17,13,5,1,19,7,23,22],[9,17,1,21,5,13,19,7,23,22],[5,1,9,21,17,13,19,7,23,18,3,11,22],[1,5,9,21,13,17,7,19,23,22],[21,17,1,5,13,9,7,19,23,18,3,11,22],[21,9,13,1,17,5,19,7,23,18,3,11,10,22],[5,1,21,17,13,9,19,7,23,22],[13,1,9,5,21,17,19,7,23,18,3,11,10,22],[17,9,5,21,1,13,7,19,23,18,3,11,22],[9,13,21,1,17,5,19,7,23,22],[5,21,1,17,13,9,7,19,23,22],[1,21,9,17,5,13,7,19,23,18,3,11,12,2,22],[5,9,17,21,1,13,7,19,23,18,3,11,24,10,22],[17,13,21,1,5,9,7,19,23,18,3,11,10,22],[21,13,1,17,9,5,19,7,23,18,3,11,22],[17,5,1,13,21,9,7,19,23,22],[17,1,13,9,21,5,7,19,23,18,3,11,22],[17,1,21,5,9,13,7,19,23,18,3,11,10,22],[1,17,9,5,13,21,19,7,23,22],[21,5,1,9,17,13,19,7,23,18,3,11,10,22],[5,1,9,13,17,21,7,19,23,18,3,11,12,22],[17,5,21,9,1,13,7,19,23,22],[17,5,21,9,13,1,19,7,23,22],[17,1,13,9,5,21,7,19,23,22],[13,21,9,1,5,17,7,19,23,22],[9,5,13,21,17,1,7,19,23,18,3,11,10,22],[5,17,9,13,21,1,7,19,23,22],[5,17,9,1,13,21,19,7,23,18,3,11,22],[1,9,5,21,13,17,7,19,23,22],[13,1,21,9,17,5,7,19,23,22],[1,9,17,21,13,5,7,19,23,18,3,11,22],[5,1,13,17,21,9,19,7,23,22],[5,13,21,17,9,1,19,7,23,22],[17,21,1,9,5,13,7,19,23,18,3,11,22],[13,1,5,21,17,9,7,19,23,18,3,11,10,22],[13,5,9,17,21,1,7,19,23,22],[17,9,21,1,5,13,7,19,23,22],[17,9,1,21,5,13,7,19,23,18,3,11,22],[1,13,21,9,17,5,7,19,23,18,3,11,22],[9,5,17,1,13,21,19,7,23,22],[9,21,13,1,5,17,7,19,3,23,18,11,22],[13,9,5,17,1,21,19,7,23,22],[13,21,9,17,1,5,7,19,23,18,3,11,10,22],[9,13,17,1,21,5,7,19,23,22],[1,5,9,13,17,21,19,7,23,18,3,11,10,24,22],[9,17,1,5,21,13,19,7,23,22],[5,21,17,13,1,9,7,19,23,22],[13,17,1,9,5,21,7,19,3,23,18,11,22],[5,1,9,13,17,21,19,7,23,18,3,11,24,10,22],[5,9,17,1,21,13,19,7,23,22],[17,21,13,5,1,9,19,7,23,22],[21,9,17,13,5,1,19,7,23,22],[5,13,9,17,1,21,19,7,3,23,22],[1,17,5,13,21,9,19,7,23,22],[21,9,17,5,13,1,7,19,23,18,3,11,24,10,22],[1,5,9,13,17,21,19,7,23,22],[1,17,5,13,9,21,7,19,3,23,22],[21,17,13,9,1,5,19,7,23,22],[1,9,5,13,17,21,7,19,23,18,3,11,22],[1,21,9,13,5,17,19,7,23,22],[17,1,5,13,9,21,7,19,23,22],[21,9,13,17,1,5,19,7,23,22],[21,13,1,17,5,9,19,7,23,18,3,11,10,22],[21,17,5,9,1,13,7,19,23,22],[1,21,17,9,5,13,19,7,23,22],[9,5,21,1,13,17,19,7,23,18,3,11,10,22],[13,17,1,9,21,5,19,7,23,22],[21,1,5,9,17,13,19,7,23,22],[13,1,17,5,21,9,19,7,23,18,3,11,10,22],[9,1,13,5,21,17,7,19,23,18,3,11,10,24,22],[13,21,9,5,17,1,7,19,23,18,3,11,22],[1,9,13,17,5,21,7,19,23,22],[21,5,17,9,13,1,19,7,23,22],[9,13,1,5,21,17,7,19,23,22],[21,9,5,1,13,17,7,19,23,18,3,11,10,24,22],[13,21,9,17,5,1,19,7,23,22],[1,5,9,13,21,17,19,7,23,18,3,11,10,22],[21,13,1,17,5,9,19,7,3,23,20,11,24,10,22],[17,21,5,9,1,13,7,19,23,18,3,11,10,24,22],[13,1,21,5,9,17,19,7,23,18,3,11,10,24,22],[5,17,13,9,1,21,19,7,23,18,3,11,24,10,22],[9,5,1,13,21,17,7,19,23,22],[9,13,1,21,5,17,7,19,23,22],[9,5,17,1,13,21,19,7,23,18,3,11,24,10,22],[21,17,9,13,5,1,7,19,23,18,3,11,24,10,22],[17,13,9,1,5,21,7,19,23,18,3,11,22],[9,21,13,17,1,5,19,7,23,22],[13,17,5,9,21,1,7,19,23,22],[9,13,1,5,17,21,7,19,23,22],[13,9,21,5,17,1,7,19,23,22],[5,21,17,13,9,1,19,7,23,18,3,11,10,22],[9,17,5,21,1,13,19,7,23,22],[17,9,1,21,5,13,19,7,23,22],[9,17,21,1,5,13,19,7,23,18,3,11,10,22],[1,5,17,13,9,21,7,19,23,22],[13,9,1,5,21,17,19,7,23,22],[9,13,17,1,5,21,7,19,23,24,3,18,11,10,22],[9,1,21,5,13,17,19,7,23,18,3,11,22],[21,13,5,17,9,1,7,19,23,18,3,11,10,22],[17,13,9,1,21,5,7,19,23,22],[13,17,5,1,21,9,7,19,23,18,3,11,10,22],[13,1,5,9,21,17,7,19,23,18,3,11,22],[5,9,21,17,1,13,7,19,23,18,3,11,10,24,22],[13,5,1,9,17,21,19,7,23,18,3,11,10,22],[5,13,21,9,17,1,19,7,3,23,18,11,10,22],[17,13,21,1,5,9,7,19,23,22],[5,1,9,13,21,17,19,7,23,18,3,11,22],[21,13,5,1,9,17,7,19,23,18,3,11,22],[5,13,9,17,1,21,7,19,23,18,3,11,10,22],[21,17,5,13,9,1,19,7,23,18,3,11,10,22],[1,13,5,9,21,17,19,7,23,20,3,11,10,24,22],[5,9,1,17,13,21,19,7,23,18,3,11,22],[5,13,9,21,17,1,19,7,23,18,3,11,22],[1,5,9,13,17,21,7,19,23,18,3,11,10,22],[9,17,1,5,13,21,7,19,23,18,3,11,22],[9,13,17,5,1,21,19,7,23,18,3,11,10,22],[1,13,9,21,5,17,19,7,23,22],[17,21,1,9,13,5,7,19,23,18,3,11,22],[21,9,1,5,13,17,19,7,23,18,3,11,22],[17,1,21,9,5,13,19,7,23,18,3,11,10,24,22],[1,21,5,17,9,13,7,19,23,22],[9,21,5,17,13,1,7,19,23,18,3,11,10,22],[1,9,21,5,17,13,19,7,3,23,22],[21,17,13,1,5,9,19,7,23,22],[5,1,9,13,21,17,19,7,23,18,3,11,22],[13,9,5,1,17,21,19,7,23,18,3,11,10,24,22],[13,21,1,17,5,9,7,19,23,18,3,11,22],[1,5,9,21,13,17,7,19,23,18,3,11,10,22],[13,21,17,5,9,1,7,19,23,22],[1,17,13,5,21,9,19,7,23,18,3,11,22],[9,21,1,13,5,17,7,19,23,18,3,11,22],[13,21,1,9,17,5,7,19,23,22],[1,21,17,13,9,5,19,7,23,22],[1,21,9,5,13,17,7,19,23,22],[1,21,13,17,9,5,19,7,23,22],[9,1,13,5,21,17,19,7,23,18,3,11,10,22],[9,5,13,21,1,17,19,7,23,22],[13,17,1,5,21,9,7,19,23,22],[1,9,17,5,13,21,7,19,23,18,3,11,10,22],[21,5,1,17,9,13,19,7,23,18,3,11,10,24,22],[17,9,1,13,5,21,19,7,23,22],[13,9,21,5,17,1,19,7,23,18,3,11,22],[9,21,17,1,5,13,19,7,23,18,3,11,10,22],[5,1,13,17,21,9,19,7,23,22],[13,5,1,17,9,21,19,7,23,22],[21,9,5,17,13,1,7,19,23,18,3,11,22],[9,1,13,17,5,21,19,7,23,22],[1,17,21,9,13,5,7,19,23,22],[17,5,9,1,13,21,19,7,23,18,3,11,10,24,22],[1,5,13,21,17,9,7,19,23,18,3,11,24,12,2,8],[13,5,21,9,1,17,7,19,23,22],[21,1,5,17,9,13,7,19,23,18,3,11,10,22],[1,9,13,17,5,21,7,19,23,22],[1,21,9,17,5,13,7,19,3,23,18,11,22],[9,17,21,13,5,1,7,19,23,22],[17,5,21,9,13,1,7,19,23,22],[9,5,13,17,21,1,7,19,23,18,3,11,22],[9,1,21,5,17,13,7,19,23,18,3,11,10,24,22],[17,5,13,1,21,9,19,7,23,22],[21,9,17,1,5,13,7,19,23,18,3,11,22],[1,21,17,9,13,5,19,7,23,18,3,11,24,10,22],[5,17,21,1,13,9,19,7,23,20,3,11,22],[17,5,13,1,9,21,7,19,23,18,3,11,10,22],[21,9,17,1,5,13,19,7,23,18,3,11,10,22],[21,13,17,5,9,1,19,7,23,22],[9,21,13,5,1,17,19,7,23,18,3,11,22],[21,9,5,13,17,1,7,19,23,18,3,11,22],[13,1,21,5,17,9,19,7,23,22],[17,21,5,13,1,9,7,19,23,22],[13,17,21,5,1,9,19,7,23,22],[21,13,9,17,5,1,7,19,23,22],[9,17,13,5,1,21,7,19,23,22],[1,5,13,17,9,21,7,19,3,23,18,11,22],[13,17,1,9,21,5,7,19,23,22],[9,1,17,13,5,21,19,7,23,18,3,11,22],[21,5,17,13,9,1,7,19,23,18,3,11,10,22],[1,13,21,9,5,17,7,19,23,18,3,11,22],[1,17,5,21,13,9,19,7,23,18,3,11,10,22],[13,1,5,17,21,9,19,7,23,18,3,11,22],[17,5,1,9,21,13,7,19,23,20,3,11,22],[21,9,1,17,13,5,19,7,23,22],[9,13,17,5,21,1,7,19,3,23,22],[1,5,17,21,13,9,19,7,23,18,3,11,10,24,22],[9,1,17,5,13,21,7,19,23,18,3,11,24,10,22],[1,21,17,13,5,9,19,7,23,18,3,11,10,24,22],[9,17,1,21,13,5,19,7,23,18,3,11,22],[1,9,17,21,5,13,19,7,23,22],[13,21,9,1,5,17,7,19,23,22],[9,17,13,5,1,21,19,7,23,22],[5,9,17,1,21,13,7,19,23,24,3,18,11,10,22],[9,5,1,21,13,17,19,7,23,18,3,11,10,24,22],[5,9,1,13,17,21,19,7,23,22],[17,9,5,13,21,1,7,19,23,18,3,11,22],[17,1,13,21,9,5,19,7,23,22],[17,1,21,13,5,9,19,7,23,22],[5,1,17,21,13,9,19,7,23,24,3,20,12,4,6,22],[17,9,5,21,1,13,7,19,23,18,3,11,22],[17,21,9,5,1,13,19,7,23,18,3,11,22],[13,5,9,21,17,1,19,7,23,18,3,11,10,22],[17,21,1,13,5,9,19,7,23,18,3,11,22],[13,17,5,1,9,21,19,7,23,18,3,11,24,10,22],[1,21,9,17,13,5,7,19,23,18,3,11,22],[5,21,9,13,17,1,7,19,23,18,3,11,22],[1,5,9,21,13,17,19,7,23,18,3,11,10,22],[5,17,21,9,13,1,19,7,23,18,3,11,22],[21,9,5,17,13,1,7,19,23,22],[1,21,13,17,5,9,7,19,23,22],[1,9,21,13,5,17,19,7,23,18,3,11,22],[5,21,13,1,17,9,7,19,23,18,3,11,22],[9,5,1,21,17,13,19,7,23,22],[1,21,13,9,5,17,19,7,23,18,3,11,22],[5,13,1,9,21,17,7,19,23,22],[21,17,9,5,1,13,19,7,23,22],[21,13,9,17,5,1,7,19,23,22],[1,17,13,5,21,9,7,19,23,22],[13,21,5,9,1,17,7,19,23,18,3,11,22],[9,13,1,5,17,21,19,7,23,18,3,11,22],[21,5,13,9,17,1,19,7,23,18,3,11,10,22],[13,1,21,5,17,9,19,7,23,22],[17,1,9,13,5,21,7,19,23,22],[1,17,5,13,9,21,19,7,23,18,3,11,22],[5,1,13,17,21,9,19,7,23,18,3,11,22],[21,1,5,13,17,9,7,19,23,18,3,11,22],[13,1,5,9,17,21,7,19,23,22],[21,13,5,17,1,9,19,7,23,22],[5,17,13,21,1,9,7,19,23,18,3,11,10,22],[9,13,1,5,17,21,19,7,23,22],[21,13,1,9,17,5,19,7,23,18,3,11,24,10,22],[21,5,13,9,17,1,7,19,23,18,3,11,10,22],[5,13,9,21,1,17,19,7,23,22],[5,9,1,21,17,13,7,19,23,22],[5,1,9,13,21,17,7,19,23,22],[21,5,17,13,9,1,7,19,23,18,3,11,22],[5,13,9,1,17,21,19,7,23,24,3,18,11,10,22],[21,1,5,17,9,13,7,19,23,22],[21,1,5,9,17,13,19,7,23,22],[5,13,1,17,9,21,7,19,23,22],[17,13,1,21,5,9,19,7,23,18,3,11,10,22],[17,9,21,13,1,5,19,7,23,18,3,11,10,24,22],[17,1,13,9,5,21,19,7,23,18,3,11,22],[5,21,1,17,13,9,19,7,23,22],[5,1,21,17,9,13,19,7,23,22],[17,5,21,13,9,1,19,7,23,22],[13,17,5,9,21,1,19,7,23,22],[17,5,13,21,1,9,19,7,23,22],[9,21,5,1,17,13,19,7,23,22],[1,17,9,13,5,21,19,7,23,18,3,11,24,10,22],[1,13,17,9,5,21,7,19,23,22],[5,17,1,13,9,21,19,7,23,18,3,11,10,22],[9,1,21,13,5,17,7,19,23,22],[9,13,5,17,21,1,7,19,23,22],[21,13,5,9,17,1,19,7,23,24,20,3,11,10,22],[1,5,9,13,21,17,19,7,23,22],[1,5,21,13,17,9,19,7,23,18,3,11,10,22],[13,9,17,1,5,21,7,19,23,18,3,11,22],[17,9,21,5,1,13,19,7,23,18,3,11,10,22],[13,5,1,9,17,21,7,19,23,22],[21,1,17,9,13,5,7,19,23,22],[1,21,13,9,5,17,7,19,23,20,3,11,24,10,22],[13,17,9,1,5,21,7,19,23,22],[5,9,13,21,1,17,19,7,23,22],[13,1,5,21,17,9,19,7,23,22],[13,9,17,1,21,5,7,19,23,22],[13,1,5,17,21,9,7,19,23,22],[21,5,9,17,13,1,19,7,23,18,3,11,22],[9,21,13,5,1,17,19,7,23,18,3,11,22],[9,13,5,17,1,21,19,7,23,22],[13,5,9,1,17,21,19,7,23,22],[1,5,21,17,13,9,7,19,23,22],[5,21,13,17,9,1,7,19,3,23,18,11,22],[1,5,17,13,9,21,7,19,23,22],[13,17,21,1,9,5,7,19,23,22],[5,17,9,21,1,13,7,19,23,22],[17,13,9,21,1,5,19,7,23,22],[9,17,13,1,5,21,7,19,23,18,3,11,22],[17,9,5,13,21,1,7,19,23,18,3,11,10,22],[1,21,13,17,5,9,19,7,23,22],[21,5,9,17,1,13,7,19,23,20,3,11,10,22],[9,5,13,21,1,17,7,19,23,18,3,11,22],[13,21,1,17,9,5,7,19,23,18,3,11,10,22],[17,9,1,5,21,13,19,7,23,22],[9,5,21,1,13,17,19,7,23,22],[9,17,1,21,13,5,19,7,23,22],[17,9,21,1,5,13,7,19,23,18,3,11,10,24,22],[17,9,13,21,1,5,7,19,3,23,22],[21,5,1,9,17,13,19,7,23,22],[1,17,5,13,9,21,7,19,23,18,3,11,22],[21,5,1,13,9,17,7,19,23,18,3,11,10,24,22],[5,1,9,21,13,17,19,7,23,18,3,11,10,22],[13,9,21,5,1,17,7,19,23,22],[1,17,9,13,21,5,7,19,23,18,3,11,10,22],[9,5,17,21,1,13,7,19,23,22],[5,9,17,1,13,21,19,7,23,22],[21,1,13,17,5,9,19,7,23,18,3,11,22],[21,5,9,13,1,17,19,7,23,18,3,11,22],[21,9,5,17,1,13,19,7,23,20,3,11,10,22],[17,13,9,21,5,1,19,7,23,22],[21,5,1,13,17,9,19,7,23,22],[9,17,5,13,1,21,19,7,23,18,3,11,22],[9,21,5,13,17,1,19,7,23,18,3,11,10,22],[17,21,13,5,9,1,19,7,23,18,3,11,10,22],[1,21,9,17,5,13,7,19,23,18,3,11,10,22],[17,1,5,13,21,9,7,19,23,22],[5,17,21,1,9,13,19,7,23,18,3,11,22],[13,1,21,5,9,17,7,19,23,22],[21,1,17,9,5,13,19,7,23,18,3,11,22],[9,5,1,17,21,13,7,19,23,18,3,11,10,24,22],[5,21,13,9,17,1,7,19,23,18,3,11,12,2,22],[5,13,17,21,9,1,7,19,23,22],[1,5,13,17,9,21,7,19,23,22],[21,1,17,13,9,5,19,7,23,18,3,11,10,22],[13,21,5,17,1,9,7,19,23,22],[1,17,13,5,9,21,19,7,23,18,3,11,22],[9,1,17,5,13,21,19,7,23,18,3,11,22],[1,21,13,17,9,5,7,19,23,18,3,11,10,22],[9,5,13,1,21,17,7,19,23,22],[1,5,17,9,21,13,19,7,23,18,3,11,24,10,22],[21,5,17,9,1,13,19,7,23,22],[17,13,21,1,9,5,7,19,23,18,3,11,24,10,22],[21,13,9,1,5,17,19,7,23,22],[9,5,1,21,13,17,19,7,23,22],[21,9,5,13,17,1,19,7,23,22],[21,9,13,5,1,17,19,7,23,22],[13,1,17,21,5,9,7,19,23,22],[1,17,9,13,21,5,19,7,23,22],[5,17,13,21,9,1,19,7,23,22],[9,21,13,1,17,5,7,19,23,22],[5,1,21,9,13,17,7,19,23,18,3,11,12,4,22],[17,5,13,21,9,1,7,19,23,18,3,11,10,24,22],[9,1,13,21,17,5,7,19,23,18,3,11,10,22],[21,1,13,9,17,5,19,7,23,18,3,11,10,22],[17,9,5,21,1,13,7,19,23,22],[1,5,17,13,9,21,7,19,23,18,3,11,22],[13,21,9,5,17,1,7,19,23,22],[13,5,21,9,1,17,7,19,23,18,3,11,22],[9,5,1,17,13,21,19,7,23,22],[21,17,9,13,5,1,19,7,23,22],[17,1,21,9,5,13,19,7,23,22],[13,5,21,1,17,9,7,19,23,22],[1,5,17,13,21,9,19,7,23,18,3,11,22],[17,13,5,1,9,21,7,19,23,20,3,11,22],[9,21,5,17,13,1,19,7,23,18,3,11,10,22],[21,5,9,17,13,1,19,7,23,22],[9,5,21,17,13,1,19,7,23,22],[1,5,21,17,9,13,7,19,23,22],[13,17,5,1,9,21,19,7,23,18,3,11,22],[13,1,9,21,5,17,19,7,3,23,18,11,22],[5,17,1,9,13,21,7,19,23,22],[17,5,1,9,13,21,7,19,23,22],[13,1,21,17,9,5,19,7,23,18,3,11,22],[21,9,13,5,1,17,19,7,23,22],[9,5,13,1,17,21,7,19,23,22],[1,13,21,5,9,17,7,19,3,23,22],[21,1,17,13,5,9,19,7,23,22],[21,13,17,1,5,9,7,19,23,18,3,11,22],[1,5,21,13,9,17,7,19,23,18,3,11,22],[5,17,1,21,13,9,7,19,23,18,3,11,10,22],[13,21,1,5,9,17,7,19,23,18,3,11,10,22],[9,1,5,21,13,17,7,19,23,22],[21,9,1,13,17,5,7,19,23,18,3,11,22],[13,5,9,17,1,21,19,7,23,22],[21,1,17,9,13,5,7,19,23,22],[21,17,5,1,9,13,7,19,23,24,3,18,11,10,22],[5,1,13,9,17,21,19,7,23,18,3,11,22],[17,21,9,5,13,1,7,19,23,22],[17,21,9,1,13,5,19,7,23,18,3,11,22],[17,21,9,13,1,5,7,19,23,18,3,11,22],[9,1,5,13,17,21,19,7,23,18,3,11,22],[5,13,17,1,21,9,7,19,23,18,3,11,10,22],[1,17,9,21,5,13,19,7,23,24,18,3,11,10,22],[5,9,21,1,13,17,7,19,3,23,22],[1,5,21,9,17,13,7,19,23,22],[21,5,1,13,17,9,19,7,3,23,22],[13,5,1,17,9,21,7,19,23,18,3,11,10,22],[17,5,21,13,1,9,19,7,23,18,3,11,10,22],[17,13,9,21,5,1,19,7,23,18,3,11,10,22],[5,1,13,17,9,21,19,7,23,20,3,11,22],[13,1,9,5,21,17,19,7,23,22],[1,13,9,21,5,17,19,7,23,22],[13,17,5,1,9,21,19,7,23,18,3,11,22],[5,17,1,9,13,21,19,7,23,22],[5,1,9,13,21,17,19,7,23,18,3,11,22],[9,5,1,21,13,17,19,7,23,22],[17,21,5,13,9,1,19,7,23,22],[5,1,9,13,17,21,7,19,23,22],[21,9,13,17,5,1,19,7,23,22],[1,17,5,13,9,21,7,19,23,18,3,11,24,10,22],[9,1,13,17,5,21,19,7,23,18,3,11,10,22],[1,9,5,13,17,21,7,19,23,18,3,11,10,22],[17,21,9,5,13,1,7,19,23,18,3,11,12,22],[9,1,13,17,5,21,7,19,23,22],[17,13,21,5,1,9,19,7,23,18,3,11,22],[13,5,21,9,17,1,19,7,23,18,3,11,10,24,22],[21,1,9,13,17,5,19,7,23,22],[9,1,21,5,13,17,7,19,23,22],[9,5,17,21,1,13,19,8,7,23,22],[9,17,13,5,1,21,19,7,23,18,3,11,10,24,22],[17,5,1,9,21,13,19,7,3,23,24,20,11,10,22],[1,17,5,9,21,13,7,19,23,18,3,11,10,22],[17,1,13,5,21,9,7,19,23,22],[13,1,17,9,21,5,19,7,23,22],[13,5,21,1,17,9,19,7,23,24,3,11,10,22],[9,17,5,1,21,13,7,19,23,22],[13,17,5,21,9,1,19,7,23,18,3,11,22],[17,21,1,5,9,13,7,19,23,22],[9,1,5,17,13,21,19,7,23,22],[5,1,9,21,17,13,19,7,23,22],[21,1,9,13,17,5,7,19,23,22],[13,9,21,1,17,5,7,19,3,23,22],[5,13,1,21,17,9,7,19,23,18,3,11,10,22],[13,21,9,1,5,17,7,19,23,18,3,11,12,24,6,22],[17,13,9,5,1,21,19,7,23,18,3,11,10,22],[1,21,13,17,5,9,19,7,23,22],[21,17,1,13,5,9,19,7,23,22],[13,1,21,17,5,9,7,19,23,22],[9,1,5,17,21,13,19,7,23,18,3,11,22],[21,17,1,5,13,9,7,19,23,18,3,11,22],[13,17,21,1,5,9,19,7,23,24,3,18,11,10,22],[1,9,17,5,13,21,7,19,23,22],[1,13,9,5,21,17,7,19,23,18,3,11,10,22],[13,21,9,17,1,5,7,19,23,24,3,18,11,10,22],[1,17,13,21,9,5,19,7,23,18,3,11,22],[21,5,17,13,9,1,7,19,23,18,3,11,10,24,22],[5,17,1,21,13,9,7,19,23,22],[13,1,5,9,17,21,19,7,23,22],[13,1,9,21,17,5,7,19,23,22],[9,13,17,1,5,21,19,7,23,18,3,11,10,22],[9,21,13,5,17,1,7,19,23,18,3,11,10,22],[13,1,17,9,21,5,7,19,23,18,3,11,22],[13,21,1,9,5,17,7,19,23,18,3,11,10,22],[17,21,1,13,9,5,19,7,23,22],[21,17,5,9,1,13,19,7,23,18,3,11,10,24,22],[5,1,9,21,17,13,7,19,23,22],[9,21,17,13,1,5,19,7,23,22],[5,13,21,17,9,1,7,19,23,22],[1,13,5,9,17,21,19,7,23,18,3,11,24,10,22],[21,17,5,13,1,9,19,7,23,22],[9,21,1,5,13,17,7,19,3,23,22],[1,13,21,5,9,17,7,19,23,22],[13,5,9,21,17,1,7,19,23,18,3,11,10,22],[9,17,5,1,21,13,19,7,23,18,3,11,12,22],[17,1,9,13,5,21,19,7,23,22],[21,13,5,1,17,9,7,19,23,18,3,11,10,22],[17,9,21,1,5,13,6,19,7,18,23,22],[21,1,5,9,17,13,7,19,23,22],[13,21,5,1,17,9,7,19,23,18,3,11,22],[17,9,13,1,5,21,7,19,23,22],[17,1,21,9,5,13,7,19,23,22],[13,9,1,17,5,21,7,19,23,22],[5,21,13,1,17,9,19,7,23,22],[5,9,1,17,21,13,19,7,23,18,3,11,10,24,22],[5,1,17,9,13,21,7,19,23,18,3,11,10,22],[21,9,5,17,13,1,19,7,23,18,3,11,22],[1,9,5,17,13,21,19,7,23,22],[9,17,13,5,21,1,19,7,23,18,3,11,24,10,22],[5,9,13,1,21,17,7,19,3,23,22],[5,13,1,21,17,9,7,19,23,18,3,11,10,22],[21,5,13,17,1,9,19,7,23,22],[9,13,17,1,5,21,19,7,23,20,3,11,10,22],[13,21,1,9,17,5,19,7,23,18,3,11,22],[21,9,17,5,13,1,7,19,23,22],[1,5,21,9,17,13,7,19,23,18,3,11,22],[1,21,5,17,9,13,19,7,23,22],[9,17,5,1,13,21,19,7,23,20,3,11,10,22],[21,1,9,17,13,5,19,7,23,18,3,11,22],[21,1,13,5,9,17,7,19,23,22],[9,17,1,21,13,5,19,7,23,18,3,11,10,24,22],[17,9,1,5,13,21,19,7,23,22],[13,21,17,9,5,1,19,7,23,22],[21,5,9,13,1,17,7,19,23,24,3,18,11,10,22],[1,21,13,9,17,5,7,19,23,18,3,11,22],[17,1,21,5,13,9,19,7,23,22],[9,13,1,17,5,21,19,7,23,20,3,11,10,24,22],[1,13,9,5,21,17,7,19,23,18,3,11,22],[21,1,9,13,5,17,7,19,23,22],[21,5,13,17,1,9,7,19,23,22],[9,13,1,17,21,5,19,7,23,18,3,11,22],[17,13,1,9,21,5,19,7,23,22],[21,17,13,1,5,9,7,19,23,22],[13,9,21,17,1,5,7,19,23,18,3,11,24,10,22],[17,9,5,1,21,13,19,7,23,22]],"n_human":10}