{"problem_id":"dFMyfhGUKf335Wq","sigma":150,"alpha":0.100,"cost":1,"probabilities":"[0.06, 0.01, 0.11, 0.82]","payoff_matrix":"[[180, 123, 290, 137, -53, -222], [122, 68, 83, 151, -13, -5], [154, -167, -94, 146, 69, -156], [-158, 117, -26, 213, 233, 192]]","uncovered":[[4,8,20,12,16,24,19],[24,20,8,16,4,12,19],[16,4,12,8,20,24,15,19,17,13],[12,16,4,8,24,20,19],[24,4,8,16,12,20,15,19,13,17],[16,20,4,8,12,24,19],[8,20,24,12,16,4,19],[12,20,8,24,4,16,15,19,17,13],[24,20,4,12,16,8,19],[12,4,24,16,8,20,19],[8,24,20,16,12,4,15,19,17,13],[20,24,16,4,8,12,19],[8,24,12,20,16,4,19],[8,12,4,16,24,20,15,19,17,13],[20,12,24,8,4,16,19],[20,16,4,12,24,8,19],[12,24,16,4,8,20,15,19,17,13],[16,24,4,12,8,20,19],[16,24,20,8,4,12,19],[12,16,8,20,24,4,19],[8,4,24,16,12,20,15,19,13,17],[12,4,8,24,20,16,15,19,17,13],[24,8,20,12,16,4,19],[20,16,8,12,4,24,15,19,17,13],[4,24,20,16,12,8,15,19,17,13],[12,16,20,4,8,24,15,19,13,17],[24,20,16,8,4,12,15,19,17,13],[12,4,16,24,8,20,19],[8,16,4,20,12,24,15,19,13,17],[16,12,8,20,24,4,15,19,17,13],[8,20,16,12,24,4,15,19,17,13],[24,4,8,20,16,12,15,19,17,13],[24,16,20,12,4,8,19],[8,16,20,24,4,12,19],[16,20,4,8,24,12,15,19,13,17],[20,24,4,12,16,8,19],[4,24,16,20,8,12,19],[20,8,4,12,24,16,19],[16,24,12,8,20,4,19],[8,12,4,16,20,24,15,19,17,13],[24,8,4,12,20,16,19],[20,8,24,16,4,12,15,19,17,13],[4,8,24,20,16,12,19],[20,24,16,8,12,4,19],[8,24,12,16,20,4,19],[12,8,24,20,4,16,19],[16,20,4,24,8,12,15,19,13,17],[20,8,12,16,4,24,19],[24,4,20,8,16,12,19],[24,8,20,16,12,4,15,19,17,13],[4,24,12,20,16,8,15,19,17,13],[8,4,20,16,24,12,15,19,13,17],[20,12,8,4,16,24,19],[4,24,12,16,8,20,19],[12,8,4,24,16,20,15,19,17,13],[8,4,16,20,12,24,15,19,17,13],[16,12,20,4,8,24,19],[4,16,8,12,20,24,15,19,13,17],[8,24,16,4,20,12,15,19,17,13],[4,8,12,16,24,20,15,19,17,13],[8,12,16,4,20,24,19],[12,16,20,4,8,24,15,19,17,13],[12,20,8,16,24,4,19],[8,4,12,24,16,20,15,19,13,17],[16,4,8,12,20,24,15,19,17,13],[8,12,24,4,20,16,15,19,13,17],[20,4,12,24,16,8,15,19,17,13],[8,16,4,24,20,12,19],[16,24,4,20,8,12,15,19,13,17],[24,20,4,12,8,16,19],[16,8,12,20,24,4,19],[8,12,16,20,24,4,19],[20,8,24,16,4,12,15,19,13,17],[8,16,12,20,24,4,19],[4,16,24,12,8,20,19],[24,8,4,12,16,20,15,19,13,17],[24,16,20,8,12,4,19],[24,16,8,20,12,4,15,19,13,17],[16,8,24,20,12,4,19],[8,12,24,16,20,4,19],[4,24,8,16,12,20,19],[24,16,12,8,4,20,15,19,13,17],[8,20,4,12,24,16,15,19,13,17],[24,4,12,8,16,20,19],[16,12,20,8,24,4,15,19,13,17],[4,20,8,24,16,12,19],[8,20,12,16,4,24,19],[24,20,4,16,12,8,19],[20,12,16,4,8,24,15,19,17,13],[16,12,8,20,24,4,15,19,17,13],[24,16,8,12,4,20,15,19,17,13],[24,20,12,16,8,4,15,19,13,17],[24,8,20,4,12,16,15,19,17,13],[12,20,4,24,8,16,15,19,17,13],[12,8,4,16,24,20,15,19,13,17],[20,24,16,4,12,8,19],[12,8,20,16,4,24,19],[16,20,12,8,24,4,15,19,13,17],[8,16,20,24,4,12,15,19,13,17],[24,12,16,4,8,20,15,19,17,13],[8,12,20,24,4,16,19],[8,20,12,24,4,16,15,19,13,17],[24,4,20,8,12,16,15,19,13,17],[16,20,12,8,4,24,19],[20,12,24,4,8,16,19],[4,8,16,20,24,12,15,19,13,17],[12,4,8,24,16,20,19],[12,24,16,8,4,20,19],[20,16,24,12,8,4,19],[4,16,20,24,8,12,19],[16,24,12,20,8,4,19],[12,24,20,8,16,4,15,19,17,13],[8,4,24,16,12,20,15,19,13,17],[8,20,4,24,16,12,15,19,13,17],[16,8,4,24,12,20,19],[12,24,8,20,4,16,19],[24,16,20,12,4,8,19],[16,20,4,8,12,24,19],[8,12,24,16,20,4,15,19,17,13],[24,12,4,8,20,16,15,19,13,17],[4,20,8,16,24,12,19],[12,20,8,24,4,16,19],[24,20,4,8,16,12,19],[20,12,4,24,8,16,15,19,17,13],[24,8,12,4,20,16,15,19,13,17],[24,8,16,20,12,4,19],[24,20,16,12,8,4,15,19,17,13],[8,12,4,24,16,20,15,19,13,17],[20,12,4,16,8,24,19],[16,20,8,24,4,12,19],[8,24,12,16,4,20,19],[12,8,24,4,20,16,19],[8,12,20,24,4,16,15,19,17,13],[24,12,8,4,20,16,19],[24,8,20,4,16,12,19],[8,20,24,12,4,16,15,19,17,13],[4,16,20,24,8,12,19],[4,16,12,24,20,8,19],[4,12,8,20,24,16,19],[16,24,8,12,20,4,19],[20,4,12,16,8,24,15,19,17,13],[20,4,12,16,8,24,19],[4,12,16,24,20,8,19],[4,8,16,24,20,12,19],[20,8,24,12,4,16,19],[20,12,8,24,4,16,15,19,13,17],[16,4,20,8,24,12,19],[8,12,24,16,20,4,15,19,17,13],[24,16,20,8,12,4,15,19,17,13],[24,16,4,8,20,12,15,19,13,17],[4,12,16,20,24,8,15,19,13,17],[16,20,8,4,24,12,19],[4,12,20,8,24,16,15,19,17,13],[16,4,8,24,20,12,19],[20,4,24,16,12,8,15,19,17,13],[20,4,24,16,8,12,15,19,13,17],[4,20,12,24,16,8,19],[20,8,4,16,24,12,19],[24,12,20,8,16,4,15,19,17,13],[24,4,16,12,8,20,15,19,13,17],[12,4,8,24,16,20,15,19,13,17],[20,4,12,8,16,24,15,19,17,13],[24,16,4,12,20,8,15,19,13,17],[8,12,24,4,16,20,15,19,17,13],[20,4,16,8,12,24,19],[20,16,4,12,8,24,19],[24,20,4,12,16,8,15,19,13,17],[12,8,20,4,16,24,19],[4,8,16,20,12,24,19],[12,4,20,24,16,8,19],[12,24,4,20,8,16,15,19,17,13],[8,4,12,24,20,16,19],[12,4,16,8,20,24,19],[16,4,8,24,12,20,15,19,13,17],[8,20,24,4,12,16,15,19,17,13],[24,8,12,20,16,4,15,19,13,17],[8,20,4,24,16,12,19],[16,24,12,8,20,4,19],[8,20,12,24,16,4,15,19,17,13],[12,20,8,4,16,24,19],[24,16,8,4,12,20,19],[12,16,4,8,24,20,15,19,17,13],[8,24,4,12,20,16,15,19,13,17],[20,4,12,8,24,16,15,19,13,17],[24,16,20,12,8,4,19],[16,24,8,12,20,4,15,19,13,17],[20,12,8,4,24,16,15,19,17,13],[12,16,4,8,24,20,15,19,17,13],[20,16,8,24,12,4,19],[16,24,12,20,4,8,19],[4,8,24,16,12,20,19],[20,4,12,24,16,8,19],[24,4,20,12,8,16,15,19,13,17],[24,16,8,20,12,4,19],[20,16,24,4,12,8,19],[8,12,20,16,24,4,15,19,13,17],[16,8,20,4,24,12,15,19,13,17],[12,4,16,8,20,24,15,19,17,13],[24,12,16,8,20,4,19],[16,20,4,8,24,12,19],[4,12,20,24,8,16,19],[12,16,24,4,20,8,15,19,13,17],[4,8,24,20,16,12,19],[4,16,12,24,8,20,15,19,13,17],[8,4,20,16,12,24,19],[4,20,8,24,12,16,15,19,17,13],[8,4,12,16,20,24,15,19,17,13],[8,4,20,24,16,12,15,19,13,17],[8,4,16,20,24,12,19],[8,16,24,12,4,20,15,19,13,17],[24,8,16,12,4,20,15,19,13,17],[24,12,8,16,4,20,15,19,13,17],[24,20,12,16,4,8,15,19,13,17],[4,24,16,20,8,12,15,19,17,13],[12,20,24,8,4,16,15,19,13,17],[16,12,24,4,20,8,19],[12,16,20,8,4,24,19],[8,12,4,24,20,16,19],[20,4,12,24,16,8,15,19,17,13],[8,24,4,12,16,20,15,19,17,13],[16,8,20,12,4,24,15,19,13,17],[20,4,8,24,12,16,15,19,17,13],[16,20,24,4,12,8,19],[20,16,4,12,24,8,15,19,13,17],[4,8,24,16,12,20,19],[12,24,4,20,16,8,15,19,17,13],[20,4,24,16,8,12,19],[12,20,24,16,8,4,19],[12,4,16,24,8,20,15,19,13,17],[16,24,8,12,4,20,15,19,13,17],[4,20,24,16,12,8,15,19,13,17],[4,20,8,16,12,24,15,19,13,17],[8,12,16,4,24,20,19],[20,16,8,12,4,24,15,19,13,17],[8,24,20,4,16,12,19],[12,20,4,16,8,24,19],[8,12,20,24,4,16,19],[12,20,16,8,24,4,19],[20,16,8,24,4,12,19],[16,8,24,4,12,20,15,19,13,17],[16,24,8,20,4,12,19],[4,8,16,20,24,12,15,19,13,17],[20,12,24,8,4,16,19],[24,20,8,16,4,12,19],[8,24,4,16,12,20,15,19,17,13],[4,12,8,20,24,16,15,19,13,17],[12,16,8,24,4,20,15,19,13,17],[4,24,16,8,20,12,19],[12,24,16,8,20,4,15,19,17,13],[20,16,4,24,8,12,15,19,13,17],[4,24,12,8,20,16,19],[24,12,16,8,4,20,19],[24,16,20,8,4,12,19],[16,20,24,4,8,12,15,19,13,17],[16,4,20,24,8,12,15,19,17,13],[24,12,8,16,4,20,19],[24,16,4,8,12,20,19],[24,8,4,12,16,20,15,19,17,13],[12,16,8,4,24,20,19],[12,16,20,4,24,8,15,19,13,17],[8,20,24,16,12,4,19],[12,16,4,8,24,20,15,19,13,17],[12,20,4,16,8,24,15,19,13,17],[4,8,20,24,16,12,15,19,17,13],[12,16,8,20,4,24,19],[8,24,12,4,20,16,19],[20,8,12,24,16,4,19],[24,4,8,20,16,12,15,19,17,13],[24,8,16,20,4,12,15,19,17,13],[16,12,20,8,24,4,15,19,13,17],[20,16,24,8,4,12,19],[12,16,20,24,4,8,15,19,17,13],[4,24,16,12,20,8,15,19,17,13],[24,16,4,12,8,20,15,19,13,17],[16,4,8,24,12,20,15,19,13,17],[8,24,4,12,16,20,19],[20,12,4,24,16,8,15,19,13,17],[20,4,12,16,24,8,19],[8,20,4,16,12,24,15,19,17,13],[16,12,4,8,24,20,19],[4,12,16,8,24,20,19],[16,24,8,4,20,12,15,19,13,17],[4,8,24,16,20,12,19],[16,12,4,24,8,20,19],[16,20,4,8,24,12,15,19,17,13],[12,20,8,24,4,16,15,19,17,13],[4,20,24,12,8,16,19],[12,24,8,20,16,4,19],[4,16,20,8,24,12,19],[4,16,12,20,24,8,15,19,17,13],[4,8,24,16,20,12,19],[16,4,20,12,24,8,19],[8,20,24,4,16,12,19],[16,12,4,8,20,24,15,19,17,13],[4,8,20,12,24,16,19],[16,4,8,20,24,12,15,19,17,13],[24,20,8,4,12,16,19],[4,12,24,16,20,8,19],[16,12,24,4,8,20,19],[8,12,4,20,16,24,15,19,13,17],[16,20,8,4,24,12,15,19,17,13],[24,16,8,12,4,20,15,19,13,17],[20,16,24,12,4,8,15,19,13,17],[12,16,8,24,4,20,15,19,17,13],[16,12,4,24,20,8,15,19,17,13],[24,12,16,4,20,8,19],[16,4,24,20,12,8,15,19,17,13],[12,20,24,16,4,8,19],[24,4,8,20,16,12,19],[24,8,20,12,16,4,19],[20,12,4,8,24,16,15,19,13,17],[24,20,12,8,16,4,19],[12,4,24,16,20,8,19],[20,12,8,16,4,24,19],[20,4,8,12,16,24,15,19,13,17],[12,24,8,4,20,16,15,19,13,17],[24,20,8,4,12,16,15,19,17,13],[24,8,20,4,16,12,19],[8,4,16,12,24,20,15,19,17,13],[24,16,4,20,12,8,19],[4,12,24,8,20,16,19],[20,12,16,24,4,8,19],[16,8,12,4,24,20,19],[16,4,12,20,24,8,19],[8,24,4,12,20,16,19],[24,4,20,16,12,8,19],[4,24,8,16,12,20,19],[4,24,16,12,8,20,15,19,13,17],[24,4,20,16,12,8,15,19,17,13],[8,4,20,24,12,16,15,19,13,17],[20,4,12,24,16,8,19],[8,4,16,24,12,20,19],[12,4,24,16,20,8,19],[4,24,8,16,12,20,19],[20,8,12,4,16,24,15,19,13,17],[12,20,8,4,16,24,15,19,13,17],[24,4,16,12,20,8,19],[8,20,16,4,24,12,19],[4,20,24,12,16,8,15,19,17,13],[8,16,24,12,4,20,19],[24,16,12,4,20,8,15,19,17,13],[16,24,20,8,12,4,15,19,13,17],[12,20,8,24,16,4,19],[8,24,20,16,12,4,19],[20,24,16,8,4,12,15,19,17,13],[8,20,24,12,16,4,15,19,17,13],[8,4,12,16,24,20,15,19,17,13],[16,4,20,12,8,24,15,19,17,13],[12,8,20,24,16,4,19],[8,12,4,20,24,16,15,19,13,17],[8,24,16,20,12,4,15,19,13,17],[12,4,24,20,16,8,15,19,13,17],[24,8,20,12,4,16,15,19,17,13],[8,16,4,12,24,20,19],[8,24,16,4,12,20,15,19,17,13],[8,24,12,4,16,20,19],[16,4,24,20,12,8,19],[8,16,20,24,4,12,15,19,13,17],[24,12,16,8,4,20,15,19,13,17],[12,24,16,4,20,8,15,19,17,13],[20,12,4,24,16,8,15,19,17,13],[8,24,20,16,12,4,15,19,17,13],[24,20,16,8,12,4,15,19,17,13],[16,24,8,12,4,20,19],[20,4,8,16,12,24,19],[12,24,8,4,16,20,19],[24,12,20,16,8,4,19],[12,8,4,20,24,16,15,19,13,17],[24,4,20,8,12,16,19],[24,16,4,20,12,8,19],[16,8,12,24,4,20,19],[16,12,24,20,4,8,19],[8,16,24,20,4,12,19],[16,24,4,20,8,12,19],[4,8,24,12,20,16,19],[12,24,16,4,8,20,19],[8,16,24,4,12,20,19],[20,16,4,24,12,8,19],[4,16,20,8,12,24,19],[4,16,20,24,8,12,19],[12,24,4,16,20,8,15,19,17,13],[24,8,12,20,16,4,15,19,17,13],[12,8,16,4,24,20,19],[4,20,12,24,16,8,19],[20,8,16,24,12,4,19],[24,8,12,4,20,16,15,19,17,13],[16,4,12,24,8,20,19],[16,8,12,4,24,20,19],[8,16,20,12,24,4,15,19,17,13],[16,20,12,8,4,24,15,19,13,17],[4,16,20,8,24,12,15,19,17,13],[16,24,12,8,4,20,15,19,13,17],[12,16,4,24,8,20,15,19,17,13],[4,16,8,20,12,24,15,19,17,13],[8,12,20,16,4,24,19],[8,24,12,4,16,20,15,19,17,13],[24,8,16,4,12,20,19],[8,24,16,4,20,12,15,19,17,13],[8,4,12,16,20,24,19],[8,4,24,20,12,16,15,19,13,17],[20,8,4,16,12,24,19],[16,12,20,24,8,4,19],[12,16,24,4,8,20,19],[4,20,24,8,12,16,15,19,13,17],[24,8,20,12,16,4,15,19,17,13],[4,16,12,24,8,20,15,19,17,13],[12,24,4,16,8,20,19],[8,24,16,20,12,4,15,19,13,17],[16,4,8,12,20,24,15,19,17,13],[16,12,20,4,24,8,19],[20,12,8,4,24,16,19],[20,12,16,24,8,4,19],[20,12,8,4,24,16,15,19,13,17],[16,4,12,20,24,8,15,19,17,13],[4,8,12,16,24,20,19],[16,4,8,12,20,24,19],[4,12,20,8,24,16,19],[8,12,4,20,24,16,19],[24,4,12,20,16,8,15,19,17,13],[16,8,24,20,12,4,15,19,13,17],[12,4,16,24,8,20,19],[8,20,24,12,16,4,19],[20,24,8,16,12,4,19],[12,8,16,4,20,24,15,19,13,17],[12,24,8,4,20,16,19],[12,16,24,20,8,4,15,19,17,13],[4,16,8,24,20,12,15,19,13,17],[16,4,8,20,12,24,19],[4,24,12,16,20,8,15,19,17,13],[24,20,12,4,16,8,19],[8,16,24,4,12,20,15,19,17,13],[12,16,4,8,20,24,19],[16,8,24,12,4,20,15,19,17,13],[20,4,12,8,16,24,19],[20,4,24,8,16,12,15,19,17,13],[4,16,20,24,8,12,15,19,17,13],[4,16,8,20,24,12,15,19,13,17],[24,4,8,16,12,20,19],[24,20,12,16,8,4,19],[8,20,4,12,24,16,19],[4,8,24,16,20,12,15,19,17,13],[16,20,4,8,12,24,15,19,17,13],[20,8,24,16,12,4,19],[24,12,4,16,8,20,19],[8,16,24,4,20,12,15,19,17,13],[8,4,24,12,16,20,19],[4,8,16,20,12,24,19],[24,20,16,8,4,12,19],[16,4,12,8,24,20,15,19,17,13],[24,8,12,16,4,20,15,19,17,13],[24,4,12,20,8,16,15,19,13,17],[20,24,4,8,16,12,19],[8,24,12,16,20,4,19],[24,16,8,4,20,12,19],[12,20,8,4,24,16,19],[4,16,8,12,20,24,15,19,13,17],[8,20,4,12,16,24,19],[8,12,16,20,4,24,15,19,17,13],[20,8,24,4,16,12,19],[16,4,24,12,20,8,19],[12,20,8,16,4,24,19],[16,4,20,24,8,12,15,19,17,13],[20,4,8,16,12,24,19],[24,16,12,20,8,4,15,19,17,13],[16,12,8,24,4,20,15,19,13,17],[20,16,4,8,12,24,15,19,17,13],[16,4,12,8,20,24,15,19,17,13],[20,12,16,4,24,8,19],[20,12,24,8,4,16,15,19,13,17],[8,12,24,4,20,16,15,19,13,17],[20,4,24,16,12,8,15,19,17,13],[16,4,24,12,8,20,15,19,17,13],[24,4,20,8,12,16,19],[24,12,20,4,8,16,15,19,17,13],[16,12,8,20,24,4,19],[8,20,4,16,24,12,15,19,13,17],[8,4,24,20,12,16,15,19,17,13],[24,4,8,16,12,20,19],[20,16,8,24,12,4,19],[8,20,24,4,16,12,19],[24,8,4,12,20,16,15,19,17,13],[16,4,8,24,12,20,19],[20,4,24,16,12,8,19],[4,12,24,16,20,8,15,19,17,13],[16,20,24,8,12,4,15,19,13,17],[16,4,12,24,8,20,19],[8,24,4,12,20,16,15,19,17,13],[16,20,4,24,12,8,19],[16,4,12,20,8,24,15,19,13,17],[12,4,16,24,8,20,19],[20,12,24,16,4,8,19],[20,12,16,4,24,8,19],[20,24,4,12,16,8,19],[24,8,4,12,20,16,19],[24,4,8,12,20,16,15,19,13,17],[24,16,8,20,12,4,15,19,13,17],[8,24,4,12,16,20,19],[12,8,20,16,24,4,15,19,17,13],[20,16,24,8,12,4,15,19,17,13],[20,16,24,4,12,8,19],[12,16,20,24,8,4,15,19,17,13],[24,20,4,8,16,12,19],[4,8,20,12,16,24,15,19,13,17],[8,20,24,12,4,16,15,19,17,13],[16,20,12,8,24,4,19],[4,12,24,20,16,8,15,19,17,13],[20,4,16,8,24,12,19],[12,24,20,8,4,16,15,19,17,13],[4,12,20,8,24,16,15,19,17,13],[24,16,12,20,4,8,15,19,13,17],[8,4,16,20,24,12,19],[16,4,20,8,12,24,15,19,17,13],[20,24,8,4,12,16,15,19,17,13],[16,12,20,8,4,24,15,19,17,13],[16,20,4,24,12,8,19],[4,16,24,8,12,20,19],[8,16,24,4,20,12,19],[16,24,12,8,20,4,15,19,17,13],[12,20,8,4,24,16,19],[12,20,16,8,24,4,15,19,13,17],[20,24,8,4,12,16,19],[12,8,20,16,4,24,19],[8,20,16,24,4,12,19],[16,24,8,20,12,4,15,19,13,17],[8,12,16,20,4,24,19],[8,24,12,20,4,16,19],[16,8,24,20,12,4,15,19,13,17],[24,12,16,4,20,8,19],[4,16,20,8,12,24,15,19,13,17],[20,24,4,8,12,16,15,19,17,13],[4,8,20,16,12,24,15,19,13,17],[24,20,4,8,16,12,19],[8,4,12,16,24,20,15,19,13,17],[4,12,20,8,24,16,15,19,17,13],[20,4,8,16,24,12,15,19,17,13],[16,24,4,8,20,12,15,19,17,13],[20,4,16,8,24,12,15,19,17,13],[24,4,8,20,12,16,15,19,17,13],[8,20,4,12,24,16,19],[8,4,12,24,20,16,19],[12,8,20,4,24,16,15,19,17,13],[8,24,20,16,12,4,15,19,13,17],[16,24,8,12,20,4,19],[4,8,24,20,16,12,15,19,13,17],[20,4,12,16,8,24,19],[4,8,20,12,24,16,15,19,13,17],[20,24,8,12,4,16,15,19,13,17],[8,4,20,24,16,12,19],[20,12,24,4,8,16,15,19,13,17],[8,16,24,12,20,4,19],[8,20,4,16,24,12,15,19,17,13],[4,8,12,24,20,16,19],[24,16,20,4,12,8,15,19,13,17],[16,8,24,20,12,4,19],[8,20,12,24,16,4,19],[20,24,4,16,12,8,15,19,17,13],[20,4,16,12,8,24,15,19,13,17],[16,20,4,12,24,8,15,19,13,17],[20,4,12,16,8,24,15,19,13,17],[4,8,20,24,16,12,19],[4,24,8,16,12,20,19],[12,20,16,4,24,8,15,19,17,13],[24,4,12,20,16,8,19],[20,12,4,8,24,16,15,19,13,17],[24,4,16,8,20,12,15,19,17,13],[24,12,16,4,8,20,19],[24,4,8,12,20,16,15,19,13,17],[16,20,8,24,4,12,19],[8,4,20,12,24,16,19],[24,8,16,4,20,12,15,19,17,13],[24,20,12,4,8,16,15,19,17,13],[16,24,4,20,12,8,15,19,17,13],[24,16,8,20,4,12,15,19,13,17],[16,8,20,12,24,4,19],[4,20,8,12,24,16,19],[20,8,12,4,16,24,19],[8,24,4,20,16,12,19],[12,16,20,8,24,4,19],[4,12,24,16,20,8,19],[16,24,4,8,20,12,15,19,13,17],[16,20,4,12,24,8,15,19,13,17],[24,20,16,12,8,4,19],[20,12,16,4,8,24,19],[20,16,4,24,12,8,19],[8,12,24,4,20,16,19],[12,8,24,4,16,20,15,19,17,13],[24,4,20,12,16,8,15,19,13,17],[8,16,4,20,12,24,19],[4,8,20,16,12,24,15,19,13,17],[4,8,24,12,16,20,19],[20,8,16,4,12,24,19],[12,4,20,24,16,8,15,19,13,17],[8,4,12,16,24,20,15,19,17,13],[20,16,24,4,12,8,19],[8,20,16,12,24,4,19],[8,4,16,12,20,24,19],[20,4,24,16,8,12,15,19,17,13],[8,4,12,24,16,20,19],[12,20,8,16,24,4,19],[12,8,4,20,24,16,15,19,13,17],[20,24,8,12,4,16,19],[8,4,24,20,12,16,15,19,17,13],[20,12,16,24,4,8,15,19,17,13],[16,24,12,20,4,8,19],[24,20,12,8,16,4,19],[24,12,8,4,16,20,15,19,17,13],[8,12,24,20,4,16,19],[16,4,24,12,20,8,15,19,13,17],[4,16,8,12,20,24,15,19,17,13],[24,16,12,8,4,20,15,19,17,13],[16,12,8,4,24,20,19],[24,4,20,16,8,12,19],[24,12,4,16,20,8,19],[4,12,8,24,16,20,19],[20,8,16,4,24,12,15,19,13,17],[20,4,8,12,24,16,19],[4,20,8,16,24,12,15,19,13,17],[8,16,12,24,4,20,19],[20,24,16,8,12,4,19],[24,12,4,20,16,8,19],[20,12,8,24,16,4,15,19,17,13],[8,4,16,24,12,20,19],[16,4,24,8,20,12,15,19,17,13],[20,8,4,12,16,24,19],[12,20,4,16,24,8,19],[20,8,24,4,12,16,15,19,17,13],[8,24,20,16,4,12,19],[16,8,12,24,4,20,19],[8,20,4,24,12,16,19],[12,24,20,4,16,8,19],[4,24,8,12,16,20,15,19,13,17],[20,16,8,12,24,4,15,19,13,17],[20,16,8,12,4,24,19],[24,4,16,20,12,8,15,19,13,17],[12,24,4,16,8,20,19],[16,24,20,12,8,4,19],[20,12,8,4,24,16,19],[4,20,24,16,8,12,15,19,13,17],[24,4,20,12,16,8,15,19,17,13],[20,16,4,24,8,12,15,19,17,13],[16,4,20,8,24,12,19],[8,4,16,20,12,24,15,19,17,13],[24,4,16,12,20,8,15,19,13,17],[20,12,16,8,4,24,19],[24,16,4,8,12,20,19],[16,4,12,8,20,24,15,19,13,17],[8,4,16,12,24,20,19],[20,12,24,4,16,8,15,19,17,13],[20,8,16,24,12,4,15,19,17,13],[12,16,8,20,4,24,19],[4,20,8,24,16,12,15,19,17,13],[24,8,20,16,4,12,15,19,17,13],[20,12,4,16,24,8,19],[4,8,12,16,24,20,15,19,13,17],[4,24,12,20,16,8,19],[4,20,24,8,12,16,15,19,13,17],[12,8,4,16,24,20,15,19,13,17],[24,20,12,16,4,8,19],[8,20,12,4,24,16,19],[12,4,24,20,16,8,15,19,17,13],[8,4,24,20,16,12,15,19,13,17],[20,16,24,8,4,12,15,19,13,17],[16,20,24,12,8,4,19],[24,12,8,4,20,16,19],[20,24,16,4,8,12,19],[12,16,20,4,8,24,15,19,17,13],[4,8,16,12,20,24,19],[24,20,12,16,8,4,19],[20,24,16,12,4,8,19],[24,12,8,4,16,20,19],[20,16,12,24,8,4,15,19,13,17],[4,16,24,20,12,8,15,19,13,17],[8,12,16,4,20,24,15,19,13,17],[8,24,12,20,16,4,15,19,13,17],[12,16,4,8,20,24,15,19,13,17],[16,8,4,24,12,20,15,19,13,17],[4,24,20,16,12,8,15,19,13,17],[12,8,16,20,24,4,19],[20,4,12,24,16,8,15,19,17,13],[4,16,12,24,20,8,15,19,17,13],[12,20,8,4,24,16,19],[24,20,16,4,12,8,15,19,13,17],[16,20,4,12,24,8,15,19,13,17],[8,24,20,12,4,16,19],[24,12,20,16,4,8,19],[12,20,4,16,8,24,15,19,17,13],[20,12,4,24,16,8,19],[8,16,12,20,24,4,15,19,17,13],[12,16,8,20,24,4,15,19,17,13],[24,4,12,16,20,8,19],[8,16,4,12,24,20,19],[20,12,24,4,16,8,19],[20,12,4,24,16,8,15,19,13,17],[12,20,8,24,4,16,19],[8,4,12,16,20,24,15,19,13,17],[20,24,8,16,12,4,15,19,13,17],[12,24,20,8,16,4,19],[8,4,16,24,12,20,15,19,17,13],[12,20,8,24,4,16,15,19,17,13],[24,20,16,4,8,12,19],[24,20,12,4,8,16,15,19,13,17],[12,24,16,20,4,8,15,19,13,17],[12,4,20,8,24,16,15,19,13,17],[16,20,12,8,4,24,19],[8,4,20,16,24,12,15,19,13,17],[8,12,16,4,24,20,19],[4,8,20,24,16,12,19],[16,12,20,24,8,4,15,19,13,17],[4,8,12,24,16,20,15,19,13,17],[12,20,24,16,4,8,15,19,17,13],[12,20,24,16,4,8,19],[20,16,8,12,4,24,19],[4,20,12,24,8,16,15,19,17,13],[16,12,24,20,8,4,15,19,13,17],[24,8,4,20,16,12,19],[16,20,4,24,12,8,15,19,17,13],[16,8,4,12,20,24,15,19,13,17],[8,24,16,4,12,20,19],[24,8,12,16,4,20,19],[4,24,16,20,8,12,15,19,17,13],[20,8,12,4,24,16,15,19,13,17],[8,24,20,4,16,12,19],[12,8,24,16,20,4,19],[4,12,8,24,20,16,15,19,13,17],[8,24,12,20,16,4,15,19,13,17],[16,20,4,24,12,8,15,19,17,13],[4,16,20,8,12,24,19],[8,20,16,24,4,12,19],[20,16,4,8,24,12,19],[16,8,4,24,12,20,15,19,17,13],[4,24,8,16,12,20,15,19,17,13],[16,12,24,4,20,8,15,19,13,17],[24,12,20,16,8,4,15,19,13,17],[24,4,12,16,20,8,19],[8,20,24,12,4,16,15,19,17,13],[4,20,16,8,24,12,15,19,17,13],[24,20,4,8,12,16,15,19,13,17],[16,4,20,12,8,24,19],[20,8,16,4,12,24,19],[4,16,20,24,12,8,19],[8,16,20,12,24,4,15,19,17,13],[12,20,8,4,24,16,19],[16,4,12,8,24,20,15,19,13,17],[4,20,24,12,8,16,15,19,13,17],[8,20,4,24,12,16,15,19,13,17],[16,8,12,4,24,20,19],[4,20,24,12,8,16,15,19,13,17],[20,24,8,16,4,12,15,19,17,13],[24,8,12,16,4,20,19],[20,16,12,24,4,8,15,19,13,17],[4,24,12,8,20,16,19],[8,12,24,16,20,4,19],[24,20,16,4,8,12,15,19,17,13],[16,24,4,12,8,20,19],[16,8,4,12,20,24,19],[16,12,8,24,4,20,19],[8,20,24,12,4,16,19],[12,16,24,4,8,20,15,19,17,13],[12,20,4,8,16,24,19],[20,12,4,24,8,16,19],[4,20,8,24,16,12,19],[4,8,24,16,12,20,19],[20,4,12,16,8,24,19],[4,12,8,16,24,20,19],[12,24,16,4,8,20,19],[8,16,24,20,12,4,19],[24,8,4,20,16,12,15,19,17,13],[12,24,8,4,20,16,15,19,17,13],[24,8,16,12,4,20,15,19,17,13],[12,8,16,24,4,20,19],[20,4,16,24,8,12,15,19,17,13],[4,20,12,16,24,8,15,19,17,13],[8,16,24,4,12,20,19],[20,16,24,8,4,12,19],[8,24,16,20,12,4,15,19,17,13],[12,20,8,4,24,16,19],[12,24,16,20,8,4,15,19,13,17],[12,20,8,24,16,4,19],[20,16,4,24,12,8,15,19,17,13],[20,8,16,12,24,4,19],[24,8,12,20,4,16,15,19,13,17],[12,8,20,16,24,4,15,19,13,17],[4,8,16,12,20,24,15,19,17,13],[24,8,20,12,4,16,19],[16,4,8,12,24,20,15,19,13,17],[16,20,8,24,12,4,19],[8,24,16,20,4,12,19],[24,8,4,16,12,20,19],[8,12,16,24,20,4,15,19,17,13],[24,4,12,8,20,16,15,19,13,17],[16,4,20,24,8,12,19],[8,20,16,4,12,24,19],[12,8,16,4,24,20,19],[24,4,20,16,8,12,15,19,17,13],[12,20,24,4,8,16,15,19,13,17],[12,24,20,4,16,8,19],[20,16,4,24,12,8,19],[20,12,4,8,24,16,15,19,17,13],[20,4,16,12,24,8,15,19,13,17],[24,4,16,8,20,12,15,19,13,17],[24,12,20,8,4,16,19],[8,24,12,20,16,4,15,19,13,17],[24,16,20,4,8,12,15,19,17,13],[16,20,8,4,12,24,15,19,17,13],[4,16,20,24,8,12,15,19,13,17],[24,20,12,16,8,4,15,19,17,13],[12,20,4,8,24,16,19],[4,8,16,24,20,12,15,19,13,17],[16,8,20,24,12,4,15,19,13,17],[4,8,20,24,12,16,19],[12,24,16,20,8,4,19],[12,8,24,4,16,20,19],[20,16,4,12,24,8,15,19,13,17],[16,20,24,4,12,8,19],[4,16,24,20,8,12,19],[8,4,24,12,20,16,15,19,17,13],[16,24,20,12,4,8,15,19,13,17],[12,4,24,20,16,8,19],[12,4,8,24,16,20,19],[16,12,8,20,4,24,19],[12,16,24,8,20,4,15,19,17,13],[12,8,4,24,16,20,15,19,13,17],[24,12,20,8,4,16,15,19,17,13],[24,8,20,4,16,12,19],[12,4,24,16,8,20,19],[20,8,4,24,16,12,19],[8,20,16,24,4,12,15,19,17,13],[12,4,20,16,8,24,19],[16,8,4,12,20,24,19],[4,20,24,8,16,12,15,19,13,17],[4,20,24,8,16,12,15,19,17,13],[4,24,20,8,16,12,19],[4,8,16,24,12,20,19],[24,12,16,8,20,4,19],[24,16,4,8,20,12,19],[20,8,16,4,24,12,19],[4,12,20,24,16,8,19],[16,12,8,4,20,24,19],[4,20,16,8,12,24,19],[20,12,16,4,8,24,19],[12,4,16,24,20,8,15,19,17,13],[20,24,16,12,4,8,19],[8,16,4,20,12,24,19],[4,20,8,12,24,16,19],[8,4,16,12,20,24,19],[8,16,20,24,12,4,15,19,13,17],[16,12,20,24,8,4,15,19,17,13],[4,24,16,8,12,20,19],[24,4,12,16,20,8,15,19,17,13],[4,20,24,16,8,12,19],[16,4,20,8,12,24,19],[8,20,24,4,12,16,15,19,17,13],[4,20,12,24,8,16,15,19,17,13],[24,16,20,8,4,12,19],[16,4,24,8,20,12,19],[20,8,12,16,4,24,19],[4,12,8,16,20,24,15,19,13,17],[4,8,24,16,12,20,15,19,17,13],[4,16,8,24,20,12,15,19,17,13],[20,24,16,4,8,12,15,19,13,17],[24,20,12,16,8,4,19],[24,20,4,12,8,16,19],[8,12,24,20,4,16,19],[16,24,20,12,4,8,19],[8,16,24,12,20,4,15,19,13,17],[24,4,16,12,20,8,15,19,17,13],[12,16,24,4,8,20,19],[8,24,16,20,12,4,19],[8,4,16,20,24,12,15,19,17,13],[4,12,24,16,8,20,19],[24,20,16,4,8,12,19],[4,8,16,12,20,24,15,19,13,17],[12,16,8,24,4,20,19],[24,4,8,16,20,12,19],[8,12,24,16,4,20,19],[16,4,8,20,24,12,15,19,13,17],[20,16,12,8,24,4,15,19,13,17],[20,8,16,12,4,24,15,19,13,17],[8,4,20,24,16,12,19],[20,4,16,8,24,12,15,19,17,13],[20,24,8,16,4,12,15,19,17,13],[16,12,4,8,20,24,19],[8,12,24,20,4,16,15,19,13,17],[16,8,24,4,12,20,15,19,13,17],[24,8,16,12,20,4,15,19,13,17],[4,20,8,16,24,12,15,19,13,17],[8,24,20,16,4,12,15,19,13,17],[24,20,4,8,12,16,19],[24,4,20,12,16,8,15,19,13,17],[24,12,16,8,20,4,15,19,13,17],[20,12,24,8,16,4,19],[24,20,12,16,4,8,15,19,17,13],[24,20,12,4,16,8,19],[16,8,4,24,20,12,15,19,13,17],[8,4,12,24,20,16,19],[24,12,4,8,20,16,19],[4,20,8,16,12,24,15,19,13,17],[12,20,16,24,8,4,19],[4,20,24,12,16,8,19],[16,8,12,24,20,4,19],[8,24,12,20,4,16,15,19,17,13],[24,4,20,12,16,8,15,19,17,13],[16,8,20,12,4,24,19],[24,16,4,20,12,8,15,19,17,13],[24,20,16,8,4,12,19],[16,12,8,20,4,24,15,19,17,13],[4,24,8,20,16,12,15,19,13,17],[20,12,24,4,16,8,19],[20,24,4,12,8,16,19],[4,16,8,12,24,20,19],[24,12,16,4,20,8,15,19,13,17],[8,20,16,4,24,12,15,19,13,17],[8,16,4,24,20,12,15,19,13,17],[24,12,16,20,4,8,19],[12,20,4,16,24,8,15,19,17,13],[16,24,8,20,12,4,15,19,17,13],[12,16,4,8,20,24,15,19,13,17],[8,20,4,16,24,12,15,19,13,17],[24,8,20,16,4,12,19],[4,8,20,12,24,16,15,19,17,13],[8,12,20,16,24,4,15,19,13,17],[12,24,20,8,16,4,19],[20,24,8,12,4,16,15,19,13,17],[16,12,4,8,24,20,19],[16,8,12,24,20,4,19],[20,16,12,24,4,8,15,19,17,13],[4,8,20,24,16,12,15,19,13,17],[16,12,20,4,8,24,19],[12,16,24,8,20,4,19],[24,20,16,4,12,8,19],[16,20,24,8,4,12,19],[4,24,12,20,16,8,15,19,13,17],[4,24,8,16,12,20,15,19,17,13],[16,4,24,20,12,8,19],[24,12,16,8,4,20,19],[20,4,24,16,8,12,15,19,13,17],[24,4,8,12,20,16,19],[4,8,16,24,12,20,15,19,17,13],[24,16,20,12,4,8,19],[8,16,4,12,20,24,15,19,13,17],[4,24,16,20,12,8,19],[8,20,4,16,24,12,19],[20,16,4,12,24,8,19],[24,8,12,4,16,20,15,19,17,13],[20,24,4,8,12,16,19],[12,20,16,4,8,24,19],[4,12,20,16,24,8,15,19,13,17],[16,12,4,8,20,24,15,19,17,13],[24,8,4,16,12,20,15,19,17,13],[8,24,4,12,20,16,19],[12,8,24,4,20,16,19],[16,20,8,4,24,12,15,19,17,13],[8,24,4,12,20,16,19],[24,20,16,12,8,4,15,19,13,17],[20,4,12,24,8,16,19],[4,16,20,12,8,24,19],[16,8,12,4,20,24,19],[20,24,8,12,4,16,15,19,13,17],[16,24,12,4,8,20,19],[16,24,20,12,4,8,15,19,13,17],[20,8,24,16,12,4,15,19,13,17],[24,20,16,8,12,4,15,19,13,17],[4,16,12,24,8,20,15,19,13,17],[20,12,4,8,16,24,15,19,13,17],[20,12,4,8,16,24,15,19,13,17],[20,4,24,16,8,12,19],[12,16,20,4,8,24,15,19,17,13],[20,24,4,16,8,12,15,19,13,17],[12,20,24,4,16,8,15,19,13,17],[8,12,20,16,24,4,19],[8,16,24,20,12,4,15,19,17,13],[12,8,20,4,16,24,15,19,13,17],[4,24,8,16,12,20,19],[20,24,16,8,12,4,19],[20,4,8,12,16,24,15,19,13,17],[20,4,12,24,16,8,15,19,17,13],[20,8,12,24,4,16,19],[8,20,24,16,12,4,19],[16,24,8,20,4,12,15,19,13,17],[12,4,24,16,8,20,19],[20,12,16,24,4,8,19],[20,8,24,16,12,4,19],[20,16,24,4,12,8,15,19,13,17],[12,16,4,20,24,8,15,19,17,13],[24,4,8,20,16,12,19],[24,16,12,8,20,4,19],[12,8,16,20,24,4,15,19,13,17],[24,4,20,12,16,8,19],[24,4,8,12,20,16,19],[8,4,12,20,16,24,15,19,17,13],[20,16,24,12,8,4,15,19,17,13],[16,4,20,24,12,8,19],[12,8,16,24,4,20,15,19,13,17],[12,4,24,16,20,8,15,19,13,17],[8,12,16,24,20,4,15,19,13,17],[12,4,20,24,16,8,19],[8,24,4,20,16,12,15,19,17,13],[16,4,20,24,12,8,15,19,17,13],[16,24,4,8,20,12,19],[16,20,12,4,24,8,15,19,13,17]],"n_human":14}