{"problem_id":"eewoJML5byS5lDR","sigma":75,"alpha":0.100,"cost":1,"probabilities":"[0.33, 0.64, 0.01, 0.02]","payoff_matrix":"[[10, 31, 72, 53, 203, -42], [-94, -24, -108, 45, 60, 116], [68, -24, -24, -43, -56, 41], [-66, -108, -108, 5, -136, 62]]","uncovered":[[18,2,14,6,22,10,21,17],[18,22,14,10,6,2,21,17],[22,2,6,18,14,10,17],[2,18,14,22,10,6,17],[14,18,22,10,6,2,21,17],[10,14,18,6,22,2,17],[22,18,2,14,6,10,21,17],[22,10,14,18,6,2,21,17],[14,22,2,18,10,6,17],[6,18,2,14,22,10,17],[14,10,2,6,18,22,21,17],[2,18,6,10,22,14,17],[14,2,22,6,10,18,21,17],[18,22,2,6,14,10,21,17],[2,14,10,6,22,18,17],[22,2,14,18,10,6,21,17],[22,14,10,18,2,6,17],[18,10,6,22,14,2,17],[18,2,6,22,10,14,17],[22,2,14,18,10,6,21,17],[14,2,18,6,22,10,21,17],[14,18,6,22,10,2,21,17],[14,18,6,22,10,2,21,17],[6,18,14,10,22,2,17],[2,6,10,14,22,18,21,17],[10,18,22,2,14,6,17],[18,2,6,14,10,22,21,17],[18,2,10,14,22,6,17],[2,14,22,6,10,18,21,17],[10,2,18,6,22,14,17],[22,2,18,10,14,6,21,17],[10,2,22,6,18,14,21,17],[2,18,6,22,14,10,17],[22,2,18,6,14,10,17],[10,6,14,18,22,2,21,17],[22,18,2,10,14,6,21,17],[10,22,2,18,6,14,21,17],[18,10,2,6,22,14,17],[10,2,18,14,6,22,21,17],[6,14,10,22,2,18,17],[10,6,14,18,22,2,17],[10,14,18,22,2,6,17],[10,14,6,2,18,22,21,17],[14,18,2,6,22,10,17],[22,14,10,2,18,6,21,17],[2,6,22,18,10,14,17],[14,2,18,6,10,22,17],[6,18,14,2,10,22,21,17],[2,22,6,18,10,14,17],[18,6,2,14,10,22,17],[14,10,22,6,18,2,17],[2,22,14,6,18,10,21,17],[2,18,22,6,14,10,17],[2,14,22,10,6,18,17],[22,6,14,10,18,2,21,17],[10,6,14,2,22,18,21,17],[22,10,6,2,18,14,21,17],[10,14,18,22,6,2,21,17],[2,10,18,6,22,14,21,17],[10,18,22,2,14,6,17],[14,10,2,22,6,18,17],[6,10,2,18,22,14,21,17],[2,22,18,10,14,6,17],[10,18,22,14,6,2,21,17],[10,6,14,18,2,22,17],[10,14,6,18,22,2,17],[18,14,2,10,6,22,21,17],[2,22,14,6,18,10,21,17],[18,2,14,22,10,6,17],[18,22,6,10,2,14,17],[18,6,14,2,22,10,17],[18,22,6,10,14,2,21,17],[10,18,22,14,2,6,17],[18,22,10,2,14,6,21,17],[14,6,18,10,22,2,17],[6,10,18,2,22,14,17],[18,2,10,22,14,6,17],[10,6,2,14,22,18,21,17],[10,2,6,14,18,22,21,17],[22,18,14,2,6,10,21,17],[6,22,2,10,18,14,17],[18,10,2,14,6,22,17],[22,2,14,18,10,6,21,17],[10,2,14,18,22,6,21,17],[14,6,18,22,2,10,21,17],[14,6,22,2,18,10,21,17],[14,2,10,6,22,18,21,17],[6,22,14,2,18,10,21,17],[6,10,14,18,2,22,21,17],[22,14,18,10,2,6,17],[10,18,6,14,22,2,21,17],[22,6,2,14,10,18,21,17],[22,18,14,2,10,6,17],[2,10,6,18,22,14,21,17],[2,10,14,6,18,22,17],[14,10,18,2,22,6,17],[6,14,2,10,22,18,21,17],[14,10,22,6,18,2,17],[22,6,14,18,2,10,21,17],[22,18,6,14,2,10,17],[2,22,14,10,6,18,17],[2,14,22,6,10,18,17],[6,2,18,22,10,14,21,17],[2,14,10,18,6,22,17],[22,14,10,2,6,18,17],[18,14,2,22,10,6,17],[6,22,14,18,10,2,17],[2,22,14,18,10,6,17],[22,2,6,18,14,10,17],[10,18,14,6,2,22,17],[18,10,2,22,14,6,17],[10,22,14,2,6,18,21,17],[6,2,10,18,14,22,17],[14,10,22,18,6,2,17],[18,6,22,2,10,14,21,17],[6,10,2,22,18,14,17],[14,22,6,10,2,18,21,17],[18,6,10,14,2,22,21,17],[22,18,10,2,6,14,21,17],[6,18,14,10,22,2,17],[6,10,2,14,22,18,21,17],[6,10,14,2,22,18,21,17],[22,14,18,6,2,10,21,17],[6,18,22,14,10,2,21,17],[10,14,22,2,6,18,17],[10,14,2,6,18,22,21,17],[22,18,14,6,10,2,17],[6,14,2,10,18,22,21,17],[6,2,14,22,10,18,21,17],[2,6,18,10,14,22,21,17],[2,6,18,14,10,22,21,17],[22,6,18,14,10,2,21,17],[2,10,18,6,22,14,17],[14,2,10,22,18,6,21,17],[18,6,22,10,2,14,21,17],[14,6,22,18,2,10,17],[22,6,2,10,14,18,21,17],[6,10,18,2,22,14,21,17],[14,10,22,6,2,18,21,17],[6,22,10,14,2,18,17],[10,18,2,14,6,22,17],[22,6,18,2,10,14,17],[14,10,6,22,2,18,17],[18,6,14,2,10,22,21,17],[6,14,22,10,18,2,17],[2,18,22,6,14,10,17],[18,14,6,10,2,22,17],[14,6,18,22,2,10,17],[14,6,22,18,2,10,17],[6,18,14,10,2,22,17],[2,14,22,10,6,18,17],[2,6,14,22,10,18,21,17],[18,10,2,14,6,22,21,17],[14,18,6,10,2,22,21,17],[22,14,18,2,10,6,17],[10,18,22,6,14,2,17],[14,10,18,2,22,6,21,17],[2,6,10,18,14,22,21,17],[22,2,10,6,14,18,21,17],[2,6,14,22,10,18,21,17],[2,10,22,14,18,6,17],[6,10,18,14,22,2,21,17],[10,6,14,2,22,18,21,17],[14,6,22,18,2,10,17],[6,14,18,22,2,10,17],[22,2,6,10,18,14,17],[14,18,22,10,6,2,17],[6,14,2,18,10,22,17],[14,2,18,6,10,22,21,17],[14,2,22,18,10,6,17],[18,22,6,10,2,14,21,17],[2,22,10,14,6,18,21,17],[22,14,2,6,10,18,17],[6,2,22,10,14,18,17],[6,14,2,22,18,10,21,17],[14,2,6,18,10,22,17],[2,22,10,6,14,18,21,17],[2,22,18,6,10,14,17],[22,6,10,18,2,14,17],[22,14,10,6,2,18,21,17],[10,22,14,2,6,18,17,21],[10,2,22,18,14,6,21,17],[14,10,22,2,18,6,17],[6,22,14,2,10,18,21,17],[18,22,14,2,6,10,21,17],[22,2,6,18,14,10,21,17],[2,18,22,14,10,6,21,17],[22,2,10,6,18,14,21,17],[18,22,14,10,2,6,21,17],[18,10,2,14,22,6,21,17],[2,6,14,18,22,10,17],[18,14,10,6,2,22,21,17],[14,22,18,2,6,10,21,17],[10,6,22,14,2,18,21,17],[2,6,22,10,18,14,17],[22,14,18,10,2,6,17],[10,2,18,22,6,14,17],[14,18,10,2,6,22,21,17],[2,10,22,6,18,14,21,17],[10,22,6,18,14,2,17],[6,18,10,14,2,22,17],[14,18,10,6,22,2,17],[2,6,10,18,22,14,17],[6,14,10,18,22,2,17],[6,14,10,18,2,22,17],[2,22,6,14,18,10,21,17],[10,22,2,18,6,14,21,17],[2,22,6,14,10,18,17],[14,22,6,18,2,10,21,17],[14,22,6,2,10,18,17],[2,18,6,14,22,10,21,17],[22,10,2,14,18,6,21,17],[14,10,18,6,22,2,21,17],[14,10,6,18,22,2,17],[2,18,6,14,22,10,21,17],[2,14,10,22,18,6,21,17],[6,18,14,2,10,22,17],[18,2,10,22,6,14,17],[6,2,18,10,14,22,17],[18,2,6,22,14,10,17],[18,2,14,10,6,22,17],[6,14,22,10,2,18,21,17],[6,14,2,18,22,10,21,17],[6,22,2,10,18,14,21,17],[10,14,2,18,6,22,21,17],[18,10,22,14,6,2,17],[14,10,6,2,22,18,21,17],[6,2,14,22,10,18,21,17],[6,22,18,10,2,14,21,17],[14,10,2,18,6,22,21,17],[10,6,18,14,22,2,17],[22,10,18,6,14,2,21,17],[18,14,6,10,22,2,21,17],[10,2,6,14,22,18,21,17],[14,18,2,22,10,6,21,17],[18,6,14,22,10,2,17],[6,10,14,18,2,22,17],[22,6,18,2,14,10,17],[22,14,10,2,18,6,17],[18,22,2,10,6,14,21,17],[22,18,6,2,10,14,21,17],[18,2,10,6,22,14,17],[10,14,6,18,22,2,21,17],[22,6,14,2,18,10,21,17],[22,14,18,2,6,10,21,17],[2,18,22,14,6,10,17],[14,2,10,6,22,18,21,17],[22,10,6,18,2,14,21,17],[22,6,10,2,18,14,21,17],[18,6,14,2,22,10,21,17],[6,2,18,10,14,22,21,17],[14,18,22,10,2,6,21,17],[22,2,14,6,18,10,21,17],[6,18,22,10,2,14,17],[2,18,22,6,10,14,17],[22,10,2,14,6,18,21,17],[14,6,2,10,18,22,21,17],[18,10,22,2,6,14,17],[6,22,2,14,18,10,17],[6,18,14,22,2,10,21,17],[22,2,10,18,6,14,21,17],[2,6,18,22,14,10,21,17],[22,6,14,18,10,2,21,17],[10,6,2,22,14,18,17],[22,2,10,18,14,6,21,17],[22,2,6,10,14,18,21,17],[22,10,14,2,6,18,21,17],[14,22,6,18,2,10,21,17],[10,2,22,14,18,6,17],[18,22,10,6,2,14,17],[18,14,6,22,2,10,17],[18,2,10,6,14,22,17],[6,2,14,18,22,10,21,17],[10,14,2,22,18,6,17],[14,22,10,18,2,6,21,17],[22,2,10,6,14,18,17],[18,22,14,10,2,6,21,17],[14,10,18,6,22,2,21,17],[2,18,6,10,14,22,21,17],[18,10,2,14,22,6,21,17],[18,2,14,22,6,10,17],[14,10,18,2,6,22,17],[18,10,14,6,22,2,21,17],[22,6,10,18,14,2,21,17],[18,14,10,6,2,22,21,17],[2,10,18,22,14,6,21,17],[10,2,22,6,14,18,17],[6,22,2,10,14,18,21,17],[22,18,6,14,10,2,21,17],[22,6,10,14,18,2,21,17],[2,18,14,6,10,22,21,17],[22,18,2,14,6,10,17],[14,22,6,10,2,18,21,17],[10,14,2,6,22,18,17],[22,6,10,14,2,18,21,17],[18,6,2,22,14,10,21,17],[18,2,22,6,10,14,17],[2,18,14,10,6,22,21,17],[2,22,18,10,6,14,17],[2,18,10,6,14,22,21,17],[6,10,18,22,2,14,17],[14,10,2,6,22,18,21,17],[10,14,18,22,2,6,21,17],[18,10,6,2,22,14,21,17],[6,2,14,22,18,10,21,17],[14,18,6,2,10,22,21,17],[18,10,2,6,22,14,17],[22,18,6,10,2,14,21,17],[2,14,6,10,18,22,17],[2,10,6,14,18,22,21,17],[22,10,14,18,6,2,21,17],[14,18,6,2,22,10,17],[10,2,18,6,22,14,17],[6,18,2,22,10,14,21,17],[22,10,6,14,18,2,17],[18,2,10,6,14,22,17],[18,14,10,22,6,2,21,17],[18,22,2,10,14,6,21,17],[6,2,22,18,10,14,21,17],[18,14,10,22,6,2,17],[6,2,22,10,18,14,21,17],[18,10,14,2,6,22,17],[18,22,10,6,2,14,21,17],[18,6,10,22,14,2,17],[22,6,10,2,18,14,21,17],[6,2,10,22,18,14,17],[10,18,14,22,2,6,17],[2,14,22,6,10,18,21,17],[18,10,14,6,22,2,21,17],[2,6,14,10,18,22,21,17],[14,18,22,2,10,6,17],[10,6,18,2,22,14,21,17],[10,6,22,14,2,18,21,17],[6,18,2,14,22,10,21,17],[22,2,10,6,18,14,17],[18,14,10,2,22,6,17],[18,14,10,2,22,6,21,17],[18,10,2,14,6,22,17],[2,18,10,14,6,22,17],[22,2,10,6,18,14,21,17],[6,14,18,10,22,2,21,17],[14,2,10,18,22,6,21,17],[6,2,18,22,10,14,17],[10,2,6,14,18,22,17],[6,2,10,14,18,22,17],[22,6,18,2,10,14,17],[6,18,10,22,2,14,21,17],[22,18,14,2,6,10,17],[6,2,18,14,10,22,17],[22,6,14,10,18,2,21,17],[6,22,14,10,2,18,21,17],[22,6,10,14,2,18,21,17],[14,6,18,2,22,10,17],[2,10,6,18,22,14,17],[18,6,14,22,2,10,17],[6,22,10,18,14,2,17],[14,22,6,10,18,2,21,17],[2,22,10,6,18,14,17],[10,22,18,2,14,6,17],[18,6,10,14,22,2,21,17],[18,22,2,10,6,14,21,17],[18,2,6,22,10,14,17],[10,22,18,14,2,6,17],[18,14,2,22,10,6,21,17],[6,2,18,10,14,22,21,17],[6,14,22,18,10,2,21,17],[2,18,22,10,6,14,17],[14,18,2,10,22,6,17],[2,18,6,10,22,14,17],[18,10,22,2,6,14,17],[18,10,14,2,6,22,17],[14,22,10,2,6,18,21,17],[6,14,2,18,10,22,21,17],[2,10,14,18,6,22,21,17],[6,2,18,10,14,22,21,17],[6,22,10,18,2,14,17],[18,14,2,6,10,22,21,17],[22,18,10,14,2,6,17],[10,2,6,22,14,18,17],[14,10,6,2,22,18,21,17],[6,22,10,2,18,14,17],[6,14,2,18,22,10,21,17],[6,2,18,10,14,22,17],[18,10,2,22,14,6,21,17],[10,14,2,6,22,18,21,17],[10,2,6,22,14,18,21,17],[2,6,10,14,18,22,17],[22,14,6,10,18,2,17],[10,14,2,18,6,22,17],[18,10,2,22,6,14,21,17],[22,6,2,18,14,10,17],[6,2,22,18,14,10,17],[14,22,18,6,2,10,17],[6,18,22,2,10,14,17],[22,6,2,10,14,18,21,17],[6,10,22,2,18,14,21,17],[18,10,14,22,6,2,21,17],[22,18,2,14,10,6,21,17],[14,22,2,10,6,18,17],[10,2,14,22,6,18,21,17],[2,6,18,14,10,22,17],[18,6,2,22,10,14,21,17],[6,14,10,22,2,18,17],[6,10,2,22,14,18,21,17],[2,18,22,14,10,6,21,17],[6,2,22,10,14,18,21,17],[6,22,2,18,10,14,21,17],[2,6,18,10,22,14,21,17],[14,2,22,10,18,6,21,17],[14,10,22,18,2,6,17],[22,14,10,6,2,18,17],[6,22,18,14,2,10,21,17],[10,2,22,6,14,18,17],[14,2,22,18,6,10,17],[6,14,10,2,18,22,21,17],[2,14,22,18,10,6,17],[6,14,22,10,2,18,17],[2,6,14,18,22,10,17],[6,14,22,10,18,2,17],[22,10,18,6,2,14,21,17],[18,10,6,14,22,2,17],[14,22,10,2,18,6,21,17],[6,18,14,2,10,22,21,17],[22,18,14,10,2,6,21,17],[6,14,10,22,2,18,17],[6,14,2,10,22,18,17],[14,2,18,6,10,22,21,17],[22,14,18,6,2,10,21,17],[14,6,18,22,2,10,21,17],[2,10,18,22,14,6,21,17],[22,14,10,18,2,6,17],[2,14,18,6,22,10,21,17],[6,10,2,22,18,14,17],[10,18,22,6,2,14,17],[10,6,2,22,14,18,21,17],[10,22,14,6,18,2,17],[10,14,18,22,2,6,17],[14,22,10,2,6,18,17],[6,18,10,2,22,14,17],[10,6,14,22,18,2,21,17],[2,14,6,10,22,18,21,17],[18,10,14,22,2,6,21,17],[2,6,10,14,18,22,17],[2,22,10,14,18,6,21,17],[2,6,10,18,14,22,21,17],[6,22,14,18,10,2,17],[18,6,22,2,14,10,17],[6,10,14,2,18,22,21,17],[22,2,14,6,18,10,21,17],[14,2,10,18,22,6,17],[10,22,6,18,2,14,17],[14,6,18,22,10,2,21,17],[6,14,2,18,10,22,21,17],[2,10,22,6,14,18,21,17],[2,22,14,18,10,6,17],[22,14,2,18,10,6,21,17],[6,2,14,10,18,22,21,17],[22,2,14,10,18,6,21,17],[6,14,2,10,22,18,21,17],[14,18,10,22,2,6,17],[2,22,10,14,18,6,17],[2,10,14,6,22,18,17],[18,6,10,2,22,14,17],[18,2,22,14,10,6,21,17],[6,2,14,18,10,22,17],[6,2,10,18,22,14,17],[2,22,10,14,18,6,21,17],[6,2,14,22,10,18,17],[2,18,10,14,6,22,21,17],[10,22,18,2,6,14,21,17],[6,18,10,14,22,2,17],[18,14,2,10,6,22,21,17],[6,14,22,10,18,2,21,17],[22,10,14,18,2,6,17],[6,18,14,2,10,22,17],[10,2,14,18,22,6,21,17],[18,6,22,14,10,2,21,17],[14,18,2,6,22,10,21,17],[2,10,18,14,22,6,17],[6,18,14,2,22,10,17],[14,22,6,18,2,10,21,17],[2,18,14,6,10,22,21,17],[2,18,10,6,14,22,21,17],[18,10,6,22,2,14,21,17],[6,10,14,18,2,22,21,17],[2,18,22,10,6,14,21,17],[6,22,18,14,10,2,17],[14,2,10,22,6,18,17],[10,14,2,18,6,22,17],[2,6,18,22,10,14,17],[18,2,10,6,14,22,17],[2,10,18,14,6,22,21,17],[10,6,18,14,22,2,21,17],[6,14,10,18,22,2,17],[10,22,14,18,6,2,21,17],[14,10,2,6,22,18,17],[22,10,2,6,14,18,17],[14,18,22,2,10,6,17],[6,2,14,22,10,18,17],[22,10,2,14,6,18,17],[10,6,22,2,14,18,21,17],[18,2,6,10,22,14,17],[22,2,14,6,10,18,17],[10,2,22,6,18,14,17],[6,18,22,14,10,2,21,17],[2,10,6,22,14,18,17],[22,2,14,10,6,18,17],[18,2,6,22,14,10,21,17],[18,6,10,22,2,14,17],[10,6,2,22,18,14,17],[14,18,10,22,6,2,21,17],[22,18,10,14,6,2,21,17],[22,6,10,18,2,14,17],[2,18,22,10,6,14,17],[2,18,10,14,22,6,17],[22,14,18,2,10,6,17],[10,2,22,14,6,18,21,17],[2,22,14,18,10,6,17],[2,22,14,6,10,18,17],[14,10,2,6,18,22,17],[14,6,22,18,10,2,17],[22,10,2,18,6,14,17],[2,6,22,10,14,18,21,17],[18,14,6,2,22,10,17],[22,10,14,2,6,18,21,17],[18,22,14,2,10,6,21,17],[10,14,18,2,6,22,21,17],[10,2,14,22,6,18,17],[18,10,22,6,14,2,17],[14,2,10,6,18,22,17],[10,6,18,2,14,22,21,17],[22,18,6,10,14,2,21,17],[6,10,14,2,18,22,17],[14,6,2,18,10,22,17],[14,22,18,2,6,10,21,17],[2,10,6,18,22,14,21,17],[14,10,2,22,6,18,21,17],[18,22,6,14,10,2,17],[22,10,2,18,6,14,17],[22,14,6,2,10,18,17],[18,22,2,10,6,14,21,17],[18,10,2,6,22,14,21,17],[14,18,22,10,2,6,17],[10,14,18,2,22,6,17],[2,14,18,22,10,6,17],[10,18,22,2,14,6,17],[22,2,10,18,14,6,21,17],[22,6,2,10,14,18,17],[14,2,22,18,10,6,17],[14,18,10,22,2,6,17],[2,10,14,18,22,6,21,17],[18,6,10,22,2,14,17],[22,14,6,18,2,10,21,17],[22,18,10,14,6,2,17],[22,10,2,6,18,14,21,17],[6,18,22,14,10,2,21,17],[10,18,2,14,22,6,21,17],[10,22,6,2,14,18,17],[6,18,22,14,10,2,21,17],[22,14,6,10,18,2,17],[18,22,6,10,2,14,21,17],[10,18,22,6,14,2,21,17],[22,2,6,10,18,14,17],[18,10,14,22,2,6,21,17],[18,10,2,22,14,6,21,17],[14,2,10,18,6,22,21,17],[2,22,10,6,18,14,21,17],[2,6,10,22,18,14,17],[6,14,2,18,10,22,21,17],[14,2,6,18,22,10,17],[18,2,22,14,6,10,17],[14,2,6,10,18,22,21,17],[2,10,22,18,14,6,21,17],[14,2,6,18,10,22,17],[10,14,22,18,6,2,21,17],[6,22,18,14,2,10,17],[14,6,10,22,18,2,17],[6,22,14,18,10,2,21,17],[22,14,6,2,10,18,21,17],[22,18,6,10,2,14,21,17],[6,22,14,2,10,18,17],[22,6,18,14,2,10,17],[18,22,10,6,14,2,17],[14,6,2,22,18,10,17],[22,10,18,14,2,6,21,17],[18,6,22,2,14,10,21,17],[10,2,22,14,18,6,21,17],[2,14,18,10,22,6,17],[2,22,18,10,14,6,21,17],[22,2,10,14,6,18,17],[22,10,18,6,2,14,17],[14,6,10,22,18,2,21,17],[18,22,2,14,6,10,21,17],[6,22,2,10,14,18,21,17],[14,2,10,6,18,22,21,17],[6,10,18,14,22,2,17],[2,6,14,22,18,10,17],[14,2,6,18,10,22,21,17],[22,2,6,14,10,18,21,17],[6,14,18,10,22,2,21,17],[10,2,22,18,6,14,21,17],[6,10,22,14,2,18,17],[18,10,6,2,22,14,21,17],[14,22,2,6,10,18,21,17],[14,6,18,22,2,10,17],[14,10,2,22,6,18,21,17],[22,2,18,14,6,10,17],[10,22,18,14,2,6,17],[18,6,10,2,14,22,17],[10,14,22,2,6,18,17],[10,18,14,6,2,22,21,17],[10,14,6,22,2,18,21,17],[22,10,6,2,18,14,17],[22,18,2,14,6,10,21,17],[22,18,14,2,6,10,17],[6,2,10,14,22,18,21,17],[22,10,6,18,2,14,17],[2,18,10,14,22,6,21,17],[6,14,2,18,10,22,21,17],[2,10,6,18,22,14,17],[18,2,6,14,10,22,21,17],[2,14,10,18,22,6,17],[2,14,6,22,18,10,17],[10,6,14,2,18,22,21,17],[2,18,6,14,22,10,17],[6,2,18,14,22,10,17],[2,6,14,22,18,10,21,17],[10,14,18,2,22,6,21,17],[6,22,2,10,14,18,21,17],[22,6,10,14,2,18,17],[10,18,22,2,6,14,21,17],[6,10,14,2,22,18,17],[18,6,22,10,14,2,17],[10,18,14,22,6,2,21,17],[6,10,14,18,2,22,17],[6,18,22,10,14,2,21,17],[10,6,18,14,22,2,17],[18,6,2,14,10,22,21,17],[22,6,18,14,10,2,17],[2,18,14,10,6,22,17],[2,6,10,14,22,18,21,17],[14,6,18,22,2,10,17],[18,14,22,6,10,2,21,17],[18,22,14,10,2,6,21,17],[6,22,2,14,18,10,17],[10,22,18,14,2,6,17],[18,22,10,14,2,6,21,17],[22,2,18,14,6,10,21,17],[2,6,18,10,22,14,21,17],[6,22,2,14,10,18,21,17],[2,10,14,18,6,22,17],[22,18,2,10,14,6,21,17],[22,14,10,6,2,18,21,17],[22,2,6,10,14,18,17],[6,10,18,2,14,22,17],[10,2,6,18,14,22,21,17],[22,14,2,10,18,6,17],[14,18,6,22,10,2,17],[10,2,6,18,22,14,17],[6,22,14,18,10,2,21,17],[2,10,6,22,18,14,21,17],[6,14,2,10,22,18,21,17],[10,22,6,2,18,14,17],[10,14,6,2,18,22,21,17],[18,10,14,22,6,2,17],[14,18,2,10,22,6,17],[22,6,10,18,2,14,17],[10,14,2,22,18,6,17],[2,10,22,6,18,14,21,17],[6,14,10,2,22,18,21,17],[14,2,22,18,10,6,17],[22,10,14,18,6,2,17],[14,22,10,6,18,2,17],[6,14,2,10,22,18,17],[18,14,2,6,10,22,17],[2,22,14,10,18,6,17],[10,22,2,18,14,6,21,17],[6,18,10,22,2,14,21,17],[22,6,10,18,2,14,17],[6,18,2,14,10,22,21,17],[10,6,14,22,18,2,21,17],[6,14,22,10,18,2,17],[14,2,22,10,6,18,21,17],[18,2,22,10,14,6,17],[18,2,22,10,14,6,21,17],[18,10,2,14,22,6,21,17],[10,18,14,22,2,6,21,17],[2,18,14,10,22,6,17],[22,2,18,10,6,14,17],[6,2,18,22,14,10,21,17],[14,18,6,10,2,22,17],[22,2,10,14,6,18,21,17],[22,18,6,14,10,2,17],[22,10,14,2,18,6,21,17],[18,10,6,14,22,2,17],[2,6,10,14,18,22,17],[18,22,2,6,10,14,21,17],[10,18,6,14,22,2,17],[22,2,10,14,18,6,21,17],[14,2,22,18,6,10,17],[2,10,22,18,14,6,21,17],[22,2,6,14,10,18,17],[14,6,18,10,2,22,21,17],[10,2,18,14,22,6,17],[22,14,18,10,6,2,17],[6,14,2,10,18,22,21,17],[18,2,14,10,6,22,21,17],[2,6,14,18,10,22,21,17],[10,6,2,22,18,14,21,17],[18,14,6,10,22,2,17],[10,18,2,6,14,22,21,17],[18,22,2,6,10,14,21,17],[10,14,2,6,18,22,17],[18,10,2,22,14,6,21,17],[2,6,14,10,18,22,21,17],[14,2,10,22,6,18,17],[2,10,14,6,22,18,17],[22,14,2,10,18,6,17],[2,22,14,18,10,6,21,17],[22,2,10,18,6,14,21,17],[10,14,6,2,22,18,17],[6,18,22,14,10,2,21,17],[18,10,6,22,2,14,21,17],[14,6,18,2,22,10,17],[18,6,22,10,2,14,21,17],[18,10,6,2,14,22,21,17],[2,14,22,6,10,18,17],[22,6,14,18,10,2,17],[22,10,18,14,2,6,17],[18,14,6,10,22,2,17],[14,22,6,2,18,10,17],[14,22,10,2,18,6,17],[22,6,10,14,18,2,17],[22,6,10,2,14,18,17],[22,10,6,14,2,18,17],[22,10,14,2,6,18,21,17],[22,10,14,6,18,2,17],[2,18,22,6,10,14,21,17],[22,2,18,10,14,6,17],[6,22,18,14,2,10,17],[22,6,18,10,2,14,21,17],[14,2,10,6,18,22,17],[18,6,14,10,22,2,17],[6,10,2,18,14,22,21,17],[18,10,6,14,2,22,21,17],[18,22,6,2,10,14,17],[14,10,2,22,18,6,17],[14,22,6,18,2,10,21,17],[18,6,22,2,10,14,21,17],[10,18,22,6,2,14,21,17],[6,14,10,22,18,2,21,17],[14,10,2,22,6,18,21,17],[14,18,6,10,22,2,17],[6,2,10,22,14,18,17],[2,18,22,10,14,6,17],[2,18,6,14,10,22,17],[18,6,2,22,14,10,21,17],[10,6,2,18,22,14,21,17],[6,18,22,10,14,2,21,17],[22,10,14,6,2,18,21,17],[18,22,14,6,2,10,17],[6,14,22,10,2,18,21,17],[14,2,18,6,22,10,21,17],[18,6,10,2,22,14,17],[14,10,18,6,22,2,17],[6,10,22,2,14,18,17],[18,22,6,2,10,14,21,17],[14,6,22,10,2,18,17],[18,22,10,2,14,6,21,17],[22,10,14,6,2,18,17],[10,14,22,2,18,6,21,17],[22,6,14,2,18,10,21,17],[10,6,14,2,18,22,21,17],[2,22,14,6,18,10,17],[22,6,2,10,14,18,17],[2,18,14,22,10,6,17],[18,6,10,22,2,14,21,17],[14,6,10,22,2,18,17],[14,6,10,2,18,22,21,17],[14,2,18,6,22,10,17],[6,10,18,14,2,22,17],[18,14,2,22,6,10,21,17],[18,6,22,14,2,10,21,17],[6,18,22,10,2,14,21,17],[10,2,14,22,6,18,17],[22,6,2,10,18,14,21,17],[18,14,6,22,10,2,21,17],[2,6,22,14,18,10,17],[10,14,22,6,2,18,17],[10,14,22,18,2,6,17],[2,18,14,22,6,10,17],[10,14,18,22,2,6,21,17],[18,10,22,14,2,6,17],[22,10,14,6,18,2,17],[6,2,18,14,22,10,17],[18,14,10,22,2,6,17],[10,2,18,14,6,22,21,17],[10,2,18,14,6,22,21,17],[2,22,18,10,6,14,21,17],[22,18,6,10,2,14,21,17],[2,22,10,6,18,14,21,17],[14,2,6,22,18,10,17],[22,18,2,14,6,10,17],[18,6,10,14,22,2,21,17],[14,2,22,6,18,10,17],[22,18,2,14,6,10,17],[14,18,2,10,6,22,17],[22,6,18,2,14,10,17],[14,2,22,18,6,10,17],[2,6,22,18,14,10,17],[14,18,2,22,10,6,21,17],[6,2,14,22,10,18,17],[22,18,2,10,6,14,17],[2,14,6,18,22,10,21,17],[22,10,6,18,2,14,17],[6,14,18,10,22,2,17],[2,18,22,6,14,10,17],[22,10,18,6,14,2,17],[6,14,10,2,22,18,21,17],[2,18,6,14,22,10,17],[14,6,10,2,18,22,21,17],[2,6,14,10,22,18,17],[2,18,14,6,22,10,21,17],[6,22,10,18,14,2,17],[2,18,6,22,10,14,21,17],[14,2,10,18,22,6,17],[22,6,18,14,2,10,17],[2,18,22,6,14,10,17],[18,2,22,6,14,10,21,17],[2,6,14,10,18,22,21,17],[14,2,6,18,22,10,17],[18,6,14,2,10,22,17],[6,22,10,2,14,18,17],[10,6,18,14,2,22,17],[2,10,14,22,18,6,17],[2,6,22,14,10,18,21,17],[22,2,14,6,18,10,21,17],[2,10,18,22,6,14,17],[14,2,22,10,18,6,21,17],[22,18,10,2,6,14,21,17],[22,10,14,18,6,2,21,17],[2,14,22,6,18,10,21,17],[10,14,22,2,18,6,21,17],[14,2,6,18,10,22,17],[10,6,14,2,18,22,21,17],[14,6,18,10,22,2,17],[10,2,22,6,18,14,21,17],[22,6,10,18,14,2,21,17],[2,6,14,18,22,10,17],[10,14,22,2,18,6,17],[14,18,6,22,2,10,17],[6,22,18,10,14,2,21,17],[10,18,6,2,22,14,21,17],[22,6,18,2,10,14,21,17],[2,6,22,14,18,10,21,17],[10,2,14,22,6,18,21,17],[22,18,2,10,14,6,21,17],[14,2,22,18,6,10,17],[18,22,6,14,2,10,21,17],[2,6,14,10,18,22,17],[2,10,14,22,18,6,21,17],[2,14,10,22,18,6,17],[2,22,14,18,6,10,21,17],[6,2,10,18,14,22,17],[6,2,10,14,22,18,17],[10,18,22,14,6,2,17],[18,22,6,10,14,2,17],[2,14,6,22,18,10,21,17],[2,14,18,6,10,22,17],[2,22,6,14,18,10,17],[22,2,10,6,14,18,21,17],[10,14,6,18,22,2,21,17],[22,18,10,2,6,14,21,17],[6,2,10,14,18,22,17],[6,14,2,22,18,10,17],[2,18,22,10,6,14,17],[14,2,18,6,22,10,17],[2,22,18,10,6,14,17],[10,18,2,14,6,22,17],[14,10,6,22,2,18,21,17],[18,14,10,6,2,22,17],[2,18,22,14,6,10,17],[6,10,14,22,18,2,17],[6,18,22,14,10,2,17],[2,6,18,22,10,14,21,17],[14,10,6,18,2,22,21,17],[18,22,6,2,14,10,17],[10,6,2,18,22,14,17],[18,2,10,22,6,14,17],[10,22,2,14,6,18,17],[22,10,6,2,18,14,17],[22,6,10,18,2,14,17],[14,2,22,6,18,10,21,17],[18,10,14,6,22,2,17],[18,10,14,22,2,6,17],[14,22,10,6,18,2,21,17],[18,2,10,6,22,14,17],[18,6,22,10,2,14,21,17],[10,2,14,18,6,22,17],[18,14,2,6,22,10,17],[14,10,22,18,6,2,17],[6,14,10,2,18,22,21,17],[22,18,14,2,6,10,17],[10,6,22,2,14,18,17],[10,18,14,2,6,22,17],[18,2,6,22,10,14,17],[22,2,6,10,18,14,17],[14,18,22,10,2,6,17],[22,14,10,2,18,6,17],[14,18,2,10,6,22,17],[14,22,2,10,6,18,17],[22,6,2,18,14,10,21,17],[2,14,10,18,6,22,21,17],[22,6,10,2,18,14,17],[10,14,2,18,22,6,21,17],[2,22,14,10,6,18,17],[2,10,14,22,18,6,21,17],[2,14,6,18,10,22,21,17],[14,18,10,22,2,6,21,17],[2,18,10,22,14,6,17],[18,2,10,22,14,6,17],[6,2,22,18,14,10,17],[22,18,2,10,6,14,21,17],[2,10,14,22,18,6,17],[22,2,10,14,6,18,17],[6,14,10,2,18,22,21,17],[14,22,10,6,18,2,21,17],[10,22,6,2,18,14,17],[2,22,10,18,6,14,21,17],[18,22,10,14,6,2,17],[6,14,2,10,22,18,17],[18,6,2,10,22,14,21,17],[14,18,22,10,2,6,21,17],[14,6,10,22,18,2,21,17],[6,2,14,10,18,22,21,17],[6,14,18,22,2,10,17],[6,10,22,2,18,14,17],[2,22,18,10,14,6,21,17],[14,22,18,2,10,6,17],[18,22,10,14,6,2,21,17],[6,10,18,22,14,2,17],[10,14,22,2,18,6,17],[6,18,22,14,10,2,17],[14,18,22,10,6,2,21,17],[18,22,14,10,2,6,21,17],[14,2,18,22,6,10,21,17],[18,14,6,22,10,2,21,17],[6,22,10,14,2,18,17],[18,10,22,14,6,2,17],[6,22,10,2,14,18,21,17],[10,6,2,18,14,22,21,17],[10,2,22,6,14,18,17],[14,10,18,6,22,2,17],[18,6,10,22,14,2,17],[2,18,6,10,22,14,17],[18,14,10,22,2,6,17],[18,14,2,10,6,22,17],[22,14,10,6,2,18,21,17],[18,6,14,10,22,2,17],[10,6,2,22,14,18,17],[22,2,18,6,14,10,21,17],[2,14,10,6,18,22,17],[22,14,6,18,10,2,21,17],[22,6,2,10,18,14,21,17],[10,6,2,14,22,18,17],[10,22,14,2,18,6,21,17],[10,18,22,2,6,14,17],[6,14,18,10,2,22,17],[6,10,18,2,22,14,17],[14,2,6,18,10,22,21,17],[22,6,14,2,10,18,21,17],[2,18,22,14,10,6,17],[18,22,6,10,2,14,21,17],[6,18,2,14,10,22,21,17],[18,22,2,10,6,14,17],[22,14,18,10,2,6,21,17],[14,6,22,10,2,18,21,17],[6,14,10,18,2,22,17],[18,6,2,10,14,22,17],[22,2,10,18,14,6,17],[2,22,10,14,18,6,17],[14,2,10,6,18,22,21,17],[22,18,2,14,10,6,21,17],[14,6,22,2,18,10,21,17],[2,14,18,6,22,10,17],[2,6,22,14,10,18,17],[14,18,10,2,6,22,17],[6,2,14,22,18,10,17],[6,22,10,18,14,2,17],[2,14,6,18,22,10,21,17],[22,14,18,2,6,10,17],[2,6,14,10,22,18,17],[14,6,2,18,10,22,17],[6,22,14,10,2,18,21,17],[22,6,2,18,14,10,17],[22,6,10,14,2,18,17],[18,6,10,22,2,14,17],[14,22,18,6,2,10,21,17],[10,6,22,18,2,14,21,17],[22,6,10,18,14,2,21,17]],"n_human":12}