{"problem_id":"fTMMxtYEPrwTYbR","sigma":75,"alpha":3.162,"cost":1,"probabilities":"[0.31, 0.11, 0.35, 0.23]","payoff_matrix":"[[21, 50, 96, -28, -41, -69], [75, 8, -76, 15, 183, -48], [-22, -20, -47, 152, 1, 61], [45, 92, 116, 29, 94, 59]]","uncovered":[[3,7,11,19,23,15,21],[3,15,7,23,21,19,11],[15,19,7,11,3,23,21],[11,23,15,13,21,3,7,19],[19,7,23,15,13,21,11,3],[7,19,23,15,21,3,11],[3,19,11,7,15,23,13,21],[19,7,11,15,3,23,21],[23,7,15,21,19,11,3],[15,11,3,19,23,13,21,7],[15,23,21,11,3,19,7],[15,19,23,21,7,3,11],[7,15,11,19,23,13,21,3],[7,3,15,11,23,13,21,19],[15,23,13,21,7,11,3,19],[11,15,19,23,13,21,3,7],[15,3,19,7,11,23,13,21],[15,19,7,23,21,3,11],[11,3,19,7,15,23,13,21],[3,7,11,19,15,23,13,21],[19,23,3,7,15,21,11],[23,15,13,21,7,19,11,3],[23,15,13,21,3,11,19,7],[23,3,11,19,15,13,21,7],[11,15,23,13,21,3,19,7],[23,19,7,15,21,11,3],[7,3,15,23,13,21,19,11],[7,15,23,13,21,11,19,3],[11,15,23,21,3,19,7],[19,7,23,3,11,15,21],[11,7,3,19,23,15,13,21],[23,3,15,13,21,7,11,19],[11,7,15,23,13,21,3,19],[23,19,11,7,15,21,3],[23,19,11,15,13,21,3,7],[7,23,15,13,21,11,3,19],[19,23,11,3,15,21,7],[23,7,19,3,11,15,13,21],[15,23,21,7,3,19,11],[3,15,7,19,23,21,11],[15,19,3,7,23,21,11],[15,23,21,3,11,7,19],[19,7,15,3,23,21,11],[3,23,19,15,21,11,7],[11,3,7,19,15,23,21],[15,7,3,19,11,23,21],[19,7,3,23,15,13,21,11],[11,15,23,21,19,7,3],[7,19,15,11,23,21,3],[19,3,11,7,23,15,13,21],[15,3,11,7,23,13,21,19],[19,3,15,7,11,23,13,21],[15,11,3,19,7,23,13,21],[7,3,11,15,19,23,21],[11,3,7,15,23,21,19],[11,15,7,23,13,21,3,19],[23,11,15,21,7,19,3],[3,19,11,7,15,23,13,21],[11,15,19,23,21,7,3],[19,3,11,15,7,23,21],[23,15,13,21,19,3,7,11],[23,3,15,21,11,19,7],[15,19,3,11,7,23,13,21],[15,3,19,7,11,23,21],[3,19,11,15,23,21,7],[19,11,7,23,3,15,21],[11,23,7,3,19,15,21],[7,19,3,15,11,23,13,21],[3,23,19,15,21,7,11],[15,3,19,11,23,13,21,7],[15,19,7,11,23,21,3],[23,19,15,21,3,11,7],[19,7,3,23,11,15,13,21],[3,15,19,23,21,11,7],[11,15,23,21,7,19,3],[3,7,19,15,11,23,21],[7,3,23,15,21,11,19],[11,7,3,19,23,15,13,21],[23,15,13,21,7,3,19,11],[19,11,3,15,7,23,13,21],[19,7,3,15,11,23,13,21],[3,23,19,11,7,15,21],[15,23,21,3,7,11,19],[11,7,15,19,23,21,3],[11,7,23,15,21,3,19],[7,23,3,19,15,21,11],[15,23,21,3,7,19,11],[11,15,7,19,23,21,3],[19,11,7,15,3,23,13,21],[7,19,11,23,15,21,3],[15,11,7,19,23,21,3],[15,3,23,13,21,19,11,7],[15,11,3,19,7,23,21],[11,15,3,7,19,23,13,21],[3,15,19,7,11,23,13,21],[3,23,11,7,15,21,19],[23,7,11,15,21,19,3],[19,11,3,15,23,21,7],[7,15,3,11,19,23,21],[23,19,15,21,11,3,7],[11,7,3,15,19,23,13,21],[7,11,15,19,23,13,21,3],[7,23,3,11,19,15,13,21],[23,19,3,7,15,13,21,11],[7,15,3,19,11,23,21],[23,7,15,13,21,3,19,11],[19,23,15,21,11,7,3],[19,11,3,23,7,15,21],[19,23,11,3,15,13,21,7],[3,11,7,23,19,15,13,21],[11,15,23,13,21,3,19,7],[23,7,11,15,13,21,3,19],[3,11,7,15,23,21,19],[19,7,23,3,11,15,13,21],[15,11,23,13,21,7,3,19],[23,15,13,21,3,19,11,7],[23,7,11,19,15,13,21,3],[15,11,19,23,21,3,7],[11,15,23,21,7,19,3],[23,3,7,19,11,15,21],[15,19,11,3,23,21,7],[23,15,21,7,11,3,19],[23,3,11,19,15,21,7],[3,19,15,23,21,11,7],[7,3,23,19,15,13,21,11],[23,11,19,15,21,3,7],[19,7,3,23,11,15,21],[7,15,3,23,13,21,19,11],[19,23,3,15,21,11,7],[7,23,11,3,19,15,13,21],[7,11,19,15,3,23,21],[11,3,15,23,13,21,7,19],[7,3,19,23,15,13,21,11],[23,19,7,3,11,15,21],[23,3,15,13,21,19,7,11],[11,19,7,3,15,23,21],[23,7,11,19,15,13,21,3],[11,23,3,19,7,15,13,21],[3,11,19,15,7,23,21],[15,7,23,21,3,11,19],[15,3,7,23,13,21,11,19],[7,11,15,23,21,3,19],[11,7,15,23,13,21,3,19],[19,3,7,11,15,23,21],[11,19,3,15,7,23,21],[3,11,23,7,19,15,13,21],[3,11,15,23,21,19,7],[23,11,7,19,3,15,13,21],[23,7,11,15,21,3,19],[15,3,11,23,21,7,19],[7,23,19,15,13,21,3,11],[7,15,11,19,3,23,21],[11,23,19,15,21,7,3],[11,3,15,23,21,19,7],[3,23,7,19,11,15,13,21],[23,19,3,15,13,21,7,11],[7,15,3,23,13,21,11,19],[3,19,23,11,7,15,13,21],[19,7,11,3,23,15,21],[19,11,15,3,7,23,21],[23,19,7,15,13,21,11,3],[23,19,11,7,15,21,3],[15,7,3,23,21,19,11],[11,19,7,23,15,21,3],[3,11,15,7,19,23,21],[19,11,3,7,15,23,21],[15,11,19,3,7,23,21],[7,23,3,19,15,13,21,11],[7,19,11,15,23,13,21,3],[23,15,21,7,3,19,11],[19,11,7,15,23,21,3],[3,23,11,19,7,15,13,21],[19,23,15,21,11,7,3],[3,15,7,11,19,23,21],[11,23,15,13,21,3,19,7],[3,15,7,23,21,19,11],[15,7,23,13,21,11,19,3],[11,19,7,23,15,13,21,3],[11,19,3,7,23,15,13,21],[7,3,23,15,21,19,11],[11,15,19,7,3,23,21],[3,23,11,15,13,21,7,19],[23,11,19,15,13,21,7,3],[15,11,19,7,3,23,13,21],[19,15,7,23,21,3,11],[3,11,15,19,23,13,21,7],[23,11,19,15,13,21,3,7],[11,19,23,3,7,15,13,21],[23,19,3,15,21,11,7],[15,3,19,7,23,21,11],[19,15,23,21,11,3,7],[23,7,15,21,3,19,11],[7,23,11,3,19,15,13,21],[15,19,11,7,3,23,13,21],[11,15,19,23,21,7,3],[7,19,23,15,13,21,11,3],[3,15,11,7,19,23,13,21],[11,23,19,15,13,21,3,7],[3,7,15,19,11,23,13,21],[7,19,15,3,11,23,13,21],[15,19,23,13,21,11,3,7],[15,3,23,13,21,11,7,19],[23,7,11,15,21,19,3],[15,7,19,23,21,11,3],[23,3,19,7,11,15,21],[19,11,15,3,23,21,7],[3,19,23,11,15,21,7],[23,7,15,21,19,3,11],[7,11,3,19,15,23,13,21],[19,23,3,11,15,21,7],[19,15,3,23,21,11,7],[15,11,7,23,13,21,19,3],[19,23,7,11,15,21,3],[11,19,15,3,7,23,21],[23,19,15,13,21,3,11,7],[19,3,15,23,13,21,7,11],[23,19,3,7,15,21,11],[7,3,23,15,13,21,19,11],[3,7,11,23,15,13,21,19],[23,7,3,19,11,15,21],[3,19,7,11,23,15,13,21],[7,19,15,3,23,21,11],[11,3,15,19,7,23,21],[3,19,11,7,15,23,13,21],[11,3,23,19,7,15,21],[23,15,21,7,3,19,11],[3,23,15,21,19,11,7],[23,7,19,15,13,21,11,3],[7,11,19,23,15,21,3],[7,3,15,11,23,21,19],[19,23,3,15,13,21,7,11],[15,23,21,3,19,7,11],[15,3,11,7,19,23,21],[15,7,19,11,23,21,3],[3,11,19,7,23,15,13,21],[7,11,23,15,13,21,3,19],[19,7,11,3,15,23,21],[11,3,7,19,23,15,13,21],[23,7,15,21,3,19,11],[19,15,23,21,3,7,11],[7,15,19,11,3,23,21],[11,7,3,23,15,21,19],[11,23,3,15,13,21,7,19],[3,23,11,19,15,21,7],[7,11,23,19,15,21,3],[7,15,23,13,21,19,3,11],[7,3,15,23,21,19,11],[11,19,23,7,3,15,13,21],[19,7,15,3,11,23,13,21],[11,15,7,19,3,23,21],[7,11,3,15,23,13,21,19],[11,3,7,19,23,15,13,21],[19,3,11,7,23,15,21],[7,15,3,23,13,21,11,19],[19,7,3,23,11,15,21],[15,11,3,19,23,21,7],[3,15,11,7,23,21,19],[3,11,7,23,15,21,19],[7,15,23,21,3,19,11],[11,19,15,3,7,23,21],[19,7,11,23,3,15,21],[11,15,19,3,23,13,21,7],[11,7,23,15,13,21,19,3],[19,7,11,3,23,15,21],[19,11,15,7,23,13,21,3],[15,3,19,23,13,21,11,7],[23,15,13,21,3,7,11,19],[19,23,11,3,15,13,21,7],[3,11,19,15,23,21,7],[19,7,23,11,15,21,3],[11,23,19,15,13,21,7,3],[3,11,19,7,15,23,21],[11,3,23,19,15,13,21,7],[11,23,15,21,7,19,3],[19,23,7,11,15,13,21,3],[15,23,13,21,3,11,19,7],[7,23,3,15,21,19,11],[7,23,3,15,13,21,19,11],[15,19,7,11,23,21,3],[23,19,11,7,3,15,13,21],[15,3,7,11,19,23,21],[23,19,3,11,15,21,7],[3,19,11,15,23,13,21,7],[11,7,23,19,3,15,21],[7,3,11,23,15,21,19],[19,3,11,15,23,13,21,7],[3,23,19,7,11,15,21],[23,19,7,3,11,15,21],[23,7,15,13,21,11,19,3],[15,7,11,19,3,23,13,21],[3,23,11,19,15,21,7],[19,15,7,3,23,21,11],[11,19,7,23,15,21,3],[11,7,3,19,15,23,13,21],[15,7,3,23,21,11,19],[3,11,7,23,19,15,21],[19,23,15,13,21,11,7,3],[3,23,11,7,15,13,21,19],[11,23,15,21,7,19,3],[11,3,15,7,19,23,21],[11,7,3,23,15,21,19],[11,7,15,3,23,21,19],[19,7,3,23,15,13,21,11],[15,3,11,19,23,13,21,7],[3,7,11,23,19,15,13,21],[11,19,3,23,7,15,21],[19,23,11,15,21,3,7],[23,7,19,3,11,15,13,21],[3,15,11,19,7,23,21],[23,15,13,21,19,11,3,7],[19,11,3,23,15,13,21,7],[23,7,11,3,15,13,21,19],[11,15,23,21,19,7,3],[23,15,13,21,11,19,3,7],[7,15,11,23,21,3,19],[3,7,23,19,15,21,11],[23,3,11,15,21,19,7],[11,3,19,23,7,15,13,21],[19,3,7,11,23,15,13,21],[19,3,15,11,7,23,21],[23,3,15,13,21,19,11,7],[19,23,11,15,13,21,3,7],[7,3,11,19,15,23,21],[19,15,11,7,3,23,13,21],[7,23,19,3,15,21,11],[15,19,23,13,21,11,7,3],[15,19,3,11,23,21,7],[23,15,13,21,7,19,11,3],[11,19,23,7,15,21,3],[7,23,11,3,15,13,21,19],[23,7,19,3,11,15,21],[15,19,3,11,23,13,21,7],[19,3,7,15,11,23,13,21],[19,3,7,11,23,15,21],[23,15,13,21,7,11,19,3],[23,19,3,15,13,21,11,7],[3,11,15,19,7,23,13,21],[23,19,15,13,21,7,11,3],[3,19,23,15,21,7,11],[3,7,19,15,11,23,21],[7,23,19,11,15,13,21,3],[7,23,11,3,19,15,21],[7,19,11,23,15,21,3],[11,19,15,7,23,13,21,3],[19,3,15,7,11,23,13,21],[23,3,11,7,19,15,21],[3,15,11,23,13,21,19,7],[19,15,23,21,7,3,11],[15,19,11,23,13,21,3,7],[3,11,19,23,15,21,7],[7,19,15,23,21,11,3],[19,11,15,23,21,7,3],[15,19,3,7,23,13,21,11],[3,7,23,19,11,15,21],[7,23,3,19,15,21,11],[7,3,15,11,23,13,21,19],[15,7,3,23,13,21,11,19],[19,7,11,15,3,23,13,21],[23,19,3,7,11,15,13,21],[19,11,7,3,15,23,13,21],[11,3,19,23,15,21,7],[19,3,15,7,23,21,11],[3,23,19,15,13,21,11,7],[7,15,23,13,21,3,19,11],[23,11,7,3,19,15,13,21],[23,7,15,21,11,3,19],[15,19,3,7,11,23,21],[19,3,11,15,7,23,21],[11,19,23,3,7,15,21],[23,7,15,13,21,3,19,11],[23,11,19,3,15,13,21,7],[15,7,23,21,3,11,19],[3,11,15,23,21,7,19],[3,11,19,7,15,23,13,21],[15,3,7,19,11,23,13,21],[15,19,3,7,11,23,13,21],[15,23,13,21,3,19,11,7],[15,3,11,19,23,21,7],[23,3,11,7,19,15,13,21],[3,7,11,15,19,23,13,21],[19,23,7,15,21,11,3],[7,3,11,19,23,15,13,21],[23,3,11,15,21,7,19],[23,7,15,13,21,3,19,11],[23,11,7,19,3,15,13,21],[7,19,11,3,23,15,13,21],[23,15,13,21,7,3,19,11],[19,3,11,23,7,15,13,21],[7,19,23,3,15,13,21,11],[11,3,19,7,23,15,21],[11,23,3,15,21,7,19],[15,23,13,21,11,19,7,3],[11,15,3,19,7,23,13,21],[7,15,3,11,23,13,21,19],[3,23,11,19,7,15,13,21],[7,19,15,23,13,21,3,11],[15,23,21,11,3,7,19],[11,7,15,3,19,23,13,21],[7,15,3,19,23,21,11],[7,3,23,15,13,21,19,11],[19,7,3,23,11,15,21],[11,19,23,3,15,21,7],[7,15,23,21,3,11,19],[11,3,19,23,7,15,21],[3,23,11,15,21,19,7],[19,11,7,15,23,13,21,3],[3,11,15,7,19,23,21],[7,23,3,19,11,15,13,21],[23,15,21,19,7,3,11],[7,11,3,15,19,23,13,21],[23,11,15,21,19,3,7],[11,15,3,7,23,21,19],[19,11,15,3,23,21,7],[11,15,3,19,23,21,7],[3,7,11,15,19,23,13,21],[11,19,23,3,7,15,21],[15,19,23,21,11,7,3],[7,11,3,23,15,21,19],[11,3,23,7,19,15,13,21],[7,15,19,23,13,21,3,11],[15,11,3,7,19,23,21],[15,3,7,11,19,23,21],[19,7,3,11,15,23,21],[19,11,7,3,15,23,21],[23,11,19,15,13,21,3,7],[11,23,7,15,13,21,19,3],[19,7,15,11,3,23,21],[7,11,15,23,13,21,19,3],[3,11,15,7,23,21,19],[23,15,21,7,19,11,3],[3,11,7,15,23,13,21,19],[11,19,23,3,7,15,13,21],[3,11,19,15,23,13,21,7],[19,11,3,15,23,13,21,7],[7,19,11,15,3,23,13,21],[11,15,19,3,7,23,21],[3,15,11,23,21,19,7],[7,19,15,3,11,23,21],[3,15,23,13,21,7,11,19],[23,19,11,15,21,3,7],[7,19,23,3,15,21,11],[15,23,13,21,3,19,11,7],[7,19,15,23,21,3,11],[23,19,7,3,15,21,11],[3,11,23,15,13,21,19,7],[3,11,15,7,19,23,13,21],[19,15,3,7,11,23,21],[7,19,15,23,21,3,11],[23,19,3,15,13,21,7,11],[11,23,7,15,21,19,3],[15,19,3,7,11,23,13,21],[19,15,23,21,3,7,11],[15,23,13,21,19,11,7,3],[3,15,7,23,13,21,11,19],[11,19,15,23,21,3,7],[11,19,15,7,3,23,13,21],[23,3,15,13,21,7,11,19],[3,19,15,11,23,21,7],[15,3,19,23,21,11,7],[11,19,7,15,23,21,3],[3,23,19,7,15,13,21,11],[3,7,11,23,15,21,19],[3,7,11,15,23,21,19],[19,11,15,23,21,7,3],[3,15,11,23,13,21,7,19],[7,23,15,13,21,19,3,11],[19,7,23,15,13,21,3,11],[11,19,15,23,21,7,3],[7,15,3,23,13,21,11,19],[19,11,23,7,3,15,13,21],[15,19,11,3,7,23,13,21],[7,23,11,19,3,15,21],[7,19,15,23,21,3,11],[15,23,13,21,7,3,11,19],[7,23,3,19,15,13,21,11],[3,19,23,7,11,15,13,21],[19,7,11,23,15,21,3],[3,23,7,15,13,21,11,19],[19,11,23,7,15,21,3],[23,19,7,3,15,21,11],[3,15,19,23,21,11,7],[7,19,15,11,23,13,21,3],[23,11,15,13,21,7,19,3],[15,23,21,19,11,3,7],[7,3,19,23,11,15,21],[3,15,23,13,21,7,19,11],[3,19,15,7,23,21,11],[19,7,3,15,13,11,23,21],[7,19,11,23,15,13,21,3],[3,7,19,15,23,21,11],[15,23,21,19,3,11,7],[3,23,19,11,15,21,7],[15,3,23,13,21,11,19,7],[7,15,11,23,13,21,19,3],[7,15,19,23,21,11,3],[19,11,7,23,3,15,13,21],[23,11,19,15,13,21,3,7],[7,3,23,19,15,21,11],[23,19,3,11,15,21,7],[23,3,11,19,7,15,13,21],[7,11,15,23,13,21,19,3],[19,3,15,11,23,21,7],[3,11,15,7,19,23,13,21],[11,3,15,7,23,13,21,19],[7,3,15,19,11,23,21],[11,19,7,23,3,15,13,21],[19,7,15,23,21,3,11],[23,11,19,15,13,21,7,3],[15,3,23,21,19,11,7],[3,19,11,23,15,13,21,7],[11,3,19,7,15,23,13,21],[23,11,7,19,15,13,21,3],[15,19,11,23,13,21,3,7],[7,23,15,13,21,11,19,3],[3,7,19,23,11,15,13,21],[19,3,23,7,15,21,11],[7,19,15,23,21,3,11],[3,23,7,11,15,13,21,19],[23,19,3,11,7,15,13,21],[23,19,11,15,13,21,3,7],[23,19,11,3,7,15,13,21],[15,19,7,23,13,21,11,3],[15,11,7,3,23,21,19],[3,7,11,15,19,23,13,21],[3,11,15,19,23,21,7],[11,19,7,23,3,15,21],[23,11,19,7,3,15,21],[3,15,7,19,23,13,21,11],[3,23,7,15,13,21,19,11],[3,19,11,23,7,15,21],[19,23,11,7,15,13,21,3],[7,3,23,15,13,21,11,19],[19,7,11,23,3,15,13,21],[23,11,19,7,15,21,3],[7,11,19,3,15,23,13,21],[19,23,11,3,15,21,7],[3,23,7,19,15,13,21,11],[7,15,11,19,23,21,3],[15,17,23,21,3,7,11],[23,7,3,19,11,15,13,21],[23,11,15,13,21,19,7,3],[19,7,3,11,23,15,21],[23,15,13,21,19,11,3,7],[23,11,19,7,3,15,21],[19,3,23,15,13,21,11,7],[3,23,7,11,19,15,13,21],[11,19,7,3,15,23,21],[19,3,15,23,21,11,7],[19,3,15,11,23,13,21,7],[3,7,11,15,19,23,13,21],[7,3,19,23,15,13,21,11],[23,7,11,19,3,15,21],[15,7,3,11,23,13,21,19],[7,19,11,3,15,23,21],[19,15,23,21,3,7,11],[23,15,13,21,3,7,11,19],[15,19,3,11,23,21,7],[7,11,15,3,19,23,21],[23,3,11,19,7,15,13,21],[11,23,7,3,15,13,21,19],[19,3,23,7,11,15,21],[11,7,23,3,15,21,19],[3,19,23,15,21,7,11],[19,23,7,3,11,15,21],[19,3,23,15,13,21,11,7],[23,3,15,13,21,7,11,19],[15,3,23,13,21,7,19,11],[7,19,15,11,3,23,21],[7,11,15,3,23,13,21,19],[23,3,19,15,13,21,7,11],[3,15,7,11,19,23,21],[23,19,15,21,3,11,7],[15,7,11,3,19,23,13,21],[11,19,15,3,7,23,21],[23,11,15,13,21,7,19,3],[11,15,19,23,13,21,7,3],[7,3,11,19,15,23,13,21],[23,3,15,21,11,7,19],[11,7,23,15,21,19,3],[23,3,11,7,15,21,19],[11,15,23,13,21,19,7,3],[3,11,15,7,19,23,13,21],[15,7,11,23,21,19,3],[19,7,11,3,15,23,13,21],[7,23,19,11,3,15,13,21],[11,3,23,19,7,15,13,21],[11,3,19,23,15,13,21,7],[19,11,23,7,15,21,3],[11,23,7,3,15,13,21,19],[15,11,19,7,3,23,21],[19,15,3,11,23,21,7],[3,15,11,19,7,23,21],[11,19,3,23,15,21,7],[3,19,15,23,21,11,7],[15,19,3,23,13,21,7,11],[15,23,13,21,3,19,11,7],[23,3,15,21,11,19,7],[15,11,7,3,19,23,21],[23,15,13,21,3,19,11,7],[7,19,15,11,3,23,13,21],[15,19,7,3,11,23,13,21],[19,7,3,23,15,13,21,11],[15,23,21,3,7,11,19],[23,3,7,19,11,15,13,21],[11,15,23,13,21,7,3,19],[11,3,15,7,23,21,19],[7,19,23,11,15,21,3],[3,19,11,7,23,15,21],[11,3,19,15,23,13,21,7],[11,19,7,23,15,21,3],[3,23,11,7,19,15,21],[19,7,11,23,15,21,3],[19,23,11,3,7,15,21],[3,7,11,15,19,23,21],[19,3,23,7,15,13,21,11],[15,11,19,3,7,23,21],[23,3,15,13,21,19,7,11],[19,3,23,15,13,21,7,11],[19,11,7,3,23,15,13,21],[3,11,7,15,23,21,19],[3,23,15,21,11,19,7],[7,19,3,23,15,21,11],[7,19,3,11,23,15,21],[23,7,3,11,15,13,21,19],[7,15,23,13,21,11,3,19],[7,23,19,11,15,21,3],[23,7,19,3,15,21,11],[23,11,7,3,15,13,21,19],[3,11,19,15,23,21,7],[3,23,15,13,21,19,7,11],[11,23,15,13,21,3,7,19],[15,7,23,13,21,19,3,11],[19,11,7,3,15,23,21],[7,11,15,3,19,23,13,21],[15,11,3,19,23,13,21,7],[23,11,7,15,21,3,19],[23,7,19,11,3,15,21],[19,7,3,11,15,23,13,21],[7,11,23,15,21,3,19],[11,19,7,3,23,15,13,21],[11,3,7,23,15,13,21,19],[15,11,3,23,13,21,7,19],[23,11,7,19,15,21,3],[19,3,7,11,23,15,13,21],[19,7,11,15,23,21,3],[15,7,19,23,13,21,11,3],[19,15,7,3,23,13,21,11],[19,15,7,3,11,23,21],[11,19,3,23,7,15,13,21],[3,15,19,11,23,21,7],[3,11,15,7,23,13,21,19],[15,23,13,21,11,19,3,7],[11,3,19,15,7,23,13,21],[7,3,23,15,13,21,11,19],[23,15,21,7,19,11,3],[15,3,23,21,11,7,19],[19,7,11,23,15,13,21,3],[15,11,23,21,19,7,3],[7,15,11,19,23,13,21,3],[19,3,11,15,7,23,13,21],[15,11,3,19,7,23,13,21],[19,7,15,23,21,11,3],[11,23,19,3,15,21,7],[7,3,19,23,15,21,11],[19,11,15,7,3,23,21],[7,11,3,15,23,13,21,19],[15,7,11,3,19,23,13,21],[19,3,11,15,7,23,13,21],[23,19,11,7,3,15,13,21],[7,19,23,15,21,3,11],[15,3,19,23,13,21,11,7],[23,7,3,19,15,13,21,11],[7,15,19,3,23,21,11],[3,23,11,7,19,15,13,21],[19,3,11,15,7,23,21],[7,19,15,11,23,21,3],[15,7,19,11,23,21,3],[11,15,7,23,13,21,3,19],[15,23,21,19,11,7,3],[11,7,3,15,23,13,21,19],[7,19,11,3,15,23,13,21],[15,23,13,21,3,19,11,7],[15,3,11,19,23,13,21,7],[15,11,23,21,3,7,19],[7,3,19,15,11,23,21],[11,19,15,7,23,13,21,3],[19,3,15,23,21,11,7],[11,3,19,7,23,15,21],[23,11,7,3,19,15,21],[11,23,15,21,19,3,7],[11,19,15,7,3,23,21],[7,15,11,3,23,13,21,19],[15,19,7,23,13,21,3,11],[15,7,11,19,23,21,3],[15,23,21,3,7,11,19],[23,19,15,21,11,7,3],[15,3,23,21,11,19,7],[11,19,23,7,15,13,21,3],[7,3,11,23,15,13,21,19],[11,23,7,15,13,21,19,3],[7,19,3,15,23,13,21,11],[15,7,19,11,3,23,21],[23,11,3,19,7,15,13,21],[23,7,3,19,15,13,21,11],[23,11,3,7,19,15,13,21],[7,15,23,21,19,11,3],[23,19,3,7,11,15,13,21],[23,11,3,15,13,21,19,7],[15,19,23,13,21,7,11,3],[11,3,23,7,19,15,21],[11,3,7,19,23,15,13,21],[19,23,11,3,7,15,13,21],[19,23,11,3,15,13,21,7],[15,19,3,11,7,23,13,21],[23,19,11,7,3,15,13,21],[3,23,7,11,15,13,21,19],[19,3,23,11,15,13,21,7],[19,15,7,3,23,13,21,11],[7,11,15,3,23,13,21,19],[11,23,7,19,3,15,21],[11,23,15,21,7,3,19],[19,15,3,23,13,21,7,11],[23,15,21,3,19,7,11],[15,23,21,3,19,7,11],[7,11,3,23,15,21,19],[15,7,3,11,19,23,21],[19,3,11,7,15,23,13,21],[11,19,7,15,23,13,21,3],[7,19,15,11,3,23,13,21],[23,15,21,3,11,7,19],[3,23,7,19,15,13,21,11],[11,3,23,7,19,15,21],[7,11,23,15,13,21,19,3],[23,15,21,7,11,3,19],[11,23,7,19,15,21,3],[3,11,19,23,15,13,21,7],[3,11,15,7,19,23,13,21],[7,11,19,23,3,15,13,21],[7,3,23,11,19,15,13,21],[7,23,3,11,15,13,21,19],[11,3,15,7,23,21,19],[11,15,3,7,23,13,21,19],[3,19,23,7,11,15,13,21],[7,23,11,19,3,15,21],[11,23,7,3,15,21,19],[7,15,11,19,23,13,21,3],[19,15,11,3,7,23,13,21],[15,7,3,23,13,21,19,11],[19,11,3,15,7,23,21],[19,15,11,7,23,13,21,3],[7,23,19,11,15,21,3],[11,15,23,21,19,3,7],[11,19,23,3,7,15,13,21],[3,19,23,7,11,15,21],[3,19,15,23,21,7,11],[3,19,11,7,23,15,13,21],[23,15,13,21,11,19,7,3],[23,3,7,15,21,19,11],[3,15,11,19,7,23,13,21],[3,11,7,19,23,15,13,21],[3,19,11,23,15,13,21,7],[19,3,7,23,15,21,11],[15,3,23,13,21,19,11,7],[23,15,13,21,11,19,7,3],[7,15,23,13,21,19,3,11],[7,3,19,15,11,23,21],[23,15,21,3,11,7,19],[23,19,7,3,11,15,13,21],[11,3,15,7,19,23,13,21],[7,23,3,11,19,15,13,21],[15,11,19,7,23,13,21,3],[3,15,7,11,23,21,19],[23,7,19,11,3,15,13,21],[19,11,7,3,15,23,21],[19,7,15,11,3,23,13,21],[15,23,21,3,11,19,7],[15,11,3,7,19,23,13,21],[3,19,7,23,11,15,13,21],[19,15,7,3,23,13,21,11],[19,11,3,7,15,23,21],[11,19,23,7,3,15,13,21],[23,3,11,7,19,15,13,21],[7,15,3,19,23,13,21,11],[15,3,19,23,21,7,11],[23,19,3,7,11,15,13,21],[7,3,15,11,19,23,13,21],[19,11,3,7,15,23,21],[23,3,11,7,19,15,21],[15,7,11,23,13,21,3,19],[3,11,19,15,7,23,21],[11,19,7,15,23,21,3],[7,19,23,15,21,3,11],[23,11,15,21,7,19,3],[15,11,7,23,13,21,19,3],[3,19,15,11,7,23,13,21],[11,3,15,7,23,13,21,19],[7,3,11,15,23,13,21,19],[3,19,15,7,11,23,21],[3,7,11,23,19,15,13,21],[7,23,15,21,11,19,3],[15,7,19,11,3,23,21],[19,15,7,11,23,13,21,3],[11,7,3,19,15,23,21],[15,19,11,23,21,3,7],[23,3,7,11,15,13,21,19],[23,3,11,7,15,13,21,19],[23,11,3,15,21,19,7],[7,3,11,23,19,15,13,21],[23,15,21,11,3,19,7],[19,7,11,3,23,15,13,21],[15,3,19,23,21,7,11],[11,3,19,23,7,15,13,21],[7,11,3,19,23,15,21],[19,23,15,21,7,11,3],[15,11,23,21,7,19,3],[11,23,19,7,3,15,13,21],[3,11,23,15,13,21,7,19],[23,11,3,15,21,7,19],[15,19,23,13,21,7,11,3],[19,3,23,7,15,21,11],[11,19,3,7,15,23,21],[7,15,11,23,13,21,3,19],[19,11,7,15,3,23,13,21],[3,11,7,19,15,23,13,21],[19,23,7,3,11,15,13,21],[3,15,23,13,21,19,11,7],[15,19,23,13,21,7,3,11],[23,11,3,19,15,21,7],[15,19,3,23,13,21,7,11],[3,23,11,15,13,21,7,19],[19,11,7,15,23,13,21,3],[19,11,23,7,15,13,21,3],[23,15,13,21,19,11,7,3],[3,7,11,15,19,23,13,21],[11,23,7,3,15,21,19],[3,23,7,11,15,13,21,19],[19,11,23,15,13,21,3,7],[11,3,15,19,7,23,13,21],[19,11,7,23,3,15,13,21],[19,11,3,7,23,15,13,21],[23,15,21,19,7,11,3],[15,19,23,13,21,11,3,7],[3,15,11,23,21,7,19],[7,15,11,19,23,21,3],[11,3,23,19,15,13,21,7],[19,3,23,15,13,21,7,11],[15,3,19,23,13,21,11,7],[15,23,21,19,3,7,11],[3,7,19,23,11,15,21],[3,15,19,7,23,21,11],[23,7,3,19,11,15,13,21],[7,15,11,3,23,21,19],[15,23,21,19,11,7,3],[3,11,19,15,7,23,13,21],[19,7,15,23,21,3,11],[23,15,13,21,7,19,3,11],[11,19,7,15,23,21,3],[3,7,23,11,19,15,13,21],[7,23,19,15,21,11,3],[11,7,3,23,19,15,21],[15,3,11,7,19,23,21],[11,23,7,19,15,21,3],[3,7,11,23,15,13,21,19],[23,19,3,11,15,21,7],[11,19,7,15,3,23,21],[19,23,11,7,15,21,3],[19,23,11,15,21,3,7],[19,15,7,3,23,21,11],[23,19,11,3,7,15,13,21],[19,11,3,7,23,15,13,21],[7,3,15,11,19,23,13,21],[15,23,21,19,3,11,7],[11,7,15,23,21,19,3],[15,19,7,23,21,3,11],[3,7,23,11,15,21,19],[11,19,15,23,21,3,7],[11,3,23,7,15,21,19],[19,3,11,15,23,21,7],[11,15,3,19,23,21,7],[3,7,19,11,23,15,21],[19,3,11,15,23,21,7],[19,23,11,15,21,3,7],[3,11,19,7,23,15,13,21],[11,3,19,7,15,23,13,21],[7,15,23,13,21,3,19,11],[7,15,11,19,3,23,21],[7,23,15,13,21,19,3,11],[11,7,15,3,19,23,21],[7,19,3,23,15,13,21,11],[11,19,7,23,3,15,21],[19,11,3,7,15,23,13,21],[15,3,7,23,21,19,11],[23,7,19,11,3,15,21],[23,3,11,19,7,15,13,21],[7,15,3,23,21,19,11],[19,15,23,21,7,11,3],[3,15,11,23,21,7,19],[3,7,15,23,21,19,11],[19,11,23,3,15,21,7],[23,11,3,15,13,21,7,19],[19,11,15,7,23,21,3],[11,3,23,7,15,13,21,19],[15,7,23,21,11,19,3],[19,3,7,11,15,23,13,21],[23,15,21,3,7,11,19],[11,15,19,23,13,21,3,7],[23,7,19,11,15,21,3],[11,19,3,15,23,21,7],[3,7,23,19,11,15,21],[7,3,23,19,11,15,21],[19,3,15,23,13,21,11,7],[19,7,11,3,15,23,21],[11,3,19,23,15,13,21,7],[23,3,19,11,15,13,21,7],[19,23,15,13,21,7,11,3],[3,15,11,23,21,19,7],[11,23,19,3,7,15,21],[3,23,15,13,21,11,19,7],[19,11,15,23,21,3,7],[15,7,23,13,21,19,11,3],[15,19,11,7,3,23,13,21],[3,15,7,11,23,13,21,19],[19,23,7,15,13,21,3,11],[3,23,19,15,13,21,7,11],[19,7,15,3,23,21,11],[3,15,23,21,19,11,7],[11,23,19,15,13,21,3,7],[11,19,15,23,21,7,3],[7,15,19,23,21,11,3],[19,23,11,3,15,13,21,7],[7,3,23,15,21,11,19],[23,11,3,7,15,13,21,19],[3,11,19,15,7,23,21],[19,7,3,15,23,21,11],[3,15,19,7,23,21,11],[3,19,23,15,13,21,7,11],[15,3,7,23,13,21,19,11],[11,15,7,23,13,21,3,19],[15,11,23,21,19,3,7],[15,7,11,23,13,21,19,3],[23,11,19,15,21,3,7],[11,7,3,23,15,21,19],[15,7,23,13,21,19,11,3],[23,3,19,15,21,7,11],[11,19,7,15,23,21,13,3],[3,15,23,13,21,19,11,7],[19,15,23,13,21,11,3,7],[3,19,7,11,23,15,21],[23,7,11,15,21,3,19],[11,3,19,7,15,23,13,21],[3,7,23,15,21,11,19],[23,19,15,13,21,3,11,7],[19,11,3,15,7,23,13,21],[11,7,3,23,15,21,19],[3,15,7,23,13,21,11,19],[11,7,23,3,19,15,21],[7,23,15,21,19,11,3],[19,15,7,3,23,13,21,11],[23,3,19,11,15,21,7],[23,15,21,7,3,19,11],[11,23,15,13,21,19,3,7],[11,7,23,3,19,15,13,21],[15,7,3,11,19,23,13,21],[3,11,15,7,23,13,21,19],[19,3,11,7,15,23,21],[15,3,19,11,7,23,13,21],[11,19,15,23,13,21,7,3],[23,3,15,21,7,19,11],[15,11,7,3,23,21,19],[3,11,23,19,7,15,21],[15,3,7,23,21,11,19],[15,23,13,21,11,7,3,19],[15,3,19,7,23,13,21,11],[11,3,23,19,15,13,21,7],[19,3,11,7,23,15,13,21],[11,7,19,23,3,15,21],[15,3,19,23,21,7,11],[7,11,3,19,23,15,13,21],[7,11,23,3,15,21,19],[11,15,23,21,19,7,3],[19,23,11,7,3,15,13,21],[19,23,7,11,3,15,13,21],[19,7,3,15,23,13,21,11],[11,3,15,19,23,13,21,7],[11,23,15,13,21,7,19,3],[7,15,23,13,21,19,3,11],[15,3,23,13,21,11,19,7],[19,3,11,7,23,15,21],[3,23,11,19,7,15,13,21],[19,23,3,11,15,21,7],[7,23,15,13,21,3,11,19],[19,3,15,23,13,21,7,11],[23,19,11,15,21,3,7],[3,15,11,7,19,23,13,21],[23,15,13,21,19,7,3,11],[7,3,19,15,23,13,21,11],[3,19,15,11,23,13,21,7],[23,3,19,7,11,15,13,21],[7,3,15,19,23,21,11],[15,19,3,11,7,23,21]],"n_human":9}