{"problem_id":"SaPACZPUDlvdmkP","sigma":75,"alpha":3.162,"cost":1,"probabilities":"[0.48, 0.25, 0.24, 0.03]","payoff_matrix":"[[11, -192, -3, -131, 0, 63], [99, -2, -149, 65, -106, 101], [12, -17, -175, -95, 44, -177], [15, -23, -34, 84, -149, 28]]","uncovered":[[9,21,17,5,1,13,22],[17,1,13,21,9,5,22],[5,1,17,9,13,21,2,22],[5,21,13,17,9,1,2,22],[17,13,1,21,9,5,22],[1,21,5,17,9,13,2,22],[1,17,13,21,9,5,2,22],[5,9,21,17,13,1,2,22],[13,5,21,9,1,17,22],[13,1,9,17,5,21,2,22],[21,5,13,1,9,17,22],[9,13,1,17,21,5,22],[17,21,5,9,13,1,2,22],[21,17,1,9,5,13,3,22],[17,1,13,5,21,9,2,22],[9,17,21,13,1,5,22],[13,21,5,9,1,17,2,22],[1,13,17,5,21,9,22],[13,9,21,1,17,5,2,22],[13,17,9,5,1,21,22],[21,1,5,17,13,9,2,22],[21,5,1,13,17,9,22],[5,17,1,9,13,21,22],[9,21,5,13,1,17,2,22],[17,5,13,21,9,1,2,22],[5,13,9,17,1,21,22],[9,5,17,13,21,1,2,22],[1,13,5,17,9,21,22],[1,17,21,13,5,9,22],[9,21,5,13,1,17,2,22],[9,1,21,17,13,5,2,22],[21,13,5,17,9,1,22],[9,13,5,21,1,17,2,22],[1,9,13,17,21,5,22],[5,9,17,1,21,13,22],[21,5,1,13,9,17,22],[17,5,1,21,9,13,2,22],[13,21,9,5,17,1,22],[5,17,13,9,1,21,22],[17,13,5,9,1,21,22],[5,17,21,13,9,1,2,22],[1,17,5,9,13,21,22],[5,1,21,13,9,17,22],[1,21,17,13,5,9,22],[21,9,5,13,17,1,2,22],[17,5,9,21,1,13,22],[13,9,1,5,17,21,2,22],[13,17,5,9,1,21,22],[17,13,9,5,1,21,22],[9,1,17,21,13,5,2,22],[5,13,1,9,21,17,22],[5,13,21,1,17,9,22],[21,5,13,17,1,9,2,22],[21,13,9,5,1,17,2,22],[13,21,17,1,9,5,2,22],[9,5,13,21,1,17,2,22],[17,9,5,1,21,13,2,22],[9,1,21,5,17,13,22],[1,13,5,9,17,21,2,22],[13,21,9,5,17,1,2,22],[21,17,5,1,13,9,2,22],[1,17,9,5,21,13,22],[17,13,5,1,9,21,2,22],[21,1,9,13,17,5,22],[21,17,13,1,5,9,22],[21,5,13,1,17,9,22],[21,13,17,1,9,5,23,2,18,10],[1,5,21,9,17,13,2,22],[1,13,17,21,5,9,2,22],[5,1,13,17,9,21,22],[1,13,5,17,9,21,22],[9,21,5,1,17,13,2,22],[21,13,9,17,5,1,22],[1,9,21,5,17,13,2,22],[21,1,5,9,17,13,3,22],[21,5,13,17,1,9,22],[13,17,21,1,5,9,22],[9,1,21,5,17,13,22],[21,13,17,9,1,5,22],[21,17,13,1,5,9,22],[13,5,9,21,1,17,2,22],[13,9,21,17,5,1,2,22],[5,13,21,17,9,1,2,22],[21,17,9,5,1,13,22],[9,5,13,17,21,1,2,22],[5,17,1,9,13,21,22],[9,17,5,1,13,21,22],[21,17,5,13,9,1,22],[1,5,21,9,13,17,2,22],[5,21,1,9,13,17,22],[5,13,1,21,9,17,2,22],[21,17,1,13,9,5,22],[5,17,9,21,1,13,22],[17,21,13,5,1,9,2,22],[5,9,1,17,13,21,22],[21,9,17,1,5,13,2,22],[21,17,5,1,9,13,2,22],[9,13,21,17,5,1,22],[21,5,1,13,17,9,22],[1,9,13,5,21,17,22],[21,17,5,13,9,1,22],[13,5,9,21,1,17,22],[1,9,13,21,5,17,22],[17,9,21,13,5,1,2,22],[9,21,17,1,13,5,2,22],[13,17,5,21,9,1,22],[13,9,17,21,1,5,2,22],[1,17,21,5,9,13,22],[21,13,5,17,9,1,2,22],[1,13,5,21,17,9,2,22],[13,5,1,21,17,9,22],[17,1,9,5,21,13,22],[5,13,1,9,21,17,22],[9,1,5,21,13,17,22],[9,5,13,21,1,17,22],[17,1,13,5,21,9,2,22],[21,13,5,17,9,1,2,22],[1,13,5,21,9,17,2,22],[5,17,1,9,21,13,2,22],[5,13,17,1,21,9,22],[9,5,13,17,21,1,22],[1,21,5,17,9,13,22],[17,5,21,13,9,1,2,22],[21,13,9,1,17,5,22],[9,13,5,1,21,17,22],[5,21,9,1,17,13,22],[5,9,13,17,21,1,22],[9,1,17,5,13,21,22],[5,9,21,1,13,17,2,22],[1,5,13,17,21,9,22],[9,21,17,1,5,13,2,22],[5,17,21,1,13,9,2,22],[1,17,13,9,21,5,2,22],[1,5,17,21,9,13,22],[13,9,17,5,1,21,2,22],[5,1,21,17,9,13,2,22],[13,5,1,21,9,17,2,22],[9,21,13,17,5,1,22],[21,13,17,1,9,5,2,22],[13,9,1,17,5,21,2,22],[13,5,21,1,17,9,2,22],[13,5,1,9,17,21,2,22],[9,1,13,17,5,21,22],[5,21,9,13,17,1,2,22],[5,9,13,1,17,21,2,22],[5,13,17,21,9,1,2,22],[13,9,17,21,5,1,22],[9,5,21,17,1,13,2,22],[21,5,1,9,17,13,2,22],[17,21,1,13,5,9,2,22],[21,13,17,9,5,1,22],[21,5,1,17,9,13,2,22],[5,1,21,13,9,17,22],[17,13,5,9,1,21,2,22],[5,17,9,13,1,21,3,22],[9,5,17,21,1,13,22],[21,17,1,13,9,5,2,22],[21,17,9,1,13,5,2,22],[17,9,1,21,5,13,23,2,18,10],[17,5,9,1,21,13,22],[17,1,21,5,9,13,22],[13,21,5,9,1,17,22],[13,9,1,17,21,5,2,22],[9,5,17,13,21,1,2,22],[13,9,5,21,17,1,2,22],[17,13,9,21,5,1,22],[13,1,9,5,21,17,2,22],[21,9,5,1,13,17,2,22],[9,21,1,13,5,17,2,22],[1,5,13,9,17,21,2,22],[13,17,21,9,5,1,2,22],[17,13,1,5,21,9,22],[17,1,13,5,21,9,22],[9,13,1,5,21,17,22],[1,21,5,13,17,9,22],[1,9,21,17,5,13,22],[21,1,5,13,9,17,23,2,19,18,10],[21,5,1,13,9,17,22],[9,5,1,13,21,17,2,22],[13,1,5,21,9,17,2,22],[1,13,9,21,17,5,2,22],[21,1,9,13,5,17,2,22],[21,5,13,17,9,1,22],[9,5,21,13,1,17,22],[17,9,21,13,5,1,2,22],[13,21,9,17,5,1,2,22],[5,13,9,1,21,17,2,22],[17,1,13,21,9,5,2,22],[9,13,5,17,21,1,22],[13,9,5,1,17,21,2,22],[1,13,9,21,17,5,2,22],[9,1,13,5,21,17,2,22],[1,21,17,13,5,9,2,22],[5,13,21,9,17,1,22],[5,21,9,13,1,17,22],[13,21,1,5,9,17,22],[5,9,13,17,1,21,22],[1,21,13,5,9,17,22],[1,21,9,5,13,17,22],[5,21,13,1,9,17,22],[17,9,13,21,1,5,22],[13,9,17,1,5,21,2,22],[17,13,1,21,5,9,22],[17,1,9,5,13,21,2,22],[21,5,9,17,13,1,22],[1,17,5,21,9,13,22],[13,9,21,1,17,5,2,22],[5,9,1,17,13,21,22],[21,5,9,13,1,17,2,22],[5,9,1,21,13,17,22],[21,5,9,13,1,17,22],[13,21,5,17,1,9,22],[17,5,21,13,9,1,2,22],[1,9,13,5,21,17,22],[17,9,21,1,13,5,22],[1,9,17,5,21,13,2,22],[13,5,1,9,17,21,2,22],[21,13,1,9,5,17,2,22],[9,21,5,1,17,13,22],[17,5,21,1,9,13,22],[21,13,1,9,17,5,2,22],[13,21,9,17,1,5,2,22],[9,13,17,5,1,21,2,22],[5,13,17,1,21,9,22],[17,9,1,21,5,13,2,22],[9,1,13,21,5,17,22],[1,9,13,21,5,17,2,22],[9,5,17,1,21,13,3,22],[5,1,9,21,13,17,3,22],[5,21,1,9,13,17,23,18,2,10],[13,21,9,17,1,5,2,22],[21,9,17,13,1,5,22],[1,17,21,9,5,13,2,22],[21,9,5,1,13,17,22],[21,9,5,1,13,17,2,22],[1,5,13,9,17,21,23,18,2,10],[17,21,5,9,13,1,22],[1,13,9,21,17,5,22],[21,5,1,13,9,17,22],[17,9,1,13,5,21,22],[17,21,13,1,9,5,2,22],[1,17,21,13,9,5,2,22],[17,21,1,5,13,9,2,22],[13,17,21,1,5,9,2,22],[9,17,5,13,21,1,22],[21,5,13,1,9,17,2,22],[9,1,5,17,13,21,22],[13,9,5,17,21,1,2,22],[5,21,13,1,17,9,22],[5,17,13,1,9,21,22],[17,21,5,9,1,13,2,22],[9,21,1,17,13,5,23,2,18,10],[5,17,13,9,1,21,22],[17,13,5,9,21,1,22],[13,17,21,5,1,9,3,22],[1,21,13,9,17,5,3,22],[9,21,17,1,5,13,22],[9,5,17,21,1,13,23,18,2,10],[5,13,17,9,21,1,23,18,2,10],[21,1,9,13,17,5,2,22],[1,21,9,17,5,13,2,22],[13,1,21,17,5,9,2,22],[17,1,21,9,5,13,2,22],[1,21,5,13,9,17,2,22],[5,21,13,17,1,9,22],[21,1,5,13,9,17,22],[17,21,1,9,5,13,2,22],[9,5,13,17,1,21,2,22],[17,13,21,1,5,9,22],[5,13,1,9,17,21,22],[21,9,1,17,5,13,22],[5,13,9,17,21,1,2,22],[17,21,9,1,5,13,22],[13,5,9,1,17,21,22],[21,9,13,5,1,17,2,22],[5,1,21,17,9,13,2,22],[1,17,21,13,9,5,22],[1,17,9,21,5,13,22],[9,21,1,17,13,5,22],[17,1,5,9,13,21,2,22],[1,17,5,21,9,13,2,22],[21,1,5,9,13,17,22],[13,5,17,9,1,21,2,22],[17,5,13,9,1,21,2,22],[21,5,13,1,9,17,22],[1,13,21,9,5,17,2,22],[1,13,9,17,5,21,22],[17,5,9,21,13,1,22],[5,21,17,13,9,1,2,22],[21,9,13,5,1,17,2,22],[21,13,9,5,1,17,2,22],[13,5,9,21,17,1,22],[13,21,17,5,1,9,2,22],[13,5,1,9,21,17,2,22],[17,21,5,13,1,9,22],[1,9,21,5,13,17,2,22],[5,9,13,21,1,17,3,22],[1,13,5,21,17,9,2,22],[1,21,9,5,13,17,23,18,10,2],[21,9,13,17,1,5,2,22],[9,13,1,5,21,17,22],[9,5,21,13,17,1,22],[21,17,13,1,5,9,22],[1,21,17,5,13,9,22],[13,9,5,17,1,21,22],[5,1,9,21,13,17,2,22],[17,21,1,9,5,13,2,22],[1,9,5,17,21,13,2,22],[21,1,9,13,5,17,2,22],[5,21,1,17,13,9,22],[9,5,1,13,21,17,22],[21,9,5,17,1,13,2,22],[1,13,9,21,5,17,22],[17,1,13,21,5,9,2,22],[5,13,21,17,1,9,22],[5,9,21,17,13,1,2,22],[17,9,5,13,21,1,22],[5,17,1,21,9,13,22],[13,21,1,5,17,9,2,22],[13,1,5,17,21,9,2,22],[17,1,5,21,9,13,2,22],[1,17,5,21,13,9,2,22],[21,5,17,13,1,9,2,22],[21,9,13,1,5,17,22],[17,21,5,1,9,13,2,22],[1,21,17,5,13,9,22],[13,5,21,17,9,1,22],[21,13,5,17,1,9,2,22],[5,17,9,21,13,1,2,22],[5,13,17,21,9,1,2,22],[17,9,21,5,13,1,2,22],[5,17,1,9,21,13,2,22],[9,5,17,13,1,21,2,22],[1,5,13,21,17,9,22],[17,21,9,1,13,5,22],[1,17,13,5,21,9,22],[9,1,13,17,5,21,22],[17,5,21,9,1,13,2,22],[1,13,5,9,21,17,2,22],[9,17,13,21,5,1,2,22],[13,17,21,1,5,9,22],[5,13,21,1,9,17,22],[21,9,17,1,13,5,22],[9,21,13,1,5,17,2,22],[5,13,1,17,21,9,2,22],[1,17,13,21,9,5,22],[5,1,17,9,21,13,2,22],[13,1,9,17,5,21,3,22],[1,21,17,5,13,9,2,22],[9,13,17,5,21,1,2,22],[17,1,21,5,9,13,22],[13,5,17,21,9,1,2,22],[5,21,13,9,1,17,2,22],[5,1,13,21,17,9,22],[17,5,1,21,13,9,2,22],[1,9,21,5,17,13,22],[17,21,9,13,5,1,2,22],[9,1,5,21,13,17,2,22],[21,5,13,9,17,1,22],[1,17,9,13,5,21,22],[17,9,13,21,5,1,2,22],[9,13,1,17,21,5,22],[5,9,13,21,17,1,2,22],[1,9,5,17,13,21,2,22],[9,21,17,1,13,5,2,22],[21,1,9,17,5,13,2,22],[13,5,9,17,1,21,22],[17,21,1,13,9,5,22],[9,5,17,21,13,1,22],[9,17,21,1,5,13,22],[13,21,5,1,17,9,22],[9,13,21,5,17,1,22],[5,9,21,13,1,17,22],[9,5,1,21,17,13,22],[13,17,9,1,21,5,22],[17,13,5,21,9,1,22],[21,13,5,1,17,9,2,22],[5,21,9,1,17,13,2,22],[21,9,5,13,1,17,2,22],[5,9,17,21,13,1,2,22],[17,9,5,1,13,21,22],[21,9,17,5,13,1,22],[17,13,21,5,9,1,22],[13,1,17,21,5,9,2,22],[5,1,21,9,17,13,2,22],[17,1,9,13,21,5,22],[13,1,17,5,9,21,2,22],[21,1,13,9,5,17,22],[17,21,9,5,1,13,3,22],[9,13,5,17,1,21,2,22],[9,21,1,13,5,17,2,22],[1,21,9,17,5,13,2,22],[13,21,17,1,9,5,3,22],[21,9,13,5,1,17,22],[9,13,17,5,21,1,22],[9,5,21,17,13,1,2,22],[9,21,1,5,13,17,2,22],[1,21,17,13,5,9,22],[17,5,21,1,13,9,2,22],[21,1,9,5,13,17,2,22],[1,13,17,9,21,5,2,22],[21,5,13,9,17,1,2,22],[5,13,9,1,17,21,22],[17,1,5,13,9,21,22],[5,13,21,17,9,1,2,22],[9,1,13,21,5,17,2,22],[21,1,9,13,17,5,22],[21,13,9,5,1,17,2,22],[13,17,21,9,1,5,2,22],[5,13,9,21,17,1,2,22],[17,13,1,5,9,21,22],[9,13,1,5,21,17,2,22],[17,9,13,5,21,1,2,22],[17,13,5,9,1,21,2,22],[21,17,5,9,1,13,2,22],[21,13,5,1,9,17,2,22],[1,13,17,9,5,21,22],[1,13,5,17,21,9,2,22],[21,1,9,5,17,13,3,22],[5,17,13,21,9,1,2,22],[1,9,17,13,21,5,2,22],[5,13,21,9,17,1,22],[13,5,9,1,21,17,2,22],[21,13,17,9,5,1,2,22],[5,21,1,13,9,17,22],[1,9,17,13,21,5,22],[5,17,21,1,9,13,2,22],[13,17,9,21,1,5,2,22],[9,5,17,1,21,13,2,22],[5,1,13,17,21,9,2,22],[5,1,21,9,13,17,2,22],[9,13,1,17,21,5,2,22],[9,13,5,17,1,21,22],[21,9,1,17,13,5,2,22],[1,13,9,17,5,21,22],[17,13,21,1,5,9,23,2,18,10],[21,9,5,13,17,1,2,22],[5,21,13,17,1,9,2,22],[17,1,21,5,9,13,2,22],[1,5,21,9,13,17,2,22],[5,13,17,21,1,9,2,22],[5,1,17,9,21,13,22],[17,13,5,1,9,21,22],[5,1,13,9,21,17,22],[5,17,9,13,1,21,22],[1,9,13,21,5,17,22],[9,17,5,1,21,13,2,22],[13,1,17,5,9,21,2,22],[17,21,13,9,5,1,22],[9,5,13,17,21,1,22],[17,9,5,1,13,21,2,22],[1,5,21,9,13,17,2,22],[9,21,13,5,17,1,22],[21,13,1,5,17,9,22],[1,17,9,5,21,13,22],[21,17,1,13,9,5,2,22],[17,1,5,21,13,9,22],[1,21,5,17,9,13,22],[13,5,21,9,1,17,2,22],[21,5,17,1,13,9,22],[13,9,1,21,17,5,22],[9,21,17,5,13,1,2,22],[1,9,13,21,17,5,2,22],[5,21,9,1,17,13,22],[17,21,5,9,1,13,22],[1,21,17,9,13,5,22],[1,17,13,9,5,21,2,22],[1,9,21,5,17,13,22],[13,5,21,1,17,9,22],[13,5,9,17,1,21,22],[5,21,9,13,17,1,2,22],[1,5,17,13,9,21,22],[5,1,17,13,9,21,2,22],[9,5,1,17,21,13,22],[5,1,13,9,17,21,22],[21,13,5,9,17,1,2,22],[9,5,1,17,13,21,2,22],[13,1,9,5,21,17,2,22],[1,21,13,9,5,17,22],[1,5,21,17,9,13,23,2,18,10],[17,13,1,21,5,9,2,22],[5,17,21,13,1,9,2,22],[21,1,17,13,5,9,23,2,18,11],[13,5,1,9,21,17,2,22],[13,17,5,9,1,21,23,18,2,11],[21,9,13,1,5,17,22],[21,5,9,1,13,17,22],[5,13,9,17,21,1,22],[1,13,9,17,5,21,22],[9,13,1,21,17,5,2,22],[1,5,9,21,13,17,22],[5,1,21,17,13,9,3,22],[17,5,1,13,9,21,2,22],[21,9,1,5,13,17,22],[9,5,13,21,17,1,2,22],[5,9,21,17,13,1,2,22],[1,17,13,5,9,21,2,22],[13,17,1,5,21,9,2,22],[17,21,1,13,5,9,22],[21,1,13,5,9,17,22],[9,1,21,5,17,13,22],[13,17,9,1,21,5,22],[13,5,21,17,9,1,2,22],[17,5,21,9,1,13,22],[13,21,1,5,17,9,22],[9,13,1,17,21,5,2,22],[9,5,1,13,17,21,22],[9,1,17,13,5,21,22],[9,1,13,5,21,17,2,22],[1,5,17,21,9,13,2,22],[21,5,17,13,9,1,3,22],[9,13,5,21,17,1,2,22],[13,5,9,21,1,17,22],[21,17,13,1,5,9,22],[13,1,5,9,17,21,2,22],[5,17,9,1,13,21,2,22],[5,17,21,9,13,1,22],[9,17,5,21,1,13,2,22],[13,5,17,1,21,9,2,22],[1,13,5,9,17,21,2,22],[13,5,9,17,21,1,2,22],[9,1,13,5,17,21,22],[17,9,13,5,21,1,2,22],[17,13,1,21,9,5,23,18,2,11],[13,5,21,9,1,17,3,22],[1,21,5,17,9,13,22],[13,9,1,17,5,21,2,22],[17,13,1,5,21,9,22],[13,21,17,9,5,1,22],[9,5,21,17,13,1,22],[13,1,9,21,17,5,22],[1,17,21,13,5,9,22],[5,9,17,21,13,1,22],[9,1,13,17,21,5,22],[9,17,5,21,1,13,2,22],[17,5,9,1,13,21,2,22],[13,21,17,9,1,5,23,18,10,2],[13,1,5,9,21,17,22],[13,1,5,21,9,17,2,22],[17,9,5,13,1,21,2,22],[13,9,21,5,1,17,22],[13,5,21,1,17,9,22],[5,21,17,1,13,9,3,22],[17,1,5,9,13,21,22],[13,17,5,1,9,21,22],[17,21,5,1,9,13,22],[21,1,17,5,9,13,2,22],[13,1,21,5,9,17,22],[17,21,13,1,9,5,2,22],[17,13,5,21,1,9,22],[21,13,17,1,5,9,22],[9,5,13,21,17,1,2,22],[1,17,13,5,21,9,2,22],[5,13,9,21,1,17,2,22],[1,5,9,21,17,13,22],[21,13,9,1,5,17,2,22],[21,1,13,17,9,5,22],[1,9,5,17,13,21,2,22],[9,5,13,21,17,1,22],[1,13,21,9,17,5,3,22],[1,5,21,17,13,9,22],[21,13,5,9,17,1,2,22],[9,17,1,5,13,21,22],[1,13,17,9,5,21,2,22],[1,5,13,17,21,9,22],[13,21,1,5,17,9,2,22],[1,9,13,17,21,5,2,22],[13,5,21,17,9,1,22],[9,13,21,1,5,17,2,22],[1,13,17,9,21,5,2,22],[5,21,17,1,13,9,22],[17,1,13,9,5,21,22],[21,1,9,17,13,5,22],[17,9,13,21,5,1,22],[9,1,17,13,21,5,2,22],[21,9,5,17,1,13,2,22],[1,13,21,17,9,5,22],[13,21,17,5,1,9,2,22],[9,1,13,21,17,5,3,22],[21,13,9,5,1,17,22],[5,13,21,1,17,9,2,22],[9,13,5,1,17,21,2,22],[21,1,13,5,17,9,2,22],[13,1,17,21,9,5,2,22],[13,17,1,5,9,21,22],[9,17,5,13,21,1,2,22],[21,5,17,13,9,1,2,22],[17,5,13,9,21,1,2,22],[5,13,17,9,21,1,3,22],[13,21,9,5,1,17,2,22],[17,5,13,21,1,9,22],[1,9,13,17,21,5,2,22],[9,5,17,1,21,13,2,22],[13,17,21,5,9,1,22],[5,13,1,21,17,9,2,22],[9,1,21,17,13,5,22],[21,13,1,9,5,17,2,22],[5,9,17,13,21,1,22],[5,17,13,9,1,21,22],[13,21,1,5,9,17,2,22],[21,17,13,5,1,9,22],[1,13,5,21,17,9,2,22],[5,21,9,13,1,17,22],[9,1,13,17,5,21,22],[9,1,21,5,17,13,22],[1,9,21,5,13,17,22],[17,21,5,1,9,13,2,22],[21,17,13,1,5,9,2,22],[21,17,1,13,9,5,22],[13,17,21,9,5,1,2,22],[9,21,13,17,1,5,2,22],[13,21,1,9,17,5,2,22],[5,1,13,21,17,9,2,22],[21,17,13,1,9,5,2,22],[1,17,21,9,13,5,22],[9,21,1,5,17,13,23,18,2,10],[1,17,9,5,13,21,22],[21,5,9,1,13,17,22],[1,13,21,9,5,17,2,22],[13,1,5,21,9,17,22],[1,9,21,5,13,17,2,22,3],[1,9,5,21,13,17,22],[17,21,1,13,9,5,2,22],[21,17,1,5,9,13,2,22],[13,21,17,5,9,1,2,22],[13,5,17,9,1,21,22],[17,13,1,21,5,9,22],[17,9,1,21,5,13,2,22],[9,21,13,1,17,5,2,22],[17,1,5,21,9,13,22],[1,21,9,13,5,17,3,22],[17,5,13,21,1,9,2,22],[5,13,21,9,1,17,22],[9,1,13,5,17,21,22],[9,21,5,1,17,13,22],[21,9,1,5,13,17,2,22],[17,13,1,9,5,21,22],[5,1,9,13,21,17,22],[9,17,21,5,13,1,22],[5,13,21,9,1,17,22],[9,5,13,17,1,21,22],[13,21,9,5,1,17,22],[17,21,1,13,5,9,22],[5,21,9,13,1,17,22],[9,1,13,21,5,17,22],[17,5,13,1,21,9,23,18,10,2],[21,17,5,9,13,1,22],[1,9,21,17,13,5,22],[17,21,9,5,13,1,22],[9,5,13,17,1,21,22],[9,21,17,13,1,5,22],[13,9,17,5,1,21,2,22],[1,5,13,17,9,21,2,22],[1,17,13,9,5,21,2,22],[21,1,17,9,5,13,23,2,18,10],[5,21,1,13,17,9,22],[17,5,13,21,1,9,2,22],[9,17,13,5,21,1,2,22],[21,5,13,1,17,9,22],[1,13,21,9,5,17,2,22],[17,21,5,9,1,13,22],[5,1,21,9,13,17,2,22],[13,5,21,1,17,9,2,22],[1,9,5,21,13,17,2,22],[5,21,9,1,13,17,22],[17,1,9,5,13,21,22],[1,13,17,9,5,21,2,22],[21,13,5,9,1,17,2,22],[1,21,5,17,9,13,2,22],[13,1,5,21,17,9,2,22],[9,5,13,21,17,1,2,22],[5,9,21,17,1,13,22],[1,21,17,13,5,9,22],[9,21,13,1,17,5,2,22],[1,5,13,9,17,21,22],[21,5,13,17,1,9,22],[21,5,9,17,1,13,22],[5,17,13,1,9,21,2,22],[9,1,17,21,13,5,2,22],[21,5,9,17,1,13,22],[5,9,13,1,21,17,22],[17,13,9,21,1,5,22],[17,5,13,1,9,21,2,22],[21,9,5,1,13,17,2,22],[1,5,21,17,13,9,2,22],[9,5,1,21,17,13,22],[13,21,5,1,9,17,22],[5,9,13,21,17,1,22],[13,5,17,9,1,21,2,22],[17,21,5,9,1,13,2,22],[13,17,1,5,21,9,2,22],[21,17,13,1,9,5,22],[21,17,1,13,5,9,2,22],[5,1,9,13,17,21,22],[13,1,9,5,21,17,22],[17,21,1,5,13,9,22],[13,9,17,1,5,21,22],[21,5,17,9,13,1,22],[1,13,9,21,5,17,22],[17,13,5,9,21,1,22],[21,5,13,1,17,9,2,22],[21,13,5,17,1,9,2,22],[5,21,17,9,13,1,2,22],[1,5,13,21,9,17,22],[13,5,9,17,21,1,22],[13,21,5,9,17,1,2,22],[1,17,13,9,5,21,22],[5,1,9,13,17,21,23,18,2,10],[13,5,1,9,17,21,22],[17,1,21,5,9,13,2,22],[17,1,9,21,5,13,2,22],[5,17,9,21,1,13,2,22],[1,9,13,5,17,21,2,22],[13,21,5,9,17,1,2,22],[21,17,9,1,13,5,2,22],[9,17,21,13,1,5,22],[1,13,21,17,5,9,2,22],[13,1,9,21,5,17,2,22],[17,5,21,13,9,1,22],[9,17,13,21,1,5,22],[21,1,9,5,13,17,2,22],[13,21,17,1,9,5,22],[1,5,9,17,13,21,2,22],[5,17,9,1,21,13,22],[1,13,17,5,9,21,2,22],[1,21,9,13,17,5,22],[17,13,5,21,9,1,22],[21,5,1,13,9,17,22],[13,17,1,21,5,9,22],[9,5,21,17,13,1,2,22],[21,5,17,1,13,9,22],[21,13,17,1,5,9,22],[17,1,21,5,9,13,22],[5,17,21,1,9,13,22],[21,1,17,13,5,9,22],[13,9,5,21,1,17,2,22],[5,17,21,1,9,13,23,2,18,10],[17,21,13,5,1,9,22],[9,13,17,21,5,1,22],[9,21,5,13,17,1,2,22],[13,17,9,5,1,21,2,22],[5,17,21,13,9,1,22],[17,5,21,9,1,13,2,22],[1,21,9,13,5,17,2,22],[1,9,5,17,13,21,22],[13,1,9,17,21,5,22],[13,21,17,5,1,9,2,22],[5,17,9,21,1,13,2,22],[17,21,5,1,9,13,2,22],[9,1,17,13,21,5,22],[9,13,17,1,21,5,2,22],[5,9,1,21,17,13,22],[9,17,1,5,21,13,2,22],[9,5,13,1,21,17,22],[13,9,17,21,1,5,22],[5,13,17,21,9,1,2,22],[17,13,5,9,1,21,22],[13,21,9,1,17,5,2,22],[1,17,9,13,5,21,22],[21,17,5,9,1,13,2,22],[21,17,5,9,13,1,22],[1,13,17,9,5,21,22],[13,1,17,5,9,21,2,22],[1,17,13,5,21,9,2,22],[13,9,1,17,5,21,22],[13,5,21,1,17,9,2,22],[9,5,13,21,17,1,22],[13,5,21,1,17,9,2,22],[17,9,5,21,1,13,2,22],[13,9,1,21,17,5,22],[21,1,13,5,9,17,22],[17,21,5,1,9,13,2,22],[5,1,17,13,21,9,22],[17,5,13,9,21,1,2,22],[9,5,13,21,17,1,2,22],[17,5,13,9,21,1,22],[5,17,13,9,1,21,2,22],[21,1,9,5,17,13,2,22],[13,21,5,9,1,17,22],[21,9,17,13,1,5,2,22],[5,13,17,1,9,21,22],[13,17,21,9,1,5,2,22],[9,17,5,13,1,21,22],[9,1,21,17,5,13,22],[17,5,9,1,13,21,22],[17,5,21,9,1,13,22],[9,5,21,17,1,13,2,22],[1,5,9,13,21,17,2,22],[13,5,1,17,21,9,2,22],[5,9,21,1,13,17,22],[21,1,5,9,13,17,2,22],[13,17,5,21,1,9,22],[13,21,5,1,9,17,22],[17,1,21,9,13,5,22],[13,1,21,5,17,9,22],[21,5,17,13,9,1,2,22],[5,9,13,21,17,1,2,22],[9,5,17,1,13,21,22],[5,17,13,1,21,9,2,22],[1,21,9,5,13,17,22],[13,9,17,21,5,1,22],[9,17,13,21,1,5,22],[13,5,21,17,1,9,22],[21,13,9,5,17,1,22],[17,21,1,9,5,13,22],[1,9,13,5,17,21,22],[5,21,13,9,17,1,2,22],[21,1,5,17,13,9,23,18,2,10],[5,9,13,17,1,21,22],[17,13,1,9,5,21,22],[9,17,13,21,1,5,2,22],[5,21,9,17,1,13,2,22],[21,13,17,5,1,9,3,22],[5,13,17,9,21,1,3,22],[5,1,21,13,9,17,2,22],[1,17,21,13,5,9,2,22],[5,21,1,13,17,9,22],[17,21,5,9,13,1,3,22],[5,1,13,21,17,9,22],[21,1,9,13,5,17,22],[9,5,1,13,17,21,22],[17,13,1,9,21,5,2,22],[1,13,9,5,17,21,2,22],[21,1,17,13,5,9,22],[21,5,17,13,1,9,23,18,10,2],[9,13,5,21,17,1,2,22],[1,9,13,5,17,21,22],[13,17,5,9,21,1,2,22],[1,9,5,17,21,13,2,22],[13,9,1,17,21,5,23,2,18,10],[9,1,17,5,21,13,2,22],[1,5,9,21,13,17,2,22],[17,9,21,5,1,13,2,22],[9,17,5,1,21,13,3,22],[17,1,21,9,5,13,22],[21,9,5,1,13,17,22],[1,5,13,21,9,17,2,22],[5,17,9,21,1,13,2,22],[17,1,5,21,13,9,22],[21,13,1,5,9,17,22],[17,9,21,5,13,1,22],[9,17,1,5,13,21,22],[9,5,13,1,21,17,22],[13,5,9,1,21,17,22],[13,21,1,17,5,9,2,22],[13,5,1,9,21,17,22],[1,5,13,9,17,21,2,22],[21,17,1,13,9,5,22],[1,5,9,21,13,17,22],[17,21,13,1,9,5,22],[5,13,21,1,9,17,2,22],[5,1,17,9,21,13,2,22],[1,5,13,9,21,17,2,22],[21,13,5,17,9,1,2,22],[1,5,17,13,21,9,22],[21,9,13,1,17,5,22],[13,1,17,9,21,5,22],[1,9,13,21,17,5,2,22],[5,1,21,17,9,13,22],[21,5,17,1,13,9,22],[21,13,17,1,5,9,2,22],[13,9,21,17,5,1,22],[1,9,5,13,21,17,22],[5,1,21,17,13,9,22],[13,9,21,5,1,17,2,22],[17,9,1,21,13,5,22],[17,13,5,1,21,9,2,22],[13,9,1,17,5,21,2,22],[1,5,9,21,13,17,22],[1,9,21,17,5,13,22],[13,9,17,5,21,1,2,22],[1,17,9,13,5,21,22],[21,13,5,1,9,17,2,22],[1,9,21,17,5,13,2,22],[13,1,5,21,9,17,2,22],[21,9,17,13,1,5,2,22],[21,5,17,9,1,13,22],[5,1,17,21,9,13,22],[13,5,21,1,17,9,3,22],[1,21,17,5,13,9,22],[13,5,9,17,1,21,2,22],[5,1,9,17,21,13,2,22],[5,1,21,13,9,17,2,22],[13,17,1,9,21,5,22],[13,5,21,1,17,9,2,22],[17,9,13,1,21,5,2,22],[9,21,17,13,1,5,22],[5,21,13,1,9,17,22],[21,5,13,17,1,9,22],[9,13,21,17,1,5,22],[9,1,5,21,17,13,22],[21,1,5,9,17,13,2,22],[5,13,9,21,17,1,2,22],[13,17,1,5,21,9,3,22],[17,13,9,1,5,21,23,18,10,2],[17,13,9,21,1,5,2,22],[21,13,5,9,17,1,22],[13,9,5,17,1,21,2,22],[17,5,1,21,9,13,2,22],[13,21,1,5,17,9,22],[17,5,13,21,9,1,22],[1,13,9,17,5,21,22],[13,5,1,21,17,9,2,22],[13,1,17,21,9,5,22],[13,1,17,9,21,5,22],[9,21,17,5,1,13,22],[21,5,13,1,17,9,2,22],[17,9,13,21,1,5,22],[9,13,5,21,17,1,22],[5,17,13,21,1,9,22],[17,21,13,9,5,1,2,22],[13,1,9,17,5,21,22],[9,17,1,13,21,5,2,22],[17,13,9,5,1,21,22],[1,13,5,17,21,9,2,22],[13,9,21,1,5,17,22],[5,1,21,13,17,9,22],[17,13,1,9,5,21,22],[17,5,9,1,13,21,2,22],[17,5,9,1,13,21,2,22],[1,9,21,5,17,13,2,22],[1,5,13,21,9,17,22],[9,5,1,21,17,13,2,22],[13,21,1,17,9,5,22],[5,21,13,1,9,17,22],[5,17,21,9,13,1,22],[13,17,9,1,5,21,2,22],[13,17,5,21,1,9,2,22],[1,13,9,5,21,17,2,22],[5,17,13,21,9,1,22],[13,21,5,9,1,17,22],[13,17,1,5,21,9,22],[1,13,5,17,9,21,2,22],[21,1,9,17,5,13,2,22],[5,21,1,9,17,13,22],[17,1,13,5,9,21,22],[17,21,13,1,5,9,22],[21,9,5,13,17,1,22],[13,5,9,1,17,21,22],[5,13,1,17,9,21,22],[1,17,13,5,9,21,22],[5,13,1,9,17,21,22],[17,13,21,5,1,9,22],[1,13,5,17,9,21,2,22],[13,21,9,5,17,1,2,22],[21,9,5,13,17,1,22],[13,21,1,5,9,17,2,22],[5,21,1,17,13,9,22],[13,5,9,17,21,1,2,22],[9,13,17,1,21,5,22],[5,17,13,21,1,9,2,22],[1,13,17,9,5,21,2,22],[21,17,9,1,13,5,22],[13,1,21,5,9,17,22],[5,17,1,21,13,9,22],[5,9,1,17,13,21,22],[13,5,21,9,1,17,22],[1,9,17,21,13,5,22],[17,1,9,21,5,13,22],[13,21,5,9,1,17,2,22],[13,21,1,9,5,17,22],[1,9,5,13,17,21,2,22],[17,21,13,5,9,1,2,22],[17,1,5,13,21,9,2,22],[5,9,13,1,17,21,2,22],[1,13,17,9,21,5,22],[9,21,1,5,13,17,2,22],[21,9,5,13,17,1,22],[1,5,13,9,17,21,2,22],[1,17,21,13,5,9,22],[21,13,1,5,9,17,22],[13,9,5,21,17,1,2,22],[17,13,5,9,21,1,3,22],[17,13,5,9,1,21,2,22],[17,5,9,21,1,13,2,22],[17,13,21,1,9,5,2,22],[21,5,13,1,17,9,2,22],[21,1,13,9,17,5,22],[21,5,9,13,1,17,2,22],[5,9,17,21,13,1,22],[5,17,21,1,9,13,22],[5,21,13,9,17,1,2,22],[17,21,5,9,1,13,22],[1,9,21,17,5,13,22],[21,17,13,9,1,5,2,22],[17,21,13,9,5,1,22],[17,1,9,21,13,5,2,22],[1,5,9,13,17,21,22],[5,1,17,21,9,13,2,22],[17,21,1,9,13,5,2,22],[5,21,1,13,17,9,2,22],[17,9,5,21,1,13,2,22],[21,9,17,5,1,13,22],[9,1,5,13,21,17,2,22],[21,5,17,13,1,9,22],[21,5,13,17,1,9,23,2,18,10],[21,5,17,13,1,9,3,22],[1,9,21,13,5,17,22],[5,1,9,17,13,21,22],[13,9,5,17,1,21,2,22]],"n_human":104}