{"problem_id":"0VSS4CXm5oYtjrW","sigma":150,"alpha":1.000,"cost":1,"probabilities":"[0.15, 0.21, 0.08, 0.56]","payoff_matrix":"[[119, -81, -356, 66, -99, 24], [-413, 16, 4, 43, 229, 157], [-35, 73, 86, 298, -21, 155], [-300, -26, 97, -1, -227, -10]]","uncovered":[[4,8,12,24,20,16,14,10,22,9,13,21,6,23],[4,20,8,24,12,16,14,10,22,21,9,13,6,23],[12,8,4,16,20,24,10,14,22,9,21,13,6,23],[20,12,16,4,8,24,10,14,22,21,9,13,6,15,23],[24,16,12,20,8,4,10,14,22,21,9,13,6,15,23],[20,16,8,4,24,12,10,14,22,9,21,13,6,15,23],[8,16,24,12,20,4,10,14,22,21,9,13,6,23],[12,16,24,8,20,4,10,14,22,21,9,13,6,23],[24,12,4,8,16,20,14,10,22,21,9,13,6,15,23],[20,24,16,4,8,12,10,14,22,21,9,13,6,15,23],[20,12,16,8,24,4,10,14,22,21,9,13,6,15,23],[16,12,24,4,8,20,14,10,22,9,21,13,6,15,23],[24,12,16,20,8,4,14,10,22,9,13,21,6,15,23],[24,12,8,20,4,16,10,14,22,21,9,13,6,23],[20,8,12,16,24,4,14,10,22,21,9,13,6,15,23],[24,8,16,4,12,20,14,10,22,9,13,21,6,23],[12,20,16,4,24,8,10,14,22,9,21,13,6,15,23],[8,24,12,4,20,16,10,14,22,9,21,13,6,15,23],[12,20,24,8,4,16,10,14,22,9,13,21,6,15,23],[16,12,24,20,4,8,14,10,22,21,9,13,6,23],[12,16,4,20,8,24,14,10,22,21,9,13,6,23],[24,4,12,8,20,16,10,14,22,9,21,13,6,15,23],[20,4,16,12,24,8,10,14,22,21,9,13,6,23],[12,8,24,20,4,16,10,14,22,21,9,13,6,15,23],[16,24,8,4,20,12,10,14,22,21,9,13,6,15,23],[12,4,20,24,16,8,14,10,22,21,9,13,6,23],[16,12,4,8,20,24,14,10,22,9,13,21,6,23],[12,24,16,20,8,4,14,10,22,9,13,21,6,23],[12,4,24,16,20,8,10,14,22,21,9,13,6,15,23],[16,20,24,12,4,8,14,10,22,21,9,13,6,23],[20,24,8,16,12,4,14,10,22,9,21,13,6,15,23],[8,12,4,24,20,16,10,14,22,9,13,21,6,15,23],[20,24,4,16,12,8,14,10,22,21,9,13,6,15,23],[20,12,8,24,4,16,10,14,22,9,21,13,6,23],[16,20,24,8,12,4,14,10,22,21,9,13,6,23],[16,20,4,24,12,8,14,10,22,21,9,13,6,23],[24,8,12,16,4,20,10,14,22,9,21,13,6,23],[4,8,16,20,24,12,14,10,22,21,9,13,6,23],[8,20,16,24,4,12,10,14,22,21,9,13,6,15,23],[20,24,16,8,12,4,14,10,22,9,21,13,6,23],[24,16,4,20,8,12,14,10,22,21,9,13,6,23],[8,16,12,24,4,20,10,14,22,21,9,13,6,15,23],[20,8,12,16,4,24,14,10,22,21,9,13,6,23],[16,4,20,8,24,12,14,10,22,9,21,13,6,23],[8,12,16,24,20,4,14,10,22,9,13,21,6,23],[24,4,8,20,16,12,10,14,22,9,21,13,6,15,23],[16,24,12,4,8,20,10,14,22,9,21,13,6,23],[16,12,4,24,8,20,14,10,22,9,13,21,6,23],[24,16,4,12,8,20,14,10,22,9,13,21,6,15,23],[16,4,12,20,8,24,10,14,22,21,9,13,6,23],[24,4,8,12,16,20,10,14,22,9,13,21,6,15,23],[20,8,4,12,16,24,10,14,22,9,13,21,6,15,23],[12,8,20,4,24,16,10,14,22,9,13,21,6,23],[8,20,16,12,4,24,14,10,22,9,13,21,6,23],[4,20,8,16,24,12,14,10,22,9,13,21,6,23],[20,12,24,4,8,16,10,14,22,9,21,13,6,15,23],[16,12,24,4,20,8,10,14,22,21,9,13,6,23],[12,24,8,20,16,4,14,10,22,9,13,21,6,23],[8,4,20,24,16,12,10,14,22,9,21,13,6,15,23],[8,16,20,24,4,12,10,14,22,9,21,13,6,23],[8,16,12,20,4,24,10,14,22,9,13,21,6,15,23],[12,20,4,8,24,16,10,14,22,21,9,13,6,15,23],[4,16,8,24,12,20,10,14,22,21,9,13,6,15,23],[8,24,16,12,20,4,14,10,22,21,9,13,6,23],[20,16,4,12,8,24,14,10,22,9,21,13,6,23],[4,16,20,12,8,24,10,14,22,21,9,13,6,23],[12,16,20,4,8,24,14,10,22,21,9,13,6,23],[16,20,12,24,4,8,14,10,22,9,21,13,6,15,23],[8,20,16,24,4,12,14,10,22,21,9,13,6,15,23],[8,4,12,16,24,20,10,14,22,9,13,21,6,15,23],[16,12,20,24,8,4,14,10,22,9,13,21,6,23],[4,24,8,20,12,16,14,10,22,9,21,13,6,23],[20,24,16,8,12,4,14,10,22,9,21,13,6,15,23],[4,24,20,8,12,16,14,10,22,21,9,13,6,23],[20,12,16,8,4,24,10,14,22,9,21,13,6,23],[4,20,8,16,24,12,10,14,22,9,13,21,6,23],[12,16,24,4,20,8,10,14,22,21,9,13,6,23],[24,20,8,12,16,4,14,10,22,21,9,13,6,23],[16,12,20,4,8,24,14,10,22,21,9,13,6,15,23],[20,12,24,8,4,16,14,10,22,9,13,21,6,15,23],[8,4,12,16,24,20,10,14,22,9,13,21,6,15,23],[8,12,24,4,16,20,14,10,22,21,9,13,6,15,23],[16,8,4,20,12,24,10,14,22,21,9,13,6,23],[4,20,24,12,16,8,14,10,22,9,13,21,6,15,23],[20,16,4,12,24,8,14,10,22,21,9,13,6,15,23],[16,8,20,12,4,24,10,14,22,21,9,13,6,23],[12,20,4,24,16,8,10,14,22,9,21,13,6,15,23],[24,12,4,20,16,8,14,10,22,9,21,13,6,15,23],[12,4,24,8,20,16,14,10,22,21,9,13,6,15,23],[12,8,24,20,16,4,10,14,22,9,13,21,6,15,23],[24,4,16,8,20,12,14,10,22,9,13,21,6,23],[4,20,24,16,8,12,10,14,22,21,9,13,6,15,23],[20,24,4,16,8,12,10,14,22,9,13,21,6,23],[8,16,24,20,12,4,14,10,22,9,21,13,6,15,23],[8,16,20,4,12,24,14,10,22,21,9,13,6,15,23],[16,20,24,8,12,4,10,14,22,21,9,13,6,23],[24,16,20,4,8,12,14,10,22,9,21,13,6,23],[4,24,20,8,16,12,14,10,22,9,13,21,6,23],[16,24,12,20,8,4,10,14,22,9,21,13,6,15,23],[12,16,20,8,24,4,14,10,22,21,9,13,6,15,23],[24,20,16,4,8,12,10,14,22,21,9,13,6,23],[4,20,24,12,8,16,14,10,22,9,13,21,6,15,23],[16,20,24,4,8,12,10,14,22,9,21,13,6,15,23],[8,4,24,20,16,12,14,10,22,9,13,21,6,15,23],[24,16,8,12,20,4,10,14,22,9,21,13,6,15,23],[4,20,16,12,24,8,14,10,22,21,9,13,6,15,23],[12,20,24,8,4,16,10,14,22,21,9,13,6,23],[20,8,12,16,24,4,14,10,22,9,21,13,6,23],[4,8,20,16,24,12,10,14,22,21,9,13,6,23],[4,8,24,12,16,20,14,10,22,21,9,13,6,23],[12,4,8,16,24,20,14,10,22,9,13,21,6,15,23],[12,24,4,8,16,20,14,10,22,21,9,13,6,23],[4,8,20,16,12,24,10,14,22,21,9,13,6,23],[4,24,12,8,16,20,14,10,22,9,21,13,6,23],[12,24,8,20,16,4,10,14,22,21,9,13,6,15,23],[16,8,20,24,12,4,10,14,22,9,13,21,6,15,23],[8,24,4,20,12,16,14,10,22,21,9,13,6,15,23],[24,4,12,8,20,16,10,14,22,21,9,13,6,15,23],[4,12,8,20,16,24,10,14,22,21,9,13,6,15,23],[20,12,8,16,4,24,10,14,22,21,9,13,6,15,23],[12,4,24,8,20,16,14,10,22,9,21,13,6,23],[16,20,24,12,4,8,14,10,22,21,9,13,6,23],[20,24,4,16,8,12,14,10,22,21,9,13,6,23],[24,4,20,12,16,8,14,10,22,21,9,13,6,23],[20,8,24,4,16,12,14,10,22,21,9,13,6,15,23],[8,16,12,20,4,24,14,10,22,21,9,13,6,23],[16,8,24,4,20,12,10,14,22,21,9,13,6,15,23],[8,24,4,16,12,20,10,14,22,9,21,13,6,15,23],[16,8,24,4,20,12,14,10,22,9,21,13,6,15,23],[8,20,24,4,16,12,10,14,22,9,21,13,6,23],[4,16,8,24,12,20,14,10,22,21,9,13,6,23],[12,24,20,8,16,4,14,10,22,9,21,13,6,15,23],[20,12,16,24,8,4,10,14,22,21,9,13,6,15,23],[8,16,12,20,4,24,10,14,22,21,9,13,6,23],[24,12,8,20,4,16,14,10,22,9,21,13,6,15,23],[8,4,12,20,16,24,14,10,22,9,21,13,6,23],[16,24,12,4,8,20,14,10,22,21,9,13,6,15,23],[12,8,20,16,4,24,14,10,22,21,9,13,6,23],[24,20,12,8,4,16,14,10,22,21,9,13,6,15,23],[20,16,8,4,12,24,14,10,22,21,9,13,6,23],[24,16,20,8,4,12,14,10,22,21,9,13,6,15,23],[24,4,12,20,8,16,10,14,22,21,9,13,6,23],[12,20,8,4,24,16,10,14,22,21,9,13,6,23],[24,8,12,20,4,16,14,10,22,21,9,13,6,15,23],[24,16,12,20,8,4,14,10,22,9,21,13,6,23],[12,24,8,4,20,16,14,10,22,9,13,21,6,23],[24,8,4,16,20,12,14,10,22,9,13,21,6,15,23],[4,16,12,20,24,8,14,10,22,9,13,21,6,23],[4,20,8,12,16,24,10,14,22,9,13,21,6,23],[24,20,16,12,4,8,14,10,22,21,9,13,6,15,23],[20,4,12,16,8,24,10,14,22,9,13,21,6,23],[8,16,24,20,12,4,14,10,22,21,9,13,6,23],[12,20,8,16,4,24,10,14,22,9,21,13,6,15,23],[16,12,24,4,8,20,10,14,22,21,9,13,6,15,23],[16,24,8,20,12,4,10,14,22,9,21,13,6,15,23],[20,16,12,4,24,8,14,10,22,9,13,21,6,15,23],[12,24,20,16,4,8,14,10,22,21,9,13,6,15,23],[8,12,24,4,20,16,14,10,22,9,21,13,6,23],[8,24,12,20,4,16,14,10,22,21,9,13,6,15,23],[20,4,16,12,24,8,14,10,22,21,9,13,6,23],[12,16,4,8,20,24,14,10,22,21,9,13,6,23],[16,12,20,24,8,4,10,14,22,9,13,21,6,15,23],[12,24,16,8,4,20,10,14,22,9,13,21,6,15,23],[20,8,12,16,4,24,10,14,22,21,9,13,6,15,23],[16,24,20,8,12,4,10,14,22,9,21,13,6,15,23],[8,20,12,24,4,16,10,14,22,9,13,21,6,23],[4,24,12,8,16,20,10,14,22,9,13,21,6,15,23],[24,16,12,4,20,8,10,14,22,9,21,13,6,23],[20,8,4,16,24,12,10,14,22,9,21,13,6,15,23],[16,24,4,8,20,12,14,10,22,21,9,13,6,23],[12,4,8,20,16,24,10,14,22,9,21,13,6,15,23],[8,4,12,16,24,20,14,10,22,9,21,13,6,15,23],[16,12,24,4,20,8,14,10,22,21,9,13,6,23],[24,8,4,20,12,16,14,10,22,21,9,13,6,15,23],[12,4,24,16,20,8,10,14,22,9,21,13,6,23],[16,12,24,8,20,4,14,10,22,9,21,13,6,15,23],[24,16,4,8,12,20,14,10,22,9,13,21,6,15,23],[20,4,8,24,12,16,10,14,22,21,9,13,6,23],[4,20,24,12,16,8,14,10,22,9,21,13,6,23],[20,16,8,12,4,24,10,14,22,21,9,13,6,23],[24,20,12,16,8,4,14,10,22,21,9,13,6,15,23],[16,12,24,20,4,8,14,10,22,21,9,13,6,15,23],[8,24,4,20,12,16,14,10,22,21,9,13,6,15,23],[16,24,4,20,8,12,14,10,22,21,9,13,6,15,23],[20,24,4,8,16,12,14,10,22,9,13,21,6,23],[12,24,4,16,8,20,10,14,22,9,21,13,6,15,23],[4,16,12,24,20,8,10,14,22,21,9,13,6,23],[20,4,16,24,8,12,10,14,22,9,21,13,6,15,23],[16,12,24,4,8,20,10,14,22,21,9,13,6,23],[4,24,8,16,20,12,10,14,22,21,9,13,6,15,23],[12,16,20,4,24,8,14,10,22,9,13,21,6,23],[8,12,16,20,24,4,14,10,22,21,9,13,6,15,23],[8,12,16,24,20,4,10,14,22,9,13,21,6,15,23],[24,20,16,12,4,8,14,10,22,21,9,13,6,23],[24,16,8,20,4,12,14,10,22,9,21,13,6,15,23],[12,8,24,16,20,4,14,10,22,9,13,21,6,15,23],[8,16,24,4,12,20,10,14,22,21,9,13,6,23],[24,8,4,20,12,16,10,14,22,21,9,13,6,23],[8,16,20,24,4,12,10,14,22,9,21,13,6,23],[4,12,8,16,20,24,14,10,22,21,9,13,6,15,23],[20,8,16,24,12,4,14,10,22,21,9,13,6,15,23],[4,20,24,16,8,12,14,10,22,21,9,13,6,15,23],[8,20,16,12,4,24,10,14,22,9,13,21,6,15,23],[12,4,20,16,8,24,14,10,22,9,21,13,6,23],[8,16,4,20,24,12,10,14,22,21,9,13,6,15,23],[12,20,4,8,24,16,14,10,22,9,21,13,6,15,23],[24,4,8,20,16,12,14,10,22,9,13,21,6,15,23],[24,12,4,8,20,16,10,14,22,21,9,13,6,15,23],[8,24,4,12,16,20,10,14,22,9,13,21,6,15,23],[16,8,20,12,4,24,14,10,22,21,9,13,6,23],[16,24,12,20,4,8,14,10,22,9,21,13,6,23],[4,12,16,24,8,20,10,14,22,9,21,13,6,23],[8,16,24,12,20,4,14,10,22,21,9,13,6,23],[20,4,16,12,24,8,10,14,22,21,9,13,6,23],[8,12,4,20,24,16,14,10,22,9,21,13,6,15,23],[12,24,4,20,8,16,14,10,22,9,13,21,6,15,23],[12,16,8,20,4,24,14,10,22,21,9,13,6,23],[4,8,16,12,20,24,10,14,22,9,21,13,6,23],[8,12,20,4,16,24,10,14,22,9,21,13,6,15,23],[4,20,24,16,8,12,10,14,22,21,9,13,6,23],[4,12,20,8,16,24,14,10,22,21,9,13,6,15,23],[4,8,16,20,24,12,14,10,22,21,9,13,6,23],[12,20,4,8,16,24,10,14,22,9,21,13,6,15,23],[4,12,8,24,20,16,10,14,22,9,21,13,6,15,23],[24,16,20,4,12,8,10,14,22,9,21,13,6,15,23],[12,16,8,20,4,24,14,10,22,9,21,13,6,23],[16,24,4,12,20,8,14,10,22,9,13,21,6,23],[8,16,20,24,12,4,10,14,22,9,13,21,6,15,23],[4,20,24,8,12,16,10,14,22,9,13,21,6,15,23],[8,24,16,4,20,12,10,14,22,21,9,13,6,23],[16,8,24,12,20,4,10,14,22,9,13,21,6,23],[4,16,24,8,12,20,10,14,22,9,21,13,6,15,23],[24,4,8,12,20,16,10,14,22,9,21,13,6,15,23],[8,24,12,16,4,20,14,10,22,21,9,13,6,15,23],[8,4,16,20,12,24,10,14,22,9,21,13,6,15,23],[12,24,8,20,16,4,14,10,22,21,9,13,6,15,23],[24,8,16,12,4,20,14,10,22,9,21,13,6,23],[4,16,12,8,24,20,14,10,22,9,13,21,6,15,23],[24,4,16,20,12,8,10,14,22,9,13,21,6,23],[8,16,12,24,4,20,10,14,22,21,9,13,6,23],[16,24,12,4,20,8,10,14,22,21,9,13,6,23],[8,4,24,20,12,16,14,10,22,9,13,21,6,15,23],[4,8,12,16,24,20,14,10,22,21,9,13,6,23],[8,20,12,4,16,24,10,14,22,9,13,21,6,23],[8,4,20,16,12,24,10,14,22,21,9,13,6,15,23],[8,16,24,20,4,12,10,14,22,21,9,13,6,23],[4,24,20,8,16,12,10,14,22,21,9,13,6,23],[20,24,16,8,4,12,14,10,22,9,21,13,6,15,23],[4,16,8,12,20,24,14,10,22,9,21,13,6,23],[4,24,16,20,12,8,10,14,22,9,13,21,6,15,23],[8,16,12,24,4,20,10,14,22,21,9,13,6,23],[16,12,4,8,24,20,14,10,22,9,13,21,6,23],[4,20,24,16,12,8,14,10,22,21,9,13,6,23],[16,4,12,24,20,8,14,10,22,21,9,13,6,15,23],[24,16,4,8,12,20,10,14,22,21,9,13,6,15,23],[20,8,24,16,12,4,14,10,22,21,9,13,6,15,23],[20,12,24,16,4,8,10,14,22,21,9,13,6,23],[16,4,24,8,20,12,14,10,22,9,21,13,6,15,23],[24,16,8,4,12,20,14,10,22,21,9,13,6,23],[8,4,24,20,16,12,14,10,22,21,9,13,6,23],[16,20,24,4,8,12,14,10,22,21,9,13,6,15,23],[20,24,16,8,12,4,14,10,22,21,9,13,6,15,23],[20,8,12,16,4,24,10,14,22,9,21,13,6,23],[12,4,20,8,16,24,10,14,22,9,13,21,6,15,23],[12,16,24,20,8,4,14,10,22,21,9,13,6,15,23],[16,20,8,12,24,4,14,10,22,9,21,13,6,15,23],[20,8,12,16,4,24,10,14,22,21,9,13,6,15,23],[8,20,4,16,12,24,14,10,22,21,9,13,6,23],[20,16,24,8,12,4,10,14,22,9,13,21,6,23],[4,8,24,20,12,16,10,14,22,9,13,21,6,15,23],[20,24,8,4,16,12,14,10,22,21,9,13,6,15,23],[12,8,4,20,24,16,14,10,22,21,9,13,6,23],[16,4,8,20,24,12,14,10,22,9,21,13,6,15,23],[24,12,8,16,20,4,14,10,22,9,21,13,6,15,23],[4,12,8,24,20,16,14,10,22,21,9,13,6,23],[24,4,12,16,8,20,10,14,22,21,9,13,6,15,23],[4,12,20,8,16,24,10,14,22,9,13,21,6,15,23],[24,16,4,12,20,8,10,14,22,21,9,13,6,23],[16,20,4,8,12,24,14,10,22,9,13,21,6,15,23],[20,8,12,24,16,4,14,10,22,21,9,13,6,23],[12,24,20,4,8,16,14,10,22,9,13,21,6,23],[16,8,4,24,20,12,14,10,22,21,9,13,6,15,23],[20,4,16,12,8,24,14,10,22,9,13,21,6,23],[12,8,16,20,4,24,10,14,22,21,9,13,6,23],[12,20,16,8,4,24,10,14,22,21,9,13,6,15,23],[12,24,8,4,16,20,10,14,22,9,21,13,6,23],[4,20,16,8,24,12,10,14,22,21,9,13,6,23],[20,8,16,12,24,4,14,10,22,21,9,13,6,15,23],[16,8,24,20,12,4,10,14,22,21,9,13,6,23],[12,16,24,8,20,4,10,14,22,21,9,13,6,15,23],[20,24,4,16,8,12,14,10,22,9,13,21,6,15,23],[8,12,20,4,16,24,14,10,22,21,9,13,6,23],[20,12,8,16,4,24,14,10,22,9,13,21,6,15,23],[20,4,24,8,16,12,10,14,22,21,9,13,6,15,23],[24,20,8,16,12,4,10,14,22,9,13,21,6,23],[24,16,20,8,12,4,10,14,22,9,13,21,6,23],[12,4,24,16,20,8,10,14,22,21,9,13,6,23],[20,4,16,8,12,24,10,14,22,21,9,13,6,23],[24,16,4,12,8,20,10,14,22,9,21,13,6,15,23],[8,16,24,4,12,20,10,14,22,9,21,13,6,23],[12,4,16,24,20,8,10,14,22,9,13,21,6,15,23],[8,20,16,24,4,12,14,10,22,9,21,13,6,15,23],[16,12,8,20,4,24,14,10,22,9,13,21,6,23],[24,8,4,12,20,16,14,10,22,21,9,13,6,23],[24,8,12,16,20,4,10,14,22,9,21,13,6,23],[16,8,24,20,12,4,14,10,22,21,9,13,6,23],[4,24,12,8,20,16,14,10,22,9,13,21,6,15,23],[20,8,16,12,4,24,14,10,22,21,9,13,6,23],[24,8,16,20,4,12,10,14,22,21,9,13,6,23],[12,24,16,4,8,20,10,14,22,9,21,13,6,23],[16,4,8,12,20,24,14,10,22,9,21,13,6,23],[12,16,8,4,20,24,10,14,22,21,9,13,6,15,23],[4,8,24,16,12,20,10,14,22,9,21,13,6,23],[12,4,8,20,24,16,14,10,22,21,9,13,6,15,23],[16,20,24,12,4,8,14,10,22,9,21,13,6,23],[8,12,24,20,4,16,14,10,22,21,9,13,6,23],[20,12,24,16,8,4,10,14,22,9,21,13,6,23],[4,24,12,16,8,20,14,10,22,21,9,13,6,15,23],[12,16,24,4,20,8,14,10,22,9,21,13,6,23],[20,12,4,24,16,8,10,14,22,9,13,21,6,15,23],[12,4,24,8,20,16,14,10,22,9,21,13,6,15,23],[8,12,16,24,20,4,14,10,22,21,9,13,6,23],[12,20,8,16,24,4,10,14,22,9,21,13,6,15,23],[8,4,24,12,20,16,10,14,22,21,9,13,6,23],[16,12,8,24,20,4,14,10,22,21,9,13,6,23],[12,4,8,24,16,20,10,14,22,21,9,13,6,23],[12,20,8,4,24,16,10,14,22,9,13,21,6,23],[8,12,24,20,4,16,10,14,22,21,9,13,6,15,23],[20,24,8,16,12,4,14,10,22,21,9,13,6,23],[8,20,24,4,16,12,10,14,22,9,21,13,6,15,23],[12,16,20,24,8,4,10,14,22,21,9,13,6,15,23],[8,24,20,4,16,12,10,14,22,21,9,13,6,15,23],[16,20,8,12,4,24,10,14,22,21,9,13,6,23],[12,8,4,20,24,16,14,10,22,21,9,13,6,15,23],[20,4,8,12,16,24,10,14,22,21,9,13,6,15,23],[20,8,4,16,12,24,10,14,22,21,9,13,6,23],[8,20,16,4,12,24,14,10,22,21,9,13,6,23],[8,24,16,12,4,20,14,10,22,9,13,21,6,23],[24,12,4,16,8,20,14,10,22,21,9,13,6,15,23],[8,24,12,16,4,20,14,10,22,21,9,13,6,15,23],[4,8,24,12,20,16,10,14,22,21,9,13,6,15,23],[4,8,16,20,12,24,14,10,22,9,13,21,6,23],[16,24,4,12,20,8,14,10,22,21,9,13,6,15,23],[24,12,20,16,4,8,10,14,22,9,21,13,6,15,23],[8,12,24,4,20,16,10,14,22,9,13,21,6,23],[24,16,20,8,12,4,14,10,22,9,13,21,6,23],[4,24,16,8,12,20,10,14,22,9,21,13,6,23],[8,20,24,4,16,12,14,10,22,21,9,13,6,15,23],[8,12,4,24,16,20,10,14,22,9,21,13,6,15,23],[16,20,4,24,12,8,14,10,22,21,9,13,6,23],[24,20,8,12,4,16,14,10,22,21,9,13,6,15,23],[4,16,20,12,8,24,10,14,22,21,9,13,6,23],[24,4,12,16,8,20,14,10,22,9,21,13,6,23],[8,24,16,12,4,20,10,14,22,9,21,13,6,15,23],[8,4,12,20,24,16,14,10,22,9,13,21,6,23],[8,20,16,24,12,4,10,14,22,9,21,13,6,23],[8,4,24,20,12,16,14,10,22,9,13,21,6,23],[4,16,8,12,24,20,10,14,22,21,9,13,6,15,23],[20,16,4,24,12,8,14,10,22,21,9,13,6,23],[24,12,16,20,8,4,14,10,22,21,9,13,6,23],[16,4,12,20,8,24,10,14,22,9,21,13,6,23],[24,4,12,16,8,20,14,10,22,9,21,13,6,15,23],[12,24,20,4,16,8,14,10,22,21,9,13,6,15,23],[16,20,24,4,8,12,14,10,22,9,21,13,6,23],[12,8,24,4,16,20,14,10,22,9,21,13,6,15,23],[16,20,4,8,12,24,14,10,22,9,13,21,6,23],[24,8,20,4,16,12,14,10,22,21,9,13,6,15,23],[24,12,16,8,4,20,14,10,22,9,21,13,6,15,23],[16,12,4,20,24,8,14,10,22,21,9,13,6,15,23],[4,16,12,8,24,20,10,14,22,9,21,13,6,23],[4,24,20,12,8,16,10,14,22,9,13,21,6,15,23],[24,16,20,4,12,8,10,14,22,9,13,21,6,15,23],[24,20,16,12,4,8,10,14,22,9,21,13,6,23],[24,16,20,12,8,4,10,14,22,21,9,13,6,23],[20,4,12,8,16,24,14,10,22,9,13,21,6,23],[12,20,8,4,24,16,14,10,22,21,9,13,6,23],[4,12,16,24,20,8,14,10,22,9,13,21,6,23],[16,24,12,8,20,4,10,14,22,21,9,13,6,15,23],[16,4,8,24,12,20,10,14,22,21,9,13,6,23],[20,4,16,8,24,12,14,10,22,21,9,13,6,23],[16,20,8,24,12,4,10,14,22,9,21,13,6,23],[24,16,12,4,8,20,10,14,22,21,9,13,6,15,23],[16,24,20,4,8,12,10,14,22,9,21,13,6,15,23],[8,20,12,4,24,16,10,14,22,21,9,13,6,15,23],[8,4,16,12,20,24,14,10,22,9,21,13,6,23],[12,4,20,16,24,8,14,10,22,9,13,21,6,23],[8,12,20,4,16,24,10,14,22,9,13,21,6,15,23],[4,16,24,20,12,8,14,10,22,21,9,13,6,23],[20,16,24,12,4,8,14,10,22,9,13,21,6,15,23],[24,4,16,12,8,20,10,14,22,9,13,21,6,23],[4,12,20,24,8,16,10,14,22,9,13,21,6,15,23],[20,8,12,24,4,16,10,14,22,21,9,13,6,15,23],[12,8,16,24,20,4,10,14,22,21,9,13,6,15,23],[16,12,4,24,8,20,14,10,22,21,9,13,6,23],[24,12,8,4,20,16,10,14,22,21,9,13,6,23],[16,8,24,20,4,12,10,14,22,21,9,13,6,23],[16,20,8,4,24,12,14,10,22,9,21,13,6,15,23],[24,16,20,12,4,8,14,10,22,9,21,13,6,23],[16,12,8,24,20,4,14,10,22,9,21,13,6,23],[24,4,16,20,8,12,10,14,22,21,9,13,6,23],[24,8,16,12,4,20,14,10,22,9,13,21,6,15,23],[12,24,16,8,20,4,14,10,22,9,13,21,6,23],[8,24,12,4,20,16,14,10,22,9,21,13,6,23],[20,4,12,16,8,24,10,14,22,21,9,13,6,15,23],[20,8,16,24,4,12,14,10,22,9,21,13,6,15,23],[24,20,16,8,4,12,10,14,22,21,9,13,6,23],[4,24,8,12,16,20,14,10,22,21,9,13,6,15,23],[20,4,8,16,12,24,10,14,22,9,21,13,6,23],[4,16,20,8,12,24,10,14,22,21,9,13,6,15,23],[8,12,16,20,4,24,10,14,22,9,21,13,6,15,23],[24,8,4,12,16,20,14,10,22,21,9,13,6,23],[20,8,16,4,24,12,14,10,22,9,13,21,6,23],[20,4,8,12,24,16,10,14,22,21,9,13,6,23],[16,8,4,12,24,20,14,10,22,21,9,13,6,15,23],[4,12,24,8,20,16,14,10,22,21,9,13,6,23],[8,20,16,12,24,4,14,10,22,9,21,13,6,23],[4,8,24,16,20,12,10,14,22,9,21,13,6,15,23],[16,4,12,24,8,20,10,14,22,9,21,13,6,15,23],[12,8,4,16,20,24,10,14,22,21,9,13,6,15,23],[16,12,4,20,8,24,14,10,22,9,21,13,6,15,23],[24,8,12,4,20,16,10,14,22,9,21,13,6,23],[4,12,8,16,20,24,14,10,22,21,9,13,6,15,23],[24,12,20,8,16,4,10,14,22,9,13,21,6,15,23],[12,16,4,8,24,20,10,14,22,21,9,13,6,15,23],[20,24,12,8,4,16,10,14,22,9,21,13,6,23],[4,16,24,20,8,12,10,14,22,9,21,13,6,23],[16,24,12,4,20,8,10,14,22,21,9,13,6,15,23],[20,24,12,16,4,8,10,14,22,21,9,13,6,15,23],[24,12,8,20,4,16,14,10,22,9,13,21,6,23],[12,16,24,20,4,8,14,10,22,9,21,13,6,15,23],[8,20,12,24,4,16,10,14,22,9,13,21,6,15,23],[4,12,16,20,8,24,10,14,22,9,21,13,6,23],[24,20,12,4,8,16,14,10,22,21,9,13,6,23],[16,4,12,24,20,8,10,14,22,9,21,13,6,23],[4,12,20,16,8,24,14,10,22,21,9,13,6,15,23],[16,12,20,24,4,8,10,14,22,9,13,21,6,23],[4,16,12,8,24,20,14,10,22,21,9,13,6,23],[24,4,8,16,20,12,10,14,22,21,9,13,6,23],[16,8,24,12,4,20,10,14,22,9,13,21,6,23],[24,8,4,16,20,12,14,10,22,9,13,21,6,15,23],[4,16,24,12,20,8,10,14,22,9,21,13,6,15,23],[20,12,16,8,24,4,10,14,22,9,21,13,6,15,23],[8,4,20,16,24,12,14,10,22,21,9,13,6,23],[4,24,12,16,8,20,10,14,22,9,21,13,6,23],[12,24,20,4,16,8,10,14,22,9,13,21,6,15,23],[24,12,20,8,16,4,14,10,22,21,9,13,6,15,23],[4,12,8,20,24,16,14,10,22,21,9,13,6,23],[20,12,24,16,4,8,14,10,22,9,13,21,6,15,23],[12,20,24,8,16,4,10,14,22,21,9,13,6,23],[20,4,16,12,8,24,10,14,22,9,13,21,6,15,23],[16,20,12,4,24,8,14,10,22,9,13,21,6,23],[4,12,16,20,24,8,14,10,22,21,9,13,6,23],[16,12,8,24,20,4,14,10,22,9,13,21,6,23],[8,12,4,16,20,24,14,10,22,9,21,13,6,23],[12,24,16,8,4,20,14,10,22,21,9,13,6,23],[4,8,12,24,20,16,14,10,22,21,9,13,6,23],[4,16,8,20,12,24,10,14,22,21,9,13,6,23],[4,24,16,12,20,8,14,10,22,9,13,21,6,15,23],[12,16,4,24,20,8,10,14,22,21,9,13,6,23],[4,8,16,20,12,24,10,14,22,21,9,13,6,15,23],[8,20,4,24,12,16,10,14,22,21,9,13,6,23],[24,8,16,12,20,4,10,14,22,9,21,13,6,15,23],[16,12,24,4,20,8,10,14,22,21,9,13,6,15,23],[16,8,24,12,4,20,10,14,22,21,9,13,6,23],[4,24,20,16,12,8,14,10,22,9,21,13,6,15,23],[24,8,12,16,20,4,14,10,22,21,9,13,6,15,23],[20,24,4,12,8,16,10,14,22,21,9,13,6,15,23],[8,12,16,24,20,4,14,10,22,21,9,13,6,23],[16,20,12,4,8,24,10,14,22,21,9,13,6,23],[20,8,16,24,4,12,10,14,22,9,21,13,6,23],[4,16,24,20,12,8,14,10,22,9,21,13,6,15,23],[16,8,20,24,12,4,10,14,22,21,9,13,6,23],[24,16,20,12,4,8,10,14,22,9,21,13,6,23],[12,4,8,24,20,16,10,14,22,21,9,13,6,15,23],[16,4,12,8,20,24,14,10,22,9,13,21,6,15,23],[8,24,4,16,12,20,10,14,22,9,21,13,6,23],[16,20,24,8,12,4,10,14,22,21,9,13,6,15,23],[8,4,16,24,12,20,10,14,22,21,9,13,6,23],[24,20,4,12,16,8,10,14,22,21,9,13,6,23],[4,8,16,12,24,20,14,10,22,21,9,13,6,23],[20,4,12,8,24,16,10,14,22,21,9,13,6,15,23],[4,24,20,16,8,12,10,14,22,9,21,13,6,15,23],[8,4,20,16,12,24,10,14,22,9,13,21,6,23],[12,24,8,4,16,20,14,10,22,21,9,13,6,15,23],[4,8,12,16,24,20,14,10,22,9,21,13,6,23],[12,24,20,8,4,16,14,10,22,21,9,13,6,23],[8,20,16,4,12,24,10,14,22,21,9,13,6,15,23],[20,4,8,24,12,16,14,10,22,9,21,13,6,23],[24,4,8,16,12,20,14,10,22,21,9,13,6,23],[24,8,20,12,4,16,14,10,22,9,13,21,6,23],[16,24,12,4,20,8,14,10,22,9,21,13,6,23],[4,20,16,24,12,8,10,14,22,9,13,21,6,23],[24,16,12,20,8,4,10,14,22,9,13,21,6,23],[8,20,12,16,4,24,14,10,22,9,21,13,6,15,23],[8,4,24,12,20,16,14,10,22,21,9,13,6,23],[20,4,16,8,24,12,10,14,22,21,9,13,6,23],[24,4,12,20,8,16,10,14,22,21,9,13,6,23],[4,8,16,12,24,20,10,14,22,9,21,13,6,23],[16,8,4,12,20,24,14,10,22,21,9,13,6,15,23],[16,24,8,12,4,20,10,14,22,9,21,13,6,23],[16,20,24,8,4,12,10,14,22,21,9,13,6,23],[16,20,12,24,8,4,14,10,22,21,9,13,6,15,23],[4,16,12,20,8,24,10,14,22,21,9,13,6,15,23],[20,12,8,4,24,16,14,10,22,21,9,13,6,15,23],[8,16,12,20,4,24,10,14,22,21,9,13,6,15,23],[16,8,12,20,24,4,14,10,22,21,9,13,6,15,23],[12,24,4,8,16,20,14,10,22,9,21,13,6,23],[20,16,24,12,4,8,14,10,22,21,9,13,6,15,23],[24,20,8,12,4,16,14,10,22,9,13,21,6,23],[24,12,8,4,20,16,10,14,22,9,13,21,6,23],[4,20,16,24,12,8,10,14,22,21,9,13,6,23],[20,24,12,16,8,4,14,10,22,21,9,13,6,23],[12,16,4,8,24,20,10,14,22,21,9,13,6,23],[8,24,4,16,20,12,10,14,22,9,21,13,6,23],[16,12,8,24,20,4,10,14,22,9,13,21,6,23],[8,20,16,24,4,12,10,14,22,9,13,21,6,15,23],[20,24,12,16,4,8,10,14,22,9,21,13,6,15,23],[24,8,4,20,16,12,10,14,22,9,21,13,6,15,23],[12,4,24,8,16,20,14,10,22,9,13,21,6,23],[4,20,12,8,24,16,10,14,22,9,21,13,6,23],[24,20,12,4,16,8,10,14,22,21,9,13,6,23],[16,8,12,20,24,4,10,14,22,21,9,13,6,15,23],[16,12,4,20,24,8,14,10,22,21,9,13,6,15,23],[8,12,4,16,20,24,14,10,22,21,9,13,6,23],[24,8,4,20,12,16,14,10,22,9,21,13,6,23],[24,12,4,16,8,20,10,14,22,9,21,13,6,23],[16,20,24,4,8,12,14,10,22,9,21,13,6,15,23],[20,12,8,4,24,16,10,14,22,21,9,13,6,23],[12,16,4,20,24,8,14,10,22,9,21,13,6,15,23],[12,8,24,16,4,20,14,10,22,9,13,21,6,23],[24,12,4,8,16,20,10,14,22,21,9,13,6,15,23],[12,16,20,8,24,4,10,14,22,21,9,13,6,23],[4,8,24,20,12,16,10,14,22,21,9,13,6,15,23],[20,8,24,4,16,12,10,14,22,21,9,13,6,15,23],[16,8,4,12,24,20,14,10,22,9,21,13,6,23],[4,16,12,24,20,8,14,10,22,21,9,13,6,23],[16,4,20,12,24,8,10,14,22,9,13,21,6,23],[12,24,20,4,16,8,14,10,22,9,13,21,6,23],[4,20,8,12,24,16,10,14,22,21,9,13,6,23],[4,20,24,16,8,12,10,14,22,21,9,13,6,15,23],[8,12,24,20,16,4,14,10,22,9,21,13,6,15,23],[8,4,24,12,20,16,14,10,22,9,21,13,6,15,23],[20,12,24,16,8,4,14,10,22,21,9,13,6,23],[8,24,20,12,4,16,10,14,22,9,21,13,6,23],[12,20,4,24,16,8,10,14,22,21,9,13,6,23],[12,24,16,8,20,4,14,10,22,9,13,21,6,15,23],[24,20,16,8,4,12,10,14,22,21,9,13,6,23],[20,24,8,12,4,16,10,14,22,21,9,13,6,15,23],[4,8,20,16,24,12,10,14,22,9,21,13,6,23],[24,16,8,12,4,20,10,14,22,9,13,21,6,15,23],[4,8,16,24,12,20,14,10,22,21,9,13,6,15,23],[20,4,16,12,8,24,14,10,22,9,21,13,6,23],[12,4,24,20,16,8,10,14,22,21,9,13,6,23],[20,24,4,12,8,16,10,14,22,9,13,21,6,15,23],[4,16,24,20,12,8,10,14,22,21,9,13,6,15,23],[24,4,12,16,8,20,14,10,22,9,21,13,6,23],[12,20,8,24,16,4,10,14,22,9,21,13,6,23],[20,24,4,12,16,8,10,14,22,21,9,13,6,15,23],[16,20,24,8,4,12,14,10,22,21,9,13,6,23],[20,16,24,12,4,8,14,10,22,21,9,13,6,15,23],[20,16,12,8,24,4,14,10,22,21,9,13,6,15,23],[20,16,8,24,12,4,10,14,22,21,9,13,6,23],[16,8,24,12,4,20,14,10,22,9,21,13,6,23],[4,16,20,12,8,24,10,14,22,9,13,21,6,23],[20,8,12,4,16,24,14,10,22,21,9,13,6,23],[24,8,16,20,12,4,10,14,22,9,13,21,6,15,23],[4,16,24,20,8,12,14,10,22,9,13,21,6,23],[4,24,16,12,8,20,10,14,22,9,13,21,6,15,23],[24,4,8,20,12,16,14,10,22,9,21,13,6,15,23],[16,24,12,4,8,20,10,14,22,21,9,13,6,23],[12,4,8,16,20,24,10,14,22,9,13,21,6,15,23],[24,20,12,16,4,8,14,10,22,21,9,13,6,15,23],[8,12,4,16,24,20,10,14,22,9,13,21,6,23],[4,16,24,12,20,8,14,10,22,9,21,13,6,23],[12,20,4,24,16,8,10,14,22,21,9,13,6,23],[16,8,24,20,4,12,10,14,22,21,9,13,6,23],[8,4,20,16,24,12,10,14,22,9,21,13,6,23],[24,16,20,4,8,12,10,14,22,21,9,13,6,23],[16,12,4,20,24,8,14,10,22,21,9,13,6,23],[8,20,12,16,4,24,14,10,22,9,13,21,6,23],[20,12,4,16,8,24,14,10,22,21,9,13,6,23],[24,4,16,8,20,12,14,10,22,9,21,13,6,15,23],[8,4,20,24,16,12,14,10,22,21,9,13,6,15,23],[16,24,20,8,12,4,10,14,22,21,9,13,6,15,23],[12,8,24,4,16,20,10,14,22,21,9,13,6,15,23],[12,20,16,4,24,8,14,10,22,9,21,13,6,23],[8,12,24,20,16,4,14,10,22,21,9,13,6,23],[20,12,8,24,16,4,14,10,22,21,9,13,6,23],[12,4,24,20,8,16,14,10,22,9,13,21,6,15,23],[12,24,4,8,20,16,14,10,22,9,13,21,6,23],[4,20,8,12,16,24,14,10,22,9,13,21,6,15,23],[4,20,12,16,24,8,14,10,22,21,9,13,6,23],[12,16,4,20,8,24,14,10,22,21,9,13,6,23],[8,4,24,20,16,12,14,10,22,21,9,13,6,23],[12,16,4,8,24,20,10,14,22,9,13,21,6,15,23],[4,12,24,8,16,20,10,14,22,21,9,13,6,15,23],[24,20,16,8,12,4,14,10,22,21,9,13,6,15,23],[16,8,4,20,12,24,10,14,22,9,21,13,6,15,23],[24,8,12,20,4,16,14,10,22,9,21,13,6,23],[12,20,24,8,4,16,10,14,22,9,21,13,6,15,23],[8,12,4,20,24,16,10,14,22,9,21,13,6,23],[24,8,4,20,16,12,14,10,22,9,21,13,6,23],[8,16,20,24,12,4,10,14,22,21,9,13,6,15,23],[12,16,20,8,24,4,14,10,22,21,9,13,6,15,23],[20,16,4,24,12,8,14,10,22,21,9,13,6,23],[20,24,4,8,12,16,14,10,22,21,9,13,6,23],[4,12,24,8,16,20,14,10,22,9,13,21,6,23],[24,12,16,8,4,20,10,14,22,21,9,13,6,15,23],[16,20,24,8,4,12,10,14,22,9,21,13,6,23],[20,16,8,12,4,24,14,10,22,9,13,21,6,23],[24,20,8,16,4,12,10,14,22,21,9,13,6,23],[12,16,4,24,20,8,14,10,22,9,21,13,6,23],[4,16,12,8,24,20,10,14,22,9,13,21,6,15,23],[24,20,12,8,4,16,14,10,22,9,21,13,6,15,23],[12,16,8,24,20,4,10,14,22,9,21,13,6,15,23],[8,24,20,12,4,16,10,14,22,9,21,13,6,23],[20,4,16,8,24,12,10,14,22,9,13,21,6,15,23],[12,4,24,8,20,16,10,14,22,9,21,13,6,15,23],[8,20,4,12,16,24,10,14,22,21,9,13,6,15,23],[16,8,24,4,12,20,14,10,22,21,9,13,6,23],[8,4,16,20,12,24,14,10,22,21,9,13,6,23],[16,20,12,24,8,4,14,10,22,21,9,13,6,15,23],[16,4,20,12,24,8,14,10,22,9,13,21,6,23],[24,12,20,8,16,4,10,14,22,9,21,13,6,23],[16,4,12,24,8,20,14,10,22,21,9,13,6,15,23],[4,20,12,16,24,8,14,10,22,9,13,21,6,15,23],[16,8,24,4,12,20,10,14,22,21,9,13,6,15,23],[20,16,4,12,8,24,14,10,22,21,9,13,6,15,23],[16,20,8,4,24,12,10,14,22,9,21,13,6,15,23],[8,24,16,20,4,12,10,14,22,21,9,13,6,23],[8,12,16,24,20,4,14,10,22,9,21,13,6,23],[16,8,12,4,24,20,14,10,22,21,9,13,6,15,23],[4,16,8,12,20,24,10,14,22,9,13,21,6,23],[12,16,4,24,8,20,10,14,22,21,9,13,6,23],[16,8,24,4,12,20,14,10,22,9,21,13,6,15,23],[4,8,12,16,20,24,10,14,22,9,21,13,6,23],[20,4,12,16,8,24,10,14,22,9,13,21,6,23],[4,24,20,16,8,12,10,14,22,9,21,13,6,15,23],[24,16,8,12,4,20,14,10,22,9,21,13,6,23],[4,24,12,16,8,20,10,14,22,21,9,13,6,15,23],[8,12,16,24,4,20,14,10,22,21,9,13,6,15,23],[4,12,20,16,24,8,14,10,22,21,9,13,6,23],[16,20,8,4,12,24,10,14,22,21,9,13,6,15,23],[16,12,8,4,24,20,10,14,22,21,9,13,6,15,23],[8,12,4,16,20,24,14,10,22,21,9,13,6,23],[24,4,8,12,20,16,14,10,22,9,13,21,6,15,23],[20,16,4,24,12,8,14,10,22,21,9,13,6,23],[8,24,4,12,16,20,10,14,22,9,21,13,6,15,23],[12,8,4,16,20,24,14,10,22,9,13,21,6,15,23],[8,12,20,16,4,24,10,14,22,21,9,13,6,15,23],[24,12,16,8,4,20,10,14,22,9,13,21,6,15,23],[20,24,8,12,16,4,10,14,22,9,13,21,6,15,23],[16,20,12,8,24,4,10,14,22,9,13,21,6,15,23],[24,12,8,16,4,20,10,14,22,9,21,13,6,15,23],[12,24,16,20,4,8,10,14,22,9,21,13,6,15,23],[20,16,24,4,12,8,14,10,22,9,13,21,6,15,23],[12,24,16,20,4,8,14,10,22,9,13,21,6,15,23],[20,16,24,8,12,4,10,14,22,9,21,13,6,23],[24,4,12,20,16,8,10,14,22,21,9,13,6,23],[20,12,24,4,16,8,10,14,22,21,9,13,6,23],[20,4,16,12,8,24,10,14,22,21,9,13,6,15,23],[16,12,24,20,8,4,14,10,22,9,13,21,6,23],[16,20,12,8,4,24,14,10,22,21,9,13,6,15,23],[20,12,8,4,16,24,10,14,22,21,9,13,6,15,23],[4,8,24,12,16,20,14,10,22,9,13,21,6,23],[16,24,20,12,4,8,14,10,22,21,9,13,6,15,23],[12,16,20,8,24,4,10,14,22,9,21,13,6,23],[16,24,4,20,8,12,14,10,22,9,21,13,6,15,23],[12,8,24,4,20,16,14,10,22,21,9,13,6,15,23],[16,24,4,12,20,8,10,14,22,9,21,13,6,23],[24,4,20,12,8,16,14,10,22,21,9,13,6,15,23],[8,16,24,12,4,20,14,10,22,9,21,13,6,23],[12,8,20,16,4,24,14,10,22,21,9,13,6,15,23],[12,4,20,24,16,8,14,10,22,9,13,21,6,23],[24,12,20,16,8,4,14,10,22,21,9,13,6,23],[16,4,12,8,24,20,10,14,22,21,9,13,6,15,23],[16,20,4,24,8,12,10,14,22,9,21,13,6,23],[8,12,4,24,16,20,10,14,22,9,21,13,6,23],[8,4,24,20,16,12,14,10,22,9,13,21,6,15,23],[24,12,8,4,16,20,14,10,22,9,21,13,6,15,23],[20,24,16,4,12,8,14,10,22,21,9,13,6,15,23],[4,8,12,24,20,16,10,14,22,21,9,13,6,23],[4,24,12,16,8,20,14,10,22,21,9,13,6,23],[16,8,24,12,4,20,10,14,22,9,21,13,6,23],[12,4,20,8,16,24,14,10,22,9,21,13,6,23],[20,12,24,16,8,4,14,10,22,9,13,21,6,23],[24,8,4,12,20,16,14,10,22,21,9,13,6,15,23],[4,24,12,16,8,20,10,14,22,21,9,13,6,23],[24,16,20,12,4,8,10,14,22,21,9,13,6,23],[4,16,24,12,8,20,14,10,22,21,9,13,6,23],[12,4,24,16,8,20,10,14,22,21,9,13,6,15,23],[12,4,16,20,8,24,10,14,22,9,21,13,6,15,23],[24,20,8,4,16,12,10,14,22,9,13,21,6,15,23],[12,20,16,24,4,8,14,10,22,21,9,13,6,15,23],[24,8,4,12,16,20,14,10,22,21,9,13,6,15,23],[16,12,4,20,24,8,10,14,22,9,13,21,6,23],[12,8,4,24,20,16,10,14,22,21,9,13,6,15,23],[8,24,12,20,4,16,14,10,22,9,21,13,6,23],[12,8,24,20,4,16,14,10,22,21,9,13,6,15,23],[16,20,8,12,4,24,14,10,22,9,21,13,6,23],[12,24,16,20,4,8,14,10,22,9,13,21,6,23],[4,20,8,24,12,16,10,14,22,9,21,13,6,15,23],[16,20,4,24,8,12,14,10,22,21,9,13,6,23],[4,12,24,16,20,8,10,14,22,9,21,13,6,23],[20,16,12,24,4,8,14,10,22,9,21,13,6,15,23],[4,12,24,8,20,16,14,10,22,21,9,13,6,23],[20,4,24,16,8,12,14,10,22,9,13,21,6,15,23],[8,12,4,24,20,16,10,14,22,9,13,21,6,23],[4,24,20,16,8,12,14,10,22,21,9,13,6,15,23],[4,16,20,8,12,24,14,10,22,21,9,13,6,15,23],[16,20,4,8,24,12,14,10,22,21,9,13,6,15,23],[12,20,4,24,16,8,14,10,22,9,13,21,6,23],[8,12,4,20,24,16,14,10,22,9,21,13,6,23],[16,8,4,20,12,24,14,10,22,21,9,13,6,23],[24,8,20,12,16,4,14,10,22,21,9,13,6,23],[16,4,20,24,8,12,10,14,22,9,13,21,6,23],[12,4,16,8,20,24,14,10,22,9,13,21,6,23],[4,24,8,16,12,20,14,10,22,9,13,21,6,23],[12,20,24,4,8,16,10,14,22,9,13,21,6,23],[12,8,20,16,24,4,14,10,22,21,9,13,6,15,23],[24,20,4,12,16,8,10,14,22,9,13,21,6,23],[16,24,4,8,20,12,10,14,22,21,9,13,6,15,23],[20,16,8,4,24,12,14,10,22,9,21,13,6,15,23],[8,24,20,12,4,16,14,10,22,9,21,13,6,15,23],[16,20,24,12,4,8,14,10,22,9,13,21,6,23],[24,8,12,20,16,4,10,14,22,21,9,13,6,23],[8,24,4,16,12,20,10,14,22,21,9,13,6,15,23],[4,20,8,12,24,16,10,14,22,21,9,13,6,15,23],[24,12,8,4,20,16,10,14,22,21,9,13,6,23],[20,24,16,12,8,4,10,14,22,21,9,13,6,23],[20,12,8,16,4,24,14,10,22,21,9,13,6,23],[24,8,20,4,16,12,10,14,22,9,21,13,6,15,23],[20,24,8,12,16,4,14,10,22,9,13,21,6,15,23],[24,20,12,4,16,8,10,14,22,9,13,21,6,23],[4,8,16,12,20,24,10,14,22,9,13,21,6,15,23],[4,12,20,8,24,16,14,10,22,9,21,13,6,23],[12,20,8,24,16,4,14,10,22,9,13,21,6,15,23],[24,16,8,12,20,4,10,14,22,9,13,21,6,15,23],[8,24,20,4,16,12,14,10,22,9,21,13,6,15,23],[12,24,20,4,16,8,14,10,22,21,9,13,6,15,23],[20,16,12,4,24,8,14,10,22,21,9,13,6,23],[20,4,12,8,16,24,10,14,22,9,21,13,6,23],[12,16,8,20,4,24,10,14,22,21,9,13,6,23],[12,4,24,20,16,8,14,10,22,21,9,13,6,23],[20,16,24,8,12,4,14,10,22,9,21,13,6,15,23],[8,16,20,12,4,24,10,14,22,9,21,13,6,23],[4,12,20,8,24,16,14,10,22,9,13,21,6,23],[4,24,12,8,20,16,10,14,22,9,13,21,6,15,23],[24,4,16,8,12,20,10,14,22,9,13,21,6,15,23],[4,12,16,8,20,24,14,10,22,9,21,13,6,15,23],[16,8,12,20,4,24,14,10,22,9,13,21,6,15,23],[20,4,12,24,16,8,10,14,22,9,21,13,6,15,23],[16,4,24,8,20,12,10,14,22,21,9,13,6,23],[20,4,24,12,8,16,14,10,22,21,9,13,6,15,23],[12,24,20,8,4,16,14,10,22,21,9,13,6,15,23],[12,8,16,24,4,20,14,10,22,9,13,21,6,15,23],[4,16,20,8,12,24,14,10,22,9,21,13,6,15,23],[24,12,20,8,4,16,10,14,22,9,13,21,6,15,23],[24,4,16,12,20,8,10,14,22,21,9,13,6,15,23],[4,24,20,12,8,16,10,14,22,9,13,21,6,23],[20,24,4,16,8,12,10,14,22,21,9,13,6,15,23],[20,12,8,4,24,16,10,14,22,21,9,13,6,15,23],[24,8,4,20,16,12,10,14,22,9,21,13,6,15,23],[20,12,8,16,24,4,14,10,22,21,9,13,6,15,23],[16,12,8,4,24,20,14,10,22,9,13,21,6,23],[24,4,8,20,12,16,10,14,22,21,9,13,6,15,23],[20,16,12,24,8,4,10,14,22,21,9,13,6,15,23],[8,12,20,16,24,4,14,10,22,21,9,13,6,23],[24,8,12,4,16,20,10,14,22,9,13,21,6,15,23],[16,24,4,20,12,8,10,14,22,9,13,21,6,15,23],[20,16,24,12,4,8,14,10,22,9,21,13,6,23],[20,12,8,16,4,24,14,10,22,21,9,13,6,23],[24,8,16,12,20,4,14,10,22,9,21,13,6,15,23],[8,24,12,20,4,16,14,10,22,9,13,21,6,15,23],[4,20,24,16,12,8,14,10,22,21,9,13,6,23],[24,4,8,20,12,16,14,10,22,21,9,13,6,23],[8,16,24,12,4,20,10,14,22,9,21,13,6,23],[24,20,16,8,12,4,14,10,22,9,13,21,6,23],[24,16,4,20,8,12,10,14,22,9,21,13,6,15,23],[8,12,24,20,4,16,10,14,22,9,21,13,6,15,23],[8,12,24,16,20,4,14,10,22,9,21,13,6,15,23],[12,4,16,20,8,24,10,14,22,21,9,13,6,15,23],[4,12,8,20,24,16,14,10,22,9,21,13,6,15,23],[16,12,4,20,8,24,14,10,22,9,21,13,6,23],[24,12,16,4,20,8,14,10,22,9,13,21,6,23],[16,24,8,12,4,20,10,14,22,9,21,13,6,15,23],[16,24,4,20,12,8,10,14,22,21,9,13,6,15,23],[16,4,24,12,8,20,14,10,22,21,9,13,6,15,23],[8,20,12,16,24,4,14,10,22,9,13,21,6,15,23],[20,16,8,12,24,4,10,14,22,9,13,21,6,23],[16,4,12,24,20,8,10,14,22,9,13,21,6,15,23],[8,12,16,24,4,20,10,14,22,9,21,13,6,15,23],[8,24,4,16,12,20,14,10,22,21,9,13,6,15,23],[4,16,12,8,24,20,14,10,22,21,9,13,6,23],[16,4,12,8,24,20,14,10,22,9,13,21,6,23],[12,24,8,16,20,4,10,14,22,21,9,13,6,23],[24,4,20,12,8,16,14,10,22,21,9,13,6,23],[24,12,16,20,4,8,14,10,22,21,9,13,6,23],[16,12,24,8,4,20,14,10,22,9,21,13,6,15,23],[20,24,16,4,12,8,14,10,22,9,21,13,6,23],[12,4,8,20,16,24,14,10,22,9,21,13,6,23],[8,16,20,24,4,12,14,10,22,9,21,13,6,15,23],[4,16,8,20,12,24,10,14,22,9,13,21,6,15,23],[12,20,4,24,8,16,14,10,22,9,21,13,6,23],[20,24,8,16,12,4,10,14,22,21,9,13,6,15,23],[24,16,20,8,12,4,14,10,22,21,9,13,6,15,23],[24,16,20,4,8,12,14,10,22,9,21,13,6,23],[12,24,20,8,16,4,10,14,22,21,9,13,6,15,23],[12,16,24,4,20,8,10,14,22,9,13,21,6,23],[12,20,24,4,8,16,10,14,22,21,9,13,6,15,23],[24,12,16,8,4,20,10,14,22,9,21,13,6,15,23],[8,24,12,20,16,4,10,14,22,9,21,13,6,15,23],[8,16,12,20,4,24,14,10,22,9,21,13,6,23],[12,20,8,24,16,4,14,10,22,21,9,13,6,15,23],[8,4,12,24,20,16,10,14,22,9,21,13,6,15,23],[12,8,24,4,16,20,14,10,22,21,9,13,6,23],[4,16,20,24,12,8,10,14,22,9,21,13,6,15,23],[8,12,16,20,24,4,10,14,22,9,13,21,6,23],[8,16,24,4,12,20,14,10,22,9,21,13,6,23],[4,12,16,20,24,8,10,14,22,9,13,21,6,15,23],[4,20,12,16,8,24,14,10,22,9,13,21,6,23],[12,16,8,24,20,4,10,14,22,9,21,13,6,15,23],[16,8,24,12,4,20,14,10,22,9,21,13,6,23],[24,8,16,12,4,20,14,10,22,9,13,21,6,23],[24,16,20,4,12,8,14,10,22,9,21,13,6,23],[8,16,4,20,12,24,10,14,22,21,9,13,6,23],[8,20,12,4,24,16,14,10,22,9,21,13,6,15,23],[12,4,16,20,8,24,14,10,22,21,9,13,6,23],[20,16,4,24,8,12,10,14,22,9,21,13,6,15,23],[8,4,12,24,20,16,10,14,22,21,9,13,6,15,23],[20,16,8,12,4,24,14,10,22,21,9,13,6,23],[4,8,20,16,24,12,10,14,22,21,9,13,6,23],[4,24,20,12,8,16,14,10,22,21,9,13,6,23],[4,16,8,20,12,24,10,14,22,9,13,21,6,23],[16,12,24,20,8,4,10,14,22,9,13,21,6,23],[8,4,16,20,12,24,10,14,22,21,9,13,6,15,23],[24,16,4,8,20,12,10,14,22,21,9,13,6,23],[8,12,16,4,24,20,14,10,22,9,21,13,6,23],[4,20,12,24,16,8,10,14,22,9,21,13,6,23],[20,12,16,8,24,4,14,10,22,9,13,21,6,15,23],[4,24,12,8,16,20,10,14,22,9,13,21,6,15,23],[16,24,12,4,8,20,14,10,22,9,21,13,6,15,23],[24,12,16,4,8,20,10,14,22,9,13,21,6,15,23],[24,16,8,20,4,12,10,14,22,9,13,21,6,23],[24,12,8,16,4,20,14,10,22,9,21,13,6,15,23],[12,4,16,24,20,8,14,10,22,9,21,13,6,15,23],[20,24,16,12,8,4,14,10,22,9,13,21,6,23],[8,4,24,16,12,20,10,14,22,9,13,21,6,15,23],[12,20,4,24,16,8,14,10,22,21,9,13,6,23],[16,8,4,20,24,12,10,14,22,21,9,13,6,23],[4,24,12,8,16,20,14,10,22,9,21,13,6,23],[8,20,16,12,4,24,10,14,22,9,13,21,6,15,23],[20,24,8,12,4,16,14,10,22,9,13,21,6,23],[12,24,16,4,20,8,10,14,22,9,13,21,6,15,23],[24,16,20,12,8,4,10,14,22,9,13,21,6,23],[4,8,12,16,24,20,10,14,22,21,9,13,6,15,23],[20,12,24,4,8,16,14,10,22,21,9,13,6,15,23],[8,20,16,12,24,4,14,10,22,21,9,13,6,15,23],[24,8,20,4,12,16,10,14,22,21,9,13,6,23],[4,8,16,20,24,12,14,10,22,9,13,21,6,15,23],[8,16,4,12,24,20,10,14,22,21,9,13,6,23],[4,8,12,24,20,16,14,10,22,9,21,13,6,15,23],[8,20,12,24,16,4,14,10,22,9,21,13,6,15,23],[20,24,4,12,16,8,14,10,22,21,9,13,6,23],[4,8,24,16,20,12,10,14,22,9,13,21,6,23],[16,4,12,24,20,8,14,10,22,9,21,13,6,23],[24,8,16,20,4,12,10,14,22,9,21,13,6,15,23],[8,16,4,24,20,12,10,14,22,9,13,21,6,23],[16,24,4,12,20,8,14,10,22,21,9,13,6,23],[12,8,20,24,16,4,14,10,22,9,21,13,6,23],[24,20,8,4,16,12,10,14,22,21,9,13,6,15,23],[24,8,4,20,16,12,10,14,22,21,9,13,6,15,23],[24,20,16,12,4,8,10,14,22,21,9,13,6,23],[4,20,8,16,24,12,14,10,22,9,21,13,6,15,23],[12,4,20,24,8,16,14,10,22,9,21,13,6,15,23],[16,12,8,4,24,20,10,14,22,9,21,13,6,15,23],[20,24,4,12,8,16,14,10,22,21,9,13,6,23],[4,12,20,8,24,16,14,10,22,21,9,13,6,23],[12,20,4,16,24,8,14,10,22,21,9,13,6,23],[20,16,12,24,4,8,14,10,22,9,21,13,6,15,23],[24,16,20,4,8,12,14,10,22,9,21,13,6,23],[8,20,16,12,4,24,14,10,22,21,9,13,6,23],[24,12,16,8,20,4,10,14,22,21,9,13,6,15,23],[12,16,24,20,8,4,10,14,22,9,13,21,6,23],[20,4,16,12,8,24,14,10,22,9,13,21,6,15,23],[20,16,24,4,12,8,10,14,22,9,21,13,6,15,23],[24,20,12,4,16,8,10,14,22,21,9,13,6,23],[24,12,20,8,4,16,14,10,22,9,21,13,6,15,23],[8,12,16,20,24,4,14,10,22,21,9,13,6,23],[24,20,8,4,16,12,10,14,22,21,9,13,6,15,23],[24,16,4,12,20,8,14,10,22,9,21,13,6,23],[20,24,12,4,16,8,10,14,22,21,9,13,6,23],[12,24,4,8,16,20,10,14,22,21,9,13,6,23],[24,16,8,4,20,12,10,14,22,21,9,13,6,15,23],[12,8,20,4,16,24,10,14,22,21,9,13,6,15,23],[16,24,12,20,8,4,14,10,22,21,9,13,6,23],[4,20,24,8,16,12,14,10,22,9,13,21,6,23],[20,4,16,24,12,8,10,14,22,21,9,13,6,23],[16,8,12,24,20,4,14,10,22,9,21,13,6,23],[20,8,24,4,16,12,10,14,22,21,9,13,6,23],[4,8,12,16,24,20,14,10,22,21,9,13,6,23],[8,16,4,12,24,20,14,10,22,9,21,13,6,15,23],[24,12,16,4,8,20,10,14,22,9,21,13,6,23],[16,12,8,20,4,24,14,10,22,9,13,21,6,23],[4,24,20,16,8,12,14,10,22,9,13,21,6,15,23],[8,20,12,16,4,24,10,14,22,21,9,13,6,15,23],[8,24,16,20,12,4,10,14,22,21,9,13,6,23],[4,20,24,8,16,12,14,10,22,21,9,13,6,15,23],[24,4,12,16,20,8,10,14,22,21,9,13,6,15,23],[8,24,12,20,16,4,10,14,22,9,13,21,6,23],[8,16,12,24,20,4,10,14,22,21,9,13,6,15,23],[20,16,4,8,12,24,10,14,22,9,21,13,6,15,23],[12,8,24,20,16,4,14,10,22,21,9,13,6,15,23],[24,20,12,4,8,16,10,14,22,21,9,13,6,23],[20,8,24,12,4,16,14,10,22,21,9,13,6,23],[12,8,20,24,16,4,14,10,22,9,21,13,6,23],[16,12,8,20,4,24,14,10,22,9,21,13,6,23],[20,8,16,24,12,4,14,10,22,21,9,13,6,15,23],[12,8,24,16,20,4,10,14,22,21,9,13,6,23],[12,16,4,20,8,24,10,14,22,9,21,13,6,23],[20,12,4,16,8,24,10,14,22,21,9,13,6,23],[16,4,12,24,8,20,14,10,22,21,9,13,6,15,23],[4,20,12,16,8,24,14,10,22,9,21,13,6,15,23],[12,16,8,4,24,20,10,14,22,21,9,13,6,23],[16,4,20,24,12,8,14,10,22,21,9,13,6,15,23],[24,8,12,4,16,20,10,14,22,9,21,13,6,15,23],[24,20,16,4,12,8,10,14,22,21,9,13,6,23],[16,12,20,24,8,4,14,10,22,9,13,21,6,15,23],[8,12,4,16,20,24,14,10,22,9,21,13,6,15,23],[20,4,16,12,8,24,14,10,22,9,21,13,6,23],[8,20,24,12,4,16,10,14,22,21,9,13,6,23],[12,24,20,16,8,4,14,10,22,21,9,13,6,15,23],[24,20,12,4,16,8,14,10,22,21,9,13,6,15,23],[12,16,8,4,20,24,14,10,22,9,21,13,6,23],[4,12,24,16,20,8,14,10,22,9,21,13,6,15,23],[4,24,12,20,8,16,10,14,22,9,13,21,6,23],[24,16,8,12,20,4,14,10,22,9,21,13,6,23],[24,4,8,16,12,20,10,14,22,21,9,13,6,15,23],[8,20,12,16,24,4,14,10,22,9,13,21,6,15,23],[4,24,20,16,12,8,10,14,22,21,9,13,6,15,23],[4,12,8,16,24,20,10,14,22,21,9,13,6,23],[24,16,8,4,20,12,14,10,22,9,13,21,6,15,23],[4,8,12,24,20,16,10,14,22,9,21,13,6,15,23],[8,20,12,16,24,4,10,14,22,21,9,13,6,23],[16,20,4,12,8,24,10,14,22,9,13,21,6,15,23],[16,8,24,20,4,12,10,14,22,21,9,13,6,15,23],[24,16,4,12,8,20,14,10,22,21,9,13,6,23],[12,8,16,24,4,20,14,10,22,9,21,13,6,15,23],[8,20,16,24,12,4,14,10,22,21,9,13,6,15,23],[12,20,24,8,16,4,10,14,22,21,9,13,6,23],[8,12,20,24,16,4,10,14,22,9,13,21,6,15,23],[4,24,20,16,8,12,14,10,22,9,13,21,6,15,23],[24,12,20,16,8,4,10,14,22,21,9,13,6,23],[8,20,24,4,16,12,10,14,22,9,13,21,6,15,23],[4,12,8,24,20,16,10,14,22,9,13,21,6,15,23],[12,20,4,16,8,24,14,10,22,21,9,13,6,15,23],[24,8,12,20,4,16,14,10,22,9,13,21,6,23],[24,12,4,20,16,8,14,10,22,9,21,13,6,23],[12,16