{"problem_id":"4qk0EiRGfCBS6CA","sigma":150,"alpha":1.000,"cost":1,"probabilities":"[0.16, 0.04, 0.21, 0.59]","payoff_matrix":"[[-287, -46, -80, 315, -30, -134], [-264, -297, 115, -59, -242, -176], [-28, 104, -25, 79, 271, -339], [24, -78, -133, 84, 83, -9]]","uncovered":[[24,12,8,20,4,16,19,15,13,17],[12,8,24,16,4,20,15,19,17],[20,24,8,16,4,12,19,15,17],[12,20,4,8,16,24,15,19,13,17],[16,20,12,4,24,8,19,15,17],[8,16,4,24,12,20,19,15,17],[8,4,12,24,20,16,15,19,13,17],[12,4,24,8,16,20,19,15,17],[4,20,8,12,24,16,15,19,17],[20,24,12,8,16,4,19,15,17],[20,4,16,12,8,24,15,19,17],[24,8,16,4,12,20,19,15,13,17],[24,12,4,8,16,20,15,19,13,17],[12,16,24,8,4,20,19,15,13,17],[24,8,16,4,20,12,19,15,13,17],[20,4,12,16,8,24,15,19,13,17],[24,12,20,16,8,4,15,19,17],[12,16,8,24,20,4,15,19,13,17],[12,20,4,24,8,16,15,19,17],[24,4,8,12,20,16,19,15,17],[8,4,24,12,20,16,19,15,17],[16,20,8,4,12,24,19,15,13,17],[8,12,16,4,24,20,19,15,17],[4,12,20,16,8,24,19,15,13,17],[16,12,24,8,4,20,15,19,17],[12,24,8,20,4,16,15,19,13,17],[20,8,4,16,12,24,19,15,17],[12,16,24,4,20,8,15,19,13,17],[24,4,12,8,16,20,19,15,13,17],[20,24,4,12,16,8,15,19,13,17],[12,4,8,16,20,24,15,19,13,17],[8,4,20,16,24,12,19,15,13,17],[20,16,24,8,12,4,15,19,13,17],[16,24,8,4,12,20,15,19,13,17],[8,16,20,4,12,24,19,15,17],[8,16,24,4,12,20,15,19,17],[12,16,4,20,8,24,15,19,13,17],[12,20,8,24,4,16,15,19,13,17],[4,12,16,8,24,20,19,15,13,17],[20,24,16,12,4,8,19,15,17],[4,16,20,8,24,12,19,15,13,17],[16,4,8,20,12,24,15,19,17],[20,16,8,24,12,4,19,15,13,17],[20,12,8,24,4,16,15,19,17],[12,24,4,8,20,16,15,19,17],[20,12,24,4,8,16,15,19,13,17],[4,16,8,24,20,12,15,19,17],[4,12,16,8,24,20,19,15,17],[20,16,4,24,12,8,19,15,13,17],[4,24,12,20,16,8,15,19,17],[4,20,12,8,16,24,15,19,17],[4,20,8,16,24,12,19,15,13,17],[8,24,20,12,4,16,19,15,13,17],[20,16,8,24,12,4,19,15,17],[12,16,4,24,20,8,15,19,17],[8,16,12,20,4,24,15,19,13,17],[12,8,16,20,24,4,19,15,17],[20,16,8,12,24,4,19,15,13,17],[24,16,4,20,12,8,19,15,17],[16,20,4,12,24,8,19,15,13,17],[12,4,16,20,24,8,15,19,13,17],[20,24,4,8,16,12,15,19,13,17],[16,20,4,8,24,12,19,15,17],[12,8,16,24,20,4,19,15,13,17],[4,12,8,16,20,24,15,19,17],[12,8,20,16,24,4,15,19,17],[8,16,4,24,12,20,19,15,17],[12,4,8,20,16,24,19,15,17],[12,24,8,20,4,16,15,19,17],[8,4,16,12,20,24,15,19,17],[24,16,4,8,12,20,15,19,17],[16,8,12,24,4,20,15,19,13,17],[24,8,16,12,4,20,15,19,17],[8,16,4,24,20,12,15,19,13,17],[12,24,16,8,20,4,19,15,13,17],[24,4,12,16,20,8,19,15,13,17],[20,16,8,12,24,4,15,19,17],[12,20,8,16,24,4,19,15,13,17],[12,20,4,8,24,16,15,19,17],[20,12,4,16,24,8,19,15,13,17],[8,20,16,4,12,24,15,19,13,17],[24,12,4,8,16,20,15,19,17],[12,4,24,16,8,20,15,19,17],[4,24,8,16,12,20,15,19,17],[24,4,8,12,16,20,15,19,17],[4,12,20,24,16,8,15,19,17],[24,12,4,16,20,8,15,19,13,17],[8,24,4,12,16,20,15,19,17],[20,24,8,4,12,16,19,15,17],[12,16,24,20,8,4,19,15,17],[4,24,12,20,16,8,19,15,17],[4,16,12,8,20,24,15,19,17],[24,4,16,12,8,20,15,19,17],[24,12,4,20,8,16,15,19,17],[4,8,20,16,12,24,15,19,13,17],[20,16,24,4,12,8,15,19,17],[20,24,8,16,12,4,15,19,13,17],[12,24,20,8,4,16,15,19,13,17],[4,20,8,16,12,24,15,19,13,17],[8,24,16,4,12,20,19,15,13,17],[24,8,16,20,4,12,19,15,13,17],[16,20,4,8,12,24,19,15,17],[16,8,20,24,4,12,19,15,17],[12,20,4,16,24,8,15,19,17],[4,16,24,12,8,20,15,19,13,17],[4,12,24,16,8,20,19,15,17],[12,8,16,4,24,20,19,15,13,17],[20,8,12,4,24,16,19,15,17],[20,8,16,24,12,4,15,19,17],[24,4,8,20,12,16,15,19,13,17],[24,8,16,4,12,20,19,15,13,17],[24,16,4,12,8,20,19,15,13,17],[20,16,8,4,12,24,19,15,13,17],[4,16,24,20,12,8,19,15,13,17],[4,8,24,20,12,16,19,15,17],[12,20,8,16,4,24,19,15,17],[24,4,12,16,20,8,19,15,13,17],[12,20,24,4,16,8,15,19,13,17],[4,8,24,20,12,16,19,15,17],[12,8,16,20,4,24,19,15,17],[20,4,8,12,16,24,15,19,13,17],[16,8,20,24,12,4,19,15,17],[24,8,4,16,20,12,19,15,13,17],[16,20,4,8,24,12,15,19,13,17],[20,16,12,24,4,8,19,15,17],[8,16,4,20,12,24,15,19,17],[4,12,24,16,20,8,19,15,13,17],[20,4,24,16,8,12,19,15,17],[20,12,24,4,16,8,15,19],[4,12,20,8,16,24,15,19,17],[8,24,16,20,4,12,19,15,17],[4,20,12,24,16,8,19,15,13,17],[8,20,12,24,4,16,19,15,13,17],[12,8,24,4,20,16,15,19,17],[20,4,24,8,12,16,19,15,17],[12,4,8,16,24,20,19,15,13,17],[16,24,12,4,20,8,15,19,17],[8,4,24,16,20,12,19,15,13,17],[12,8,20,24,4,16,19,15,17],[16,24,20,4,12,8,15,19,13,17],[8,24,16,4,20,12,19,15,17],[12,16,4,8,24,20,19,15,17],[12,20,24,8,4,16,15,19,17],[12,16,4,8,20,24,15,19,13,17],[12,24,8,4,16,20,19,15,17],[20,8,4,12,24,16,15,19,13,17],[24,4,12,20,8,16,19,15,13,17],[4,20,12,16,24,8,19,15,17],[16,8,24,20,4,12,19,15,17],[12,8,24,4,16,20,19,15,17],[20,16,4,8,24,12,19,15,17],[8,12,4,20,24,16,15,19,17],[4,12,20,8,24,16,19,15,13,17],[16,4,8,20,24,12,15,19,17],[24,16,20,4,8,12,15,19,17],[16,12,24,20,8,4,19,15,17],[16,12,24,4,8,20,19,15,17],[20,24,12,16,4,8,19,15,13,17],[8,12,16,24,4,20,15,19,17],[12,4,24,8,20,16,19,15,13,17],[20,24,8,4,16,12,15,19,17],[20,12,24,8,16,4,15,19,13,17],[20,16,12,8,24,4,15,19,13,17],[12,16,20,8,4,24,19,15,17],[4,16,20,24,12,8,19,15,17],[16,8,12,24,4,20,19,15,17],[16,8,4,20,12,24,15,19,17],[12,4,20,24,16,8,15,19,13,17],[24,16,12,8,4,20,15,19,13,17],[8,16,4,24,12,20,19,15,13,17],[12,24,8,4,20,16,19,15,13,17],[16,12,20,8,4,24,19,15,17],[8,24,4,20,12,16,15,19,17],[20,16,4,8,12,24,19,15,13,17],[12,8,4,24,16,20,15,19,17],[20,16,24,4,12,8,19,15,17],[20,12,16,8,4,24,15,19,13,17],[12,20,4,24,8,16,19,15,13,17],[24,12,4,8,20,16,15,19,17],[16,20,12,4,8,24,15,19,17],[20,4,24,12,8,16,19,15,17],[8,24,16,20,4,12,19,15,17],[16,8,4,12,24,20,15,19,13,17],[20,8,16,12,24,4,15,19,13,17],[8,20,24,12,16,4,19,15,13,17],[8,24,4,16,12,20,15,19,13,17],[24,12,20,4,8,16,19,15,13,17],[24,8,12,20,4,16,15,19,13,17],[4,20,12,8,16,24,15,19,17],[12,24,16,8,4,20,15,19,13,17],[24,16,12,4,20,8,15,19,13,17],[4,20,8,16,24,12,19,15,17],[16,24,20,8,12,4,19,15,17],[24,20,12,16,4,8,15,19,17],[20,12,8,4,24,16,19,15,17],[20,4,16,24,12,8,15,19,17],[4,24,8,20,12,16,15,19,13,17],[24,12,8,20,4,16,19,15,13,17],[20,16,12,8,4,24,19,15,17],[24,12,8,16,4,20,19,15,13,17],[12,8,16,4,20,24,19,15,13,17],[24,4,20,16,8,12,15,19,17],[20,4,8,16,12,24,15,19,17],[24,12,8,4,16,20,15,19,13,17],[20,12,24,4,8,16,19,15,17],[24,16,4,8,20,12,19,15,13,17],[4,20,12,16,24,8,19,15,17],[20,8,4,12,24,16,15,19,13,17],[24,16,12,8,4,20,19,15,13,17],[16,24,20,8,4,12,15,19,17],[20,4,16,24,12,8,19,15,13,17],[12,24,4,8,16,20,15,19,13,17],[16,20,12,4,8,24,15,19,13,17],[24,20,16,12,8,4,15,19,17],[20,16,24,8,4,12,15,19,17],[20,24,4,12,16,8,15,19,17],[12,24,4,16,20,8,15,19,13,17],[24,20,8,12,4,16,15,19,17],[16,12,8,20,4,24,15,19,13,17],[12,4,24,16,8,20,15,19,17],[24,20,8,4,16,12,19,15,13,17],[20,4,16,24,12,8,15,19,13,17],[12,20,24,16,4,8,15,19,13,17],[4,16,12,24,20,8,19,15,17],[4,24,8,16,12,20,15,19,13,17],[16,4,20,8,24,12,15,19,17],[4,12,20,24,8,16,19,15,17],[16,12,4,24,20,8,19,15,17],[16,20,12,8,24,4,15,19,17],[24,4,8,16,20,12,19,15,13,17],[24,12,4,8,20,16,19,15,13,17],[4,20,12,16,24,8,15,19,17],[16,20,12,8,24,4,19,15,17],[20,8,24,4,16,12,19,15,13,17],[12,16,4,8,24,20,19,15,17],[12,4,8,20,24,16,15,19,17],[12,20,4,8,24,16,15,19,13,17],[16,4,20,12,24,8,19,15,17],[8,12,4,20,24,16,19,15,17],[4,24,12,16,20,8,19,15,17],[20,24,12,4,16,8,19,15,13,17],[4,12,16,24,8,20,19,15,17],[16,4,24,12,20,8,15,19,13,17],[12,16,20,8,4,24,19,15,17],[8,24,4,12,20,16,15,19,13,17],[20,8,4,12,16,24,15,19,13,17],[4,24,8,16,12,20,15,19,17],[16,12,8,20,24,4,15,19,17],[8,20,24,4,16,12,19,15,17],[8,24,4,16,12,20,15,19,17],[12,20,8,16,4,24,19,15,13,17],[20,24,8,12,4,16,19,15,13,17],[20,4,12,24,16,8,19,15,13,17],[20,16,8,4,12,24,15,19,13,17],[12,24,16,4,8,20,19,15,17],[16,8,4,24,12,20,19,15,17],[4,8,24,12,20,16,15,19,13,17],[12,8,16,24,20,4,19,15,17],[4,16,12,8,24,20,15,19,13,17],[16,20,12,4,8,24,15,19,13,17],[24,20,12,4,16,8,19,15,17],[8,24,4,20,16,12,19,15,17],[24,16,20,8,4,12,19,15,17],[8,20,12,16,4,24,15,19,13,17],[20,16,4,8,24,12,19,15,17],[12,4,16,8,24,20,19,15,13,17],[8,16,4,24,12,20,19,15,13,17],[4,12,16,8,20,24,19,15,17],[4,12,8,24,16,20,15,19,13,17],[24,16,8,12,4,20,15,19,13,17],[8,4,12,24,16,20,15,19,13,17],[4,24,8,12,20,16,19,15,13,17],[4,24,16,8,12,20,19,15,17],[12,24,8,4,20,16,19,15,13,17],[24,4,16,8,12,20,15,19,13,17],[4,16,8,24,20,12,19,15,13,17],[8,20,4,12,24,16,19,15,13,17],[16,24,12,20,4,8,19,15,13,17],[4,24,12,8,20,16,19,15,13,17],[4,24,20,12,16,8,15,19,13,17],[4,8,24,16,12,20,19,15,17],[4,16,20,8,24,12,15,19,13,17],[20,16,12,24,8,4,15,19,13,17],[12,16,24,20,8,4,19,15,13,17],[16,12,4,20,8,24,19,15,13,17],[8,4,16,20,12,24,15,19,17],[4,24,16,8,12,20,15,19,17],[8,16,4,20,12,24,19,15,17],[16,24,12,20,4,8,19,15,13,17],[8,4,20,16,24,12,15,19,17],[8,4,24,16,20,12,19,15,17],[12,4,8,20,24,16,19,15,17],[12,16,24,20,8,4,19,15,17],[24,16,4,12,20,8,19,15,17],[20,12,24,16,4,8,15,19,13,17],[16,8,4,20,12,24,19,15,13,17],[8,12,24,4,20,16,15,19,13,17],[20,12,24,8,16,4,15,19,17],[20,12,8,24,4,16,19,15,17],[20,4,16,24,8,12,19,15,13,17],[24,12,8,4,16,20,15,19,13,17],[8,20,16,4,24,12,19,15,17],[16,20,8,4,12,24,15,19,13,17],[8,20,4,12,16,24,19,15,13,17],[16,20,4,8,12,24,19,15,13,17],[12,16,4,8,20,24,15,19,17],[20,12,24,16,8,4,19,15,17],[24,4,12,20,8,16,19,15,13,17],[4,16,24,12,8,20,19,15,13,17],[24,16,20,12,4,8,15,19,13,17],[4,12,16,24,20,8,15,19,13,17],[8,16,12,4,24,20,19,15,17],[16,24,8,20,12,4,19,15,17],[20,24,8,4,16,12,15,19,13,17],[24,16,12,4,20,8,15,19,13,17],[4,20,8,16,24,12,15,19,13,17],[16,24,12,20,4,8,15,19,13,17],[8,16,24,4,20,12,15,19,13,17],[20,8,12,24,4,16,19,15,17],[24,16,4,12,8,20,15,19,13,17],[16,8,12,4,24,20,15,19,17],[16,24,12,20,8,4,15,19,17],[8,16,12,24,20,4,15,19,17],[8,4,24,12,20,16,19,15,13,17],[12,20,8,24,16,4,15,19,13,17],[4,16,24,12,8,20,19,15,13,17],[4,20,24,16,8,12,19,15],[12,24,8,4,16,20,19,15,17],[8,20,4,16,24,12,19,15,17],[8,24,4,16,12,20,19,15,13,17],[4,8,20,12,16,24,19,15,13,17],[4,16,20,8,24,12,15,19,13,17],[12,24,8,20,16,4,15,19,17],[24,12,8,16,20,4,15,19,13,17],[4,16,24,12,8,20,19,15,17],[16,12,4,20,8,24,15,19,17],[8,4,20,16,24,12,19,15,13,17],[24,12,4,8,20,16,15,19,13,17],[4,12,20,16,8,24,19,15,17],[8,16,12,20,24,4,19,15,17],[24,8,16,4,20,12,15,19,17],[8,24,4,20,12,16,19,15,13,17],[16,4,20,8,12,24,19,15,17],[20,4,12,8,16,24,19,15,13,17],[24,4,20,8,12,16,19,15,17],[4,16,12,20,8,24,15,19,17],[4,12,8,24,20,16,19,15,17],[20,4,12,8,24,16,15,19,17],[12,8,20,4,24,16,19,15,17],[12,24,8,16,4,20,15,19,17],[12,8,4,20,24,16,19,15,17],[16,8,4,24,20,12,15,19,17],[8,12,4,20,24,16,15,19,17],[20,12,4,8,16,24,15,19,17],[8,16,24,20,4,12,19,15,17],[24,20,4,12,8,16,15,19,17],[4,20,16,12,8,24,15,19,17],[8,24,12,16,20,4,19,15,17],[8,4,24,16,12,20,15,19,17],[4,24,16,8,20,12,15,19,17],[16,24,20,4,12,8,19,15,17],[24,16,4,8,20,12,15,19,13,17],[24,20,16,12,8,4,19,15,17],[4,12,8,24,20,16,19,15,13,17],[16,12,4,24,8,20,19,15,13,17],[4,20,12,16,24,8,15,19,13,17],[4,12,8,20,24,16,15,19,17],[12,20,4,8,16,24,19,15,17],[12,8,20,24,4,16,19,15,13,17],[24,16,4,12,8,20,15,19,13,17],[24,4,20,8,12,16,19,15,17],[4,8,12,24,16,20,19,15,17],[8,4,16,20,24,12,19,15,17],[4,24,8,12,20,16,19,15,17],[20,16,8,24,12,4,19,15,13,17],[20,16,12,8,4,24,19,15,17],[12,20,16,24,4,8,19,15,13,17],[16,8,20,24,12,4,19,15,17],[4,8,16,20,24,12,19,15,17],[24,16,4,8,20,12,19,15,13,17],[12,24,16,8,4,20,19,15,13,17],[20,8,4,24,16,12,19,15,17],[4,24,8,20,12,16,19,15,17],[4,24,16,20,8,12,15,19,17],[24,20,4,12,16,8,15,19,17],[8,16,12,20,24,4,19,15,13,17],[24,4,20,16,8,12,19,15,13,17],[12,24,4,16,8,20,19,15,13,17],[12,8,16,20,24,4,15,19,17],[16,12,8,4,20,24,19,15,17],[12,20,8,24,16,4,15,19,13,17],[16,24,4,20,8,12,15,19,13,17],[8,4,24,12,16,20,19,15,13,17],[12,24,8,20,4,16,15,19,17],[16,12,8,20,24,4,19,15,17],[20,8,4,24,16,12,15,19,13,17],[16,20,8,4,24,12,15,19,13,17],[20,24,12,4,8,16,19,15,13,17],[8,24,20,12,4,16,19,15,17],[24,20,12,16,8,4,15,19,17],[8,12,20,16,4,24,15,19,17],[20,12,16,8,4,24,19,15,13,17],[24,4,8,20,12,16,15,19,17],[20,4,16,8,12,24,19,15,17],[12,20,8,16,24,4,19,15,13,17],[20,12,16,8,4,24,19,15,17],[4,12,16,24,20,8,15,19,17],[20,24,16,8,4,12,15,19,13,17],[4,8,12,24,16,20,15,19,13,17],[24,8,20,16,4,12,19,15,17],[16,4,12,20,8,24,19,15,13,17],[8,4,24,16,20,12,19,15,13,17],[12,20,16,4,24,8,15,19,17],[8,16,24,20,4,12,19,15],[4,16,24,20,12,8,15,19,13,17],[16,24,8,20,12,4,19,15,17],[24,16,4,8,20,12,19,15,17],[24,4,20,8,12,16,19,15,17],[12,20,4,8,16,24,15,19,17],[16,4,20,8,24,12,19,15,17],[12,24,4,8,16,20,19,15,17],[20,4,8,12,24,16,15,19,17],[8,4,16,24,20,12,19,15,17],[4,24,8,20,12,16,15,19,17],[20,4,16,8,12,24,15,19,17],[8,20,24,12,4,16,15,19,13,17],[20,24,8,12,4,16,15,19,17],[8,24,16,20,4,12,19,15,13,17],[24,8,20,16,12,4,19,15,13,17],[4,8,16,24,12,20,15,19,17],[8,4,20,24,16,12,19,15,17],[24,16,20,4,12,8,19,15,13,17],[8,20,4,24,16,12,19,15,17],[24,20,16,12,8,4,15,19,17],[4,24,8,16,12,20,15,19,17],[16,8,20,12,4,24,15,19,13,17],[12,20,4,16,24,8,19,15,17],[20,24,16,12,8,4,19,15,13,17],[8,24,20,12,4,16,19,15,17],[12,24,8,20,16,4,19,15,13,17],[8,16,20,4,12,24,15,19,17],[8,4,16,24,12,20,19,15,13,17],[16,20,4,24,12,8,19,15,17],[20,12,16,24,4,8,19,15,17],[20,4,16,24,12,8,15,19,17],[24,8,4,20,16,12,19,15,13,17],[4,16,12,20,8,24,15,19,17],[24,20,4,8,12,16,15,19,13,17],[24,12,16,4,20,8,19,15,13,17],[20,16,24,4,8,12,19,15,13,17],[12,16,8,24,4,20,15,19,17],[16,8,12,4,20,24,19,15,17],[4,20,16,24,12,8,15,19,13,17],[12,4,24,16,8,20,15,19,13,17],[20,8,24,4,16,12,15,19,13,17],[16,12,8,20,4,24,15,19,13,17],[16,20,12,24,8,4,19,15,13,17],[4,24,8,12,20,16,15,19,17],[8,24,16,20,4,12,19,15,17],[24,8,12,4,20,16,19,15,13,17],[8,12,16,24,4,20,15,19,13,17],[12,20,16,24,8,4,19,15,17],[20,12,24,8,16,4,19,15,13,17],[20,12,8,4,24,16,15,19,13,17],[16,20,4,12,8,24,15,19,13,17],[16,12,24,4,20,8,15,19,13,17],[24,8,20,16,12,4,15,19,17],[24,12,20,16,4,8,15,19,13,17],[20,4,8,16,12,24,19,15,17],[12,16,8,24,20,4,19,15,13,17],[8,12,24,16,4,20,15,19,13,17],[20,8,12,4,16,24,19,15,13,17],[16,24,4,12,8,20,19,15,13,17],[24,20,4,8,16,12,15,19,13,17],[16,4,20,8,24,12,15,19,13,17],[24,12,16,20,8,4,15,19,17],[16,12,24,8,4,20,15,19,17],[8,20,4,24,12,16,15,19,13,17],[4,8,12,24,16,20,19,15,13,17],[24,20,8,16,4,12,19,15,13,17],[4,8,24,20,16,12,19,15,17],[20,24,4,8,16,12,15,19,13,17],[16,8,24,12,4,20,15,19,13,17],[16,20,8,24,12,4,19,15,17],[12,8,4,24,16,20,19,15,17],[8,20,24,16,12,4,15,19,17],[8,12,4,24,16,20,15,19,13,17],[4,12,8,16,20,24,15,19,17],[12,16,20,4,8,24,15,19,13,17],[4,8,24,20,12,16,19,15,17],[12,4,16,8,20,24,19,15,17],[4,8,24,12,16,20,15,19,17],[20,24,8,16,4,12,19,15,13,17],[20,12,16,24,4,8,15,19,13,17],[20,4,12,24,16,8,19,15,13,17],[4,24,8,12,16,20,15,19,17],[16,20,8,24,4,12,15,19,13,17],[8,16,4,24,20,12,19,15,13,17],[16,20,8,12,24,4,19,15,17],[16,8,12,4,24,20,15,19,13,17],[4,16,8,24,12,20,15,19,17],[16,8,24,4,12,20,19,15,13,17],[16,20,4,8,24,12,19,15,17],[12,16,4,24,20,8,15,19,17],[20,4,24,12,8,16,15,19,13,17],[20,24,12,16,8,4,19,15,17],[20,16,24,8,12,4,19,15,13,17],[16,24,12,4,8,20,19,15,13,17],[16,24,12,4,8,20,19,15,17],[12,24,16,8,20,4,19,15,13,17],[20,12,8,4,16,24,15,19,17],[8,16,24,12,20,4,15,19,13,17],[8,16,24,20,4,12,19,15,17],[12,8,20,4,16,24,19,15,13,17],[16,8,4,20,12,24,19,15,17],[20,24,8,4,12,16,19,15,17],[12,20,4,16,8,24,15,19,17],[24,4,12,8,16,20,15,19,13,17],[16,24,8,4,20,12,19,15,17],[20,16,24,4,12,8,15,19,17],[4,12,16,8,20,24,19,15,17],[20,16,8,12,24,4,15,19,13,17],[20,16,8,24,4,12,15,19,13,17],[20,4,24,12,16,8,19,15,13,17],[16,8,24,12,4,20,19,15,17],[12,4,8,24,20,16,19,15,13,17],[24,8,12,20,4,16,19,15,13,17],[20,16,4,8,24,12,15,19,13,17],[24,12,20,4,16,8,15,19,17],[20,24,4,16,12,8,15,19,17],[12,8,20,4,24,16,19,15,17],[24,8,20,16,12,4,19,15,13,17],[4,20,16,12,24,8,19,15,13,17],[24,20,8,4,12,16,19,15,17],[12,8,4,16,24,20,19,15,17],[20,8,24,4,12,16,15,19,17],[20,12,8,24,16,4,15,19,17],[20,24,8,4,16,12,19,15,13,17],[4,20,24,8,12,16,19,15,13,17],[20,16,24,4,12,8,15,19,13,17],[8,24,4,12,16,20,15,19,13,17],[12,4,8,24,16,20,19,15,17],[8,16,24,20,4,12,15,19,13,17],[20,8,16,12,4,24,15,19,17],[4,20,16,12,8,24,15,19,13,17],[16,4,8,20,12,24,19,15,13,17],[20,16,24,12,8,4,15,19,13,17],[4,12,16,24,8,20,15,19,13,17],[8,16,12,24,20,4,15,19,17],[4,16,8,24,20,12,15,19,13,17],[24,8,20,16,4,12,15,19,13,17],[16,8,12,20,4,24,15,19,13,17],[16,4,20,12,24,8,15,19,13,17],[12,20,24,4,16,8,19,15,13,17],[20,12,24,4,8,16,15,19,17],[8,12,24,16,20,4,15,19,17],[16,4,12,24,8,20,19,15,13,17],[4,24,12,8,16,20,15,19,13,17],[12,16,4,24,8,20,15,19,13,17],[4,20,8,12,24,16,15,19,13,17],[20,4,24,8,12,16,19,15,13,17],[24,12,8,4,20,16,19,15,13,17],[8,16,20,12,4,24,19,15,13,17],[4,20,24,16,12,8,15,19,17],[24,12,8,4,20,16,19,15,17],[4,12,24,16,20,8,19,15,17],[16,4,12,24,8,20,19,15,13,17],[24,8,12,4,16,20,15,19,17],[16,24,12,4,8,20,19,15,17],[16,12,4,24,20,8,15,19,17],[12,16,20,4,8,24,19,15,17],[4,12,20,24,8,16,15,19,17],[12,8,4,20,16,24,15,19,13,17],[24,4,20,16,8,12,15,19,13,17],[24,16,4,8,12,20,19,15,13,17],[16,20,24,4,8,12,19,15,13,17],[8,16,24,12,4,20,19,15,17],[24,8,4,16,20,12,19,15,13,17],[20,4,12,24,8,16,19,15,13,17],[4,24,16,8,12,20,15,19,13,17],[16,4,24,20,12,8,19,15,13,17],[4,12,8,20,16,24,19,15,13,17],[8,24,12,16,20,4,19,15,13,17],[8,4,12,20,24,16,19,15,13,17],[16,12,24,8,4,20,15,19,17],[8,4,24,12,20,16,19,15,13,17],[20,8,12,16,4,24,19,15,17],[4,12,8,20,16,24,15,19,17],[24,12,16,4,8,20,19,15,13,17],[24,8,4,16,20,12,15,19,13,17],[8,16,24,12,20,4,15,19,17],[8,12,20,4,16,24,19,15,13,17],[12,24,20,4,8,16,19,15,17],[4,20,8,12,24,16,19,15,13,17],[12,20,16,8,4,24,15,19,13,17],[8,20,4,24,12,16,19,15,13,17],[20,24,16,12,8,4,15,19,13,17],[24,16,12,20,4,8,15,19,13,17],[4,12,20,24,16,8,15,19,13,17],[12,8,16,4,20,24,15,19,13,17],[24,12,4,8,16,20,19,15],[16,4,24,12,20,8,15,19,17],[20,4,8,24,16,12,19,15,13,17],[20,16,12,24,4,8,15,19,17],[24,16,8,20,4,12,15,19,17],[16,8,4,20,24,12,15,19,13,17],[4,24,8,20,12,16,15,19,17],[24,12,4,8,16,20,19,15,17],[16,24,12,4,20,8,15,19,13,17],[16,8,20,12,4,24,19,15,13,17],[16,8,24,20,12,4,19,15,17],[12,4,24,8,20,16,15,19,17],[12,8,20,24,16,4,19,15,17],[16,8,4,24,12,20,19,15,13,17],[12,16,4,20,8,24,19,15,13,17],[12,8,24,20,16,4,15,19,17],[12,24,16,4,20,8,19,15,13,17],[12,20,4,8,16,24,15,19,13,17],[24,8,16,12,4,20,15,19,13,17],[12,20,24,8,4,16,15,19,17],[16,20,12,8,4,24,19,15,17],[4,12,24,20,8,16,19,15,13,17],[12,24,20,4,16,8,15,19,17],[12,8,20,16,24,4,19,15,13,17],[16,4,8,24,20,12,19,15,17],[16,20,4,8,24,12,15,19,13,17],[20,4,16,24,8,12,19,15,17],[12,16,20,24,4,8,19,15,17],[4,24,20,12,16,8,19,15,17],[4,24,12,20,16,8,19,15,13,17],[16,24,12,4,8,20,15,19,13,17],[24,4,20,8,12,16,19,15,17],[16,8,4,12,20,24,19,15,17],[24,4,20,16,8,12,15,19,13,17],[8,4,12,24,16,20,19,15,17],[12,16,24,4,20,8,19,15,13,17],[20,24,16,12,8,4,19,15,17],[8,4,24,12,16,20,19,15,13,17],[16,4,8,12,24,20,15,19,17],[16,12,24,4,20,8,19,15,17],[16,12,8,4,24,20,15,19,13,17],[8,4,16,12,24,20,15,19,17],[8,4,20,24,16,12,15,19,13,17],[16,8,24,20,4,12,19,15,17],[24,12,8,16,20,4,19,15,13,17],[4,12,24,8,16,20,19,15,13,17],[20,16,8,24,12,4,15,19,17],[16,12,8,20,4,24,19,15,17],[4,16,24,20,12,8,19,15,17],[12,4,24,20,8,16,15,19,13,17],[4,24,20,12,16,8,15,19,17],[8,20,4,16,24,12,15,19,17],[24,4,8,16,12,20,15,19,17],[4,12,24,8,20,16,15,19,13,17],[8,4,12,24,20,16,15,19,17],[12,4,20,24,16,8,19,15,17],[12,20,8,4,24,16,19,15,13,17],[24,8,4,12,20,16,15,19,17],[16,24,4,12,8,20,15,19,17],[24,20,16,8,4,12,19,15,13,17],[20,16,12,4,24,8,15,19,13,17],[8,12,4,16,20,24,15,19,17],[16,4,8,24,12,20,19,15,17],[16,24,4,12,8,20,19,15,17],[20,12,4,16,8,24,15,19,17],[12,16,8,20,4,24,15,19,13,17],[8,16,4,12,20,24,15,19,17],[8,20,16,4,24,12,15,19,17],[4,8,20,24,16,12,15,19,13,17],[16,20,8,24,12,4,15,19,13,17],[4,24,8,20,12,16,19,15,13,17],[20,24,16,8,4,12,19,15,17],[24,4,12,8,20,16,15,19,17],[20,16,12,24,4,8,19,15,13,17],[4,8,16,24,20,12,19,15,17],[12,8,20,4,24,16,19,15,17],[8,16,4,24,12,20,15,19,13,17],[12,4,24,16,8,20,15,19,17],[12,16,20,24,4,8,15,19,17],[8,16,24,4,20,12,19,15,13,17],[24,20,4,8,16,12,15,19,13,17],[20,12,4,16,24,8,15,19,17],[16,20,4,12,8,24,15,19,13,17],[8,12,16,20,24,4,15,19,13,17],[20,4,24,8,12,16,19,15,17],[20,8,16,24,12,4,19,15,13,17],[16,20,8,12,4,24,19,15,13,17],[16,12,20,24,4,8,19,15,17],[8,12,24,16,4,20,19,15,17],[16,4,24,20,8,12,19,15,17],[12,4,16,20,8,24,19,15,13,17],[12,20,16,4,8,24,19,15,17],[8,20,16,24,12,4,19,15,17],[8,24,12,4,16,20,19,15,17],[16,8,24,4,20,12,19,15,13,17],[24,4,16,12,20,8,15,19,13,17],[20,8,12,16,4,24,19,15,17],[12,4,20,24,8,16,15,19,13,17],[16,8,4,24,12,20,19,15,13,17],[20,4,24,12,8,16,19,15,13,17],[4,12,24,8,16,20,15,19,17],[16,24,4,12,8,20,19,15,17],[20,8,16,24,4,12,15,19,13,17],[12,16,20,4,8,24,15,19,17],[12,8,24,20,4,16,19,15,17],[24,20,16,8,12,4,19,15,17],[24,8,4,20,12,16,15,19,17],[12,20,24,4,8,16,15,19,17],[4,20,16,8,24,12,15,19,17],[20,4,12,8,24,16,15,19,13,17],[12,20,16,8,4,24,19,15,13,17],[24,4,20,12,16,8,19,15,17],[8,20,16,12,24,4,15,19,17],[20,4,16,24,12,8,19,15,17],[8,16,24,20,4,12,19,15,17],[12,20,4,16,8,24,19,15,13,17],[8,12,4,20,16,24,19,15,17],[12,4,24,8,16,20,15,19,13,17],[24,8,16,4,12,20,15,19,17],[8,12,4,24,20,16,19,15,17],[24,8,20,12,4,16,15,19,17],[4,16,24,12,8,20,15,19,17],[20,8,4,16,24,12,15,19,13,17],[12,20,16,4,24,8,19,15,17],[16,4,12,24,20,8,19,15,17],[24,12,8,16,20,4,15,19,17],[16,12,4,8,20,24,15,19,17],[20,24,4,8,12,16,19,15,13,17],[8,20,4,24,16,12,19,15,13,17],[8,4,12,16,20,24,19,15,13,17],[16,24,12,20,8,4,19,15,13,17],[24,8,20,16,4,12,15,19,17],[20,4,24,8,12,16,19,15,17],[24,4,8,12,16,20,19,15,13,17],[20,4,12,8,16,24,15,19,13,17],[24,16,8,20,4,12,19,15,13,17],[12,8,16,20,4,24,19,15,17],[12,4,24,20,16,8,19,15,17],[4,16,12,20,8,24,19,15,13,17],[20,4,12,24,16,8,15,19,13,17],[8,20,24,4,12,16,19,15,13,17],[12,8,24,16,4,20,19,15,13,17],[16,8,20,12,24,4,15,19,13,17],[16,8,20,12,4,24,15,19,17],[16,12,8,20,4,24,19,15,13,17],[12,4,24,8,16,20,19,15,13,17],[24,16,4,8,12,20,15,19,13,17],[20,4,24,16,8,12,15,19,17],[20,24,8,16,12,4,15,19,17],[20,12,4,8,24,16,15,19,17],[12,16,24,20,4,8,15,19,13,17],[8,12,4,20,24,16,15,19,13,17],[20,16,4,12,8,24,19,15,13,17],[16,20,8,24,4,12,15,19,17],[4,20,16,12,24,8,19,15,13,17],[24,4,16,8,20,12,19,15,17],[4,12,20,24,8,16,19,15,13,17],[4,8,16,12,20,24,19,15,13,17],[12,24,8,16,4,20,19,15,17],[16,12,24,4,20,8,15,19,17],[4,20,16,8,24,12,19,15,13,17],[16,12,24,4,20,8,19,15,13,17],[24,8,20,4,16,12,19,15,17],[16,4,8,12,24,20,19,15,13,17],[4,12,16,8,20,24,15,19,17],[4,8,16,12,24,20,19,15,17],[20,24,4,16,12,8,15,19,13,17],[8,20,12,4,16,24,19,15,13,17],[24,4,16,20,8,12,15,19,17],[12,8,24,20,4,16,15,19,17],[4,20,16,12,8,24,19,15,17],[16,24,8,20,4,12,15,19,13,17],[8,12,4,16,20,24,19,15,13,17],[16,12,20,24,8,4,15,19,17],[8,24,4,16,20,12,19,15,17],[24,20,12,8,4,16,19,15,17],[24,4,16,20,8,12,15,19,13,17],[24,16,8,20,12,4,15,19,13,17],[16,20,24,4,8,12,15,19,17],[20,8,16,12,4,24,15,19,13,17],[8,24,16,12,20,4,15,19,13,17],[20,4,24,8,12,16,15,19,13,17],[12,16,8,4,24,20,19,15,17],[12,24,8,4,20,16,15,19,17],[12,4,16,24,20,8,19,15,17],[8,12,24,20,16,4,19,15,17],[20,24,12,16,4,8,19,15,17],[8,4,20,12,24,16,15,19,13,17],[24,16,8,12,20,4,19,15],[8,16,4,24,20,12,15,19,17],[4,16,8,12,24,20,19,15,17],[8,4,20,24,12,16,19,15,17],[16,12,4,8,24,20,19,15,13,17],[12,16,8,24,20,4,19,15,17],[4,8,24,16,12,20,15,19,13,17],[12,8,16,20,24,4,19,15,13,17],[12,20,24,4,8,16,15,19,13,17],[12,20,4,16,8,24,19,15,17],[24,4,16,12,20,8,15,19,13,17],[20,24,12,8,16,4,15,19,17],[24,12,4,20,8,16,19,15,13,17],[16,4,20,24,12,8,15,19,13,17],[4,8,16,20,12,24,19,15,13,17],[4,8,16,20,12,24,15,19,17],[16,4,12,24,8,20,19,15,13,17],[4,16,8,24,12,20,19,15,13,17],[8,20,4,24,16,12,19,15,17],[4,16,8,24,12,20,19,15,17],[16,8,24,12,4,20,15,19,13,17],[24,12,20,8,4,16,19,15,17],[4,12,16,8,20,24,19,15,17],[4,8,16,24,12,20,15,19,17],[12,4,20,16,8,24,19,15,13,17],[24,4,16,20,12,8,15,19,13,17],[4,24,12,16,20,8,15,19,17],[4,8,20,16,24,12,15,19,13,17],[24,16,20,4,12,8,15,19,17],[4,20,24,8,12,16,19,15,17],[16,20,12,24,8,4,19,15,17],[12,24,20,8,4,16,19,15,13,17],[24,16,12,8,20,4,19,15,17],[8,16,12,20,24,4,15,19,13,17],[8,12,24,20,4,16,15,19,13,17],[24,8,4,12,16,20,19,15,13,17],[16,12,24,20,4,8,15,19,13,17],[4,24,12,20,8,16,19,15,13,17],[12,8,4,16,20,24,15,19,17],[16,4,20,24,8,12,15,19,17],[24,8,12,16,20,4,19,15,13,17],[24,16,8,20,4,12,15,19,17],[12,24,8,20,4,16,15,19,13,17],[12,16,24,4,8,20,15,19,13,17],[16,4,24,20,12,8,15,19,13,17],[4,8,16,20,12,24,15,19,17],[4,12,20,8,24,16,15,19,17],[20,4,24,16,12,8,15,19,17],[12,20,4,24,16,8,19,15,13,17],[8,16,4,24,12,20,19,15,13,17],[4,8,20,12,16,24,19,15,17],[16,20,12,8,4,24,19,15,17],[16,8,12,24,20,4,15,19,17],[8,16,24,4,12,20,19,15,13,17],[4,16,12,24,8,20,15,19,13,17],[24,8,16,12,4,20,15,19,17],[12,4,20,16,24,8,15,19,13,17],[16,20,12,8,4,24,15,19,13,17],[12,20,24,16,4,8,19,15,17],[20,8,16,24,12,4,15,19,13,17],[8,20,12,16,4,24,15,19,13,17],[12,24,8,16,20,4,15,19,17],[12,4,8,16,24,20,19,15,17],[8,24,16,4,12,20,19,15,17],[16,24,8,12,4,20,19,15,17],[4,20,8,24,16,12,19,15,13,17],[16,12,20,4,8,24,19,15,13,17],[24,8,12,4,16,20,15,19,17],[8,16,20,4,24,12,19,15,13,17],[24,8,16,12,20,4,19,15,17],[8,24,4,20,12,16,15,19,17],[16,12,24,4,8,20,15,19,13,17],[12,20,16,8,24,4,15,19,17],[24,4,12,20,16,8,15,19,17],[24,8,12,16,20,4,15,19,13,17],[8,24,12,16,20,4,19,15,17],[20,4,24,16,12,8,15,19,13,17],[20,8,4,24,12,16,19,15,13,17],[12,24,4,16,20,8,19,15,13,17],[16,24,20,8,12,4,19,15,17],[16,20,8,24,12,4,19,15,17],[20,16,8,4,24,12,19,15,13,17],[24,8,20,12,4,16,15,19,17],[20,12,8,4,24,16,15,19,17],[12,4,8,16,24,20,15,19,17],[4,8,20,24,12,16,19,15,13,17],[12,8,20,4,24,16,19,15,13,17],[8,12,16,24,20,4,15,19,17],[20,8,12,24,4,16,19,15,13,17],[12,20,4,8,24,16,19,15,17],[12,24,8,4,16,20,15,19,13,17],[4,8,20,16,24,12,19,15,17],[12,4,20,16,8,24,19,15,13,17],[8,24,12,4,20,16,15,19,17],[16,20,12,8,24,4,19,15,17],[20,8,4,24,12,16,15,19,17],[12,8,4,20,24,16,15,19,13,17],[16,4,20,8,12,24,19,15],[12,20,8,4,24,16,19,15,17],[20,24,8,12,16,4,15,19,13,17],[4,12,20,24,16,8,15,19,13,17],[20,8,24,16,12,4,15,19,17],[24,8,12,16,4,20,19,15,17],[8,12,20,24,16,4,19,15,17],[24,20,12,8,16,4,15,19,13,17],[4,8,20,12,24,16,15,19,13,17],[20,8,4,24,16,12,19,15,13,17],[16,12,20,4,8,24,15,19,17],[8,24,20,12,4,16,19,15,13,17],[4,8,24,20,12,16,15,19,17],[16,4,12,20,24,8,15,19,13,17],[20,8,24,12,4,16,19,15,17],[4,12,20,16,8,24,19,15],[20,8,16,12,4,24,15,19,13,17],[12,4,16,8,20,24,19,15,17],[20,8,16,12,4,24,15,19,13,17],[4,20,24,12,8,16,15,19,13,17],[20,24,4,12,8,16,19,15,17],[16,4,20,12,24,8,19,15,17],[24,8,4,20,12,16,15,19,17],[16,8,12,4,24,20,19,15,17],[20,4,24,12,16,8,15,19,13,17],[24,16,8,4,12,20,19,15,13,17],[8,12,4,24,20,16,15,19,13,17],[24,4,12,16,20,8,15,19,17],[12,20,4,8,16,24,15,19,17],[20,12,8,16,4,24,19,15],[4,8,16,20,24,12,15,19,13,17],[20,16,12,4,8,24,19,15,13,17],[4,16,20,24,12,8,19,15,13,17],[20,4,8,24,16,12,15,19,17],[12,8,24,4,16,20,15,19,17],[16,4,12,8,24,20,15,19,13,17],[24,20,8,12,16,4,15,19,17],[4,12,24,20,16,8,15,19,13,17],[16,4,12,8,20,24,19,15,13,17],[20,12,4,24,8,16,19,15,17],[20,12,24,8,16,4,19,15,17],[16,12,20,8,24,4,19,15,17],[20,12,8,24,16,4,15,19,17],[16,24,4,12,8,20,15,19,13,17],[12,8,24,4,16,20,19,15,13,17],[8,4,16,12,24,20,15,19,13,17],[24,8,12,16,20,4,15,19,17],[16,8,4,20,24,12,15,19,13,17],[20,8,4,12,24,16,15,19,17],[8,16,4,20,24,12,15,19,13,17],[16,4,8,12,24,20,15,19,13,17],[12,16,8,4,24,20,19,15,17],[4,12,20,16,8,24,15,19,17],[16,8,20,24,12,4,15,19,13,17],[24,4,8,12,16,20,19,15,17],[16,24,12,4,20,8,15,19,13,17],[20,4,16,12,24,8,19,15,17],[20,16,4,12,8,24,15,19],[8,12,24,20,4,16,19,15,17],[8,20,16,12,24,4,19,15,17],[16,4,8,20,24,12,19,15,13,17],[16,12,8,4,24,20,19,15,13,17],[8,12,24,16,4,20,15,19,13,17],[4,16,12,20,8,24,15,19,17],[20,24,8,16,12,4,19,15,13,17],[24,16,12,4,8,20,19,15,17],[8,12,16,4,24,20,15,19],[12,24,4,16,20,8,19,15,17],[20,12,8,4,16,24,19,15,17],[12,8,16,24,4,20,19,15,13,17],[8,16,24,12,4,20,15,19,17],[20,16,24,4,12,8,15,19,13,17],[12,8,16,4,24,20,19,15,17],[12,16,24,8,4,20,19,15,17],[4,12,16,24,20,8,19,15,13,17],[20,16,12,24,8,4,19,15,17],[24,8,4,16,12,20,19,15,17],[16,24,4,20,12,8,15,19,17],[4,16,8,20,24,12,15,19,17],[20,12,16,8,4,24,19,15,17],[8,12,4,24,20,16,15,19,17],[8,4,20,24,12,16,19,15,17],[16,8,4,12,20,24,15,19,17],[24,12,4,20,8,16,15,19,17],[12,24,16,8,4,20,15,19,17],[12,20,4,24,16,8,15,19,17],[8,12,4,24,20,16,15,19,13,17],[12,8,4,24,20,16,15,19,17],[16,12,4,20,24,8,15,19,17],[8,16,4,20,24,12,19,15,17],[24,16,20,4,12,8,15,19,17],[16,20,24,4,8,12,19,15,13,17],[8,20,4,12,16,24,15,19,13,17],[8,4,12,20,16,24,19,15,13,17],[16,12,20,8,24,4,15,19,17],[8,4,16,20,12,24,15,19,13,17],[8,12,4,24,16,20,15,19,17],[24,12,16,20,4,8,15,19,17],[24,12,4,16,8,20,15,19,17],[12,20,24,8,16,4,15,19,13,17],[16,20,24,4,8,12,15,19,17],[12,16,8,4,20,24,19,15,17],[20,16,12,24,8,4,19,15,13,17],[16,8,4,24,20,12,15,19,13,17],[12,20,4,8,24,16,15,19,17],[4,24,20,12,16,8,15,19,17],[8,4,16,12,20,24,19,15,13,17],[24,16,4,20,8,12,15,19,13,17],[4,24,20,12,8,16,15,19,17],[24,4,8,16,20,12,15,19,17],[24,8,12,16,4,20,15,19,17],[12,16,20,4,24,8,19,15,17],[24,8,4,20,16,12,15,19,13,17],[8,20,24,12,4,16,19,15,13,17],[24,12,8,20,4,16,15,19,17]],"n_human":11}