{"problem_id":"NrhQ2FFoeRDuDmA","sigma":75,"alpha":0.100,"cost":1,"probabilities":"[0.48, 0.21, 0.3, 0.01]","payoff_matrix":"[[-170, -25, 47, -7, -32, 135], [53, 75, -28, 3, -55, -13], [-39, -131, 125, -123, 21, 66], [-111, 54, 78, -68, -28, -92]]","uncovered":[[9,17,21,5,1,13,11,23],[9,5,17,1,21,13,11,23],[13,17,9,21,5,1,24,12,23],[1,21,5,17,13,9,11,23],[9,13,1,17,21,5,11,23],[9,21,1,17,13,5,23],[5,9,21,17,13,1,11,23],[5,17,1,9,21,13,23],[21,17,9,13,1,5,23],[21,5,13,17,9,1,12,11,23,10],[1,13,21,9,17,5,23],[9,17,21,1,5,13,11,23],[21,5,1,13,17,9,23],[9,5,1,13,21,17,23],[9,21,1,5,13,17,11,23],[5,9,1,13,21,17,23],[9,17,13,1,5,21,23],[9,1,13,17,21,5,11,23],[1,17,21,13,9,5,11,23],[5,21,17,9,13,1,23],[1,13,21,9,5,17,23],[13,17,1,21,5,9,23],[17,13,21,1,9,5,11,23],[13,17,9,21,1,5,23],[17,9,13,21,5,1,12,11,23,10],[17,21,1,9,13,5,11,23],[17,1,13,9,5,21,23],[21,9,5,1,13,17,11,23],[21,1,9,14,17,5,13,11,23],[13,9,1,5,21,17,11,23],[21,17,13,1,5,9,23],[9,5,17,13,1,21,11,23],[5,1,9,13,17,21,23],[1,21,9,17,13,5,23],[1,5,13,9,17,21,23],[13,1,17,21,9,5,11,23],[1,21,9,5,17,13,11,23],[9,13,21,17,5,1,11,23],[5,9,21,1,17,13,11,23],[13,1,17,9,21,5,23],[13,1,17,9,5,21,23],[1,17,9,5,13,21,11,23],[5,21,1,17,13,9,23],[9,17,5,13,21,1,23],[5,1,13,21,17,9,11,23],[5,17,13,9,1,21,11,23],[17,5,9,21,13,1,23],[21,13,9,17,5,1,23],[17,21,5,1,13,9,23],[5,13,9,17,21,1,11,23],[21,9,13,1,5,17,23],[21,17,1,5,9,13,11,23],[9,5,13,21,17,1,11,23],[13,21,17,1,5,9,11,23],[21,1,9,13,5,17,11,23],[1,5,13,9,21,17,23],[13,5,1,17,9,21,11,23],[13,5,1,21,17,9,11,23],[1,5,9,21,17,13,23],[9,21,5,1,13,17,12,23],[5,1,17,21,13,9,23],[5,1,21,17,13,9,23],[1,21,5,9,13,17,11,23],[21,1,17,13,9,5,11,23],[9,17,5,13,21,1,11,23],[5,21,9,13,1,17,23],[17,5,9,1,13,21,11,23],[17,13,9,1,5,21,11,23],[13,1,9,5,21,17,11,23],[21,17,5,13,1,9,23],[13,17,5,9,1,21,23],[9,21,5,17,13,4,1,23],[9,13,21,5,17,1,11,23],[9,21,13,5,1,17,11,23],[5,13,1,17,9,21,11,23],[9,13,21,17,1,5,22,11,23],[9,13,21,5,17,1,23],[21,13,17,5,9,1,23],[5,17,1,13,21,9,23],[13,5,17,21,1,9,12,23],[5,9,17,1,21,13,11,23],[17,5,21,9,13,1,24,11,23,10],[5,21,9,1,17,13,23],[1,17,5,13,21,9,11,23],[5,21,13,17,9,1,10,24,23],[5,13,17,9,21,1,11,23],[1,13,21,5,17,9,23],[17,5,1,9,13,21,11,23],[5,21,1,17,9,13,11,23],[1,13,5,21,9,17,23],[5,17,13,9,21,1,11,23],[13,17,5,21,1,9,11,23],[17,13,21,5,1,9,11,23],[21,17,5,1,9,13,23],[9,13,5,17,21,1,23],[1,9,21,5,13,17,22,11,23],[9,1,13,17,21,5,11,23],[13,17,5,21,1,9,23],[13,9,17,5,1,21,23],[17,13,1,9,21,5,11,23],[5,1,21,17,9,13,11,23],[1,13,21,5,9,17,10,24,23],[21,5,9,13,1,17,11,23],[13,21,5,17,9,1,23],[9,5,13,1,21,17,23],[17,21,13,9,1,5,11,23],[9,1,13,5,21,17,23],[13,21,9,5,1,17,24,11,23,22],[1,21,5,17,13,9,11,23],[13,1,17,9,21,5,11,23],[13,21,5,9,17,1,23],[21,5,17,1,13,9,11,23],[5,17,1,21,13,9,23],[21,17,5,12,9,1,13,23],[9,13,5,21,17,1,23],[5,21,13,17,1,9,23],[9,1,13,5,21,17,11,23],[5,9,1,13,17,21,23],[5,21,17,1,13,9,23],[9,1,21,13,5,20,17,23],[13,1,9,21,17,5,23],[17,5,1,9,13,21,23],[13,21,17,1,5,9,11,23],[21,5,17,9,1,13,23],[1,17,9,21,5,13,24,23],[5,17,21,1,13,9,11,23,22],[17,13,5,1,21,9,11,23],[13,21,17,9,1,5,23],[17,1,9,5,13,21,11,23],[17,21,1,5,9,13,11,23],[21,9,5,13,17,1,11,23],[13,5,17,1,21,9,23],[17,9,13,21,5,1,23],[1,13,9,21,17,5,23],[13,9,5,1,21,17,22,11,23],[1,13,21,5,9,17,24,11,23,10],[17,21,9,1,5,13,11,23],[5,1,17,13,21,9,23],[21,5,17,9,1,13,23],[17,5,1,9,21,13,11,23],[17,5,9,21,13,1,23],[9,13,5,21,1,17,12,11,23,10],[21,9,1,13,5,17,23],[17,5,1,9,21,13,23],[13,21,17,9,1,5,23],[21,13,1,5,9,17,11,23],[17,9,5,21,13,1,23],[13,9,21,17,1,5,23],[13,17,21,1,5,9,23],[9,17,1,13,21,5,23],[21,9,1,5,13,17,23],[1,17,13,5,21,9,23],[1,21,17,5,13,9,11,23],[13,5,9,17,1,21,23],[1,9,21,17,13,5,11,23,10],[21,17,5,9,1,13,11,23],[9,17,1,13,5,21,11,23],[13,21,1,9,5,17,23],[1,17,9,5,21,13,23],[5,17,1,13,9,21,11,23],[21,9,17,1,5,13,11,23],[1,5,9,13,21,17,11,23],[9,13,21,1,17,5,23],[13,21,17,1,5,9,11,23],[1,21,13,5,9,17,11,23],[5,1,17,9,13,21,23],[17,13,21,9,1,5,23],[13,5,21,9,1,17,23],[13,9,5,1,21,17,23],[5,21,13,9,17,1,11,23],[1,5,21,17,13,9,23],[21,1,9,5,13,17,11,23],[21,1,17,5,13,9,11,23],[17,21,5,13,1,9,22,11,23],[9,17,1,13,21,5,23],[17,13,5,1,21,9,24,23],[9,5,1,13,17,21,23],[17,13,9,5,21,1,11,23],[9,5,13,1,21,17,23],[9,21,1,5,17,13,11,23],[5,9,21,13,17,1,11,23],[5,9,13,1,17,21,23],[1,9,5,17,21,13,12,23],[9,5,17,21,13,1,23],[21,5,2,1,9,13,17,23],[17,1,13,21,5,9,11,23],[5,9,17,1,21,13,23],[1,13,17,5,21,9,23],[21,1,9,5,13,17,23],[1,13,21,9,5,17,11,23],[5,1,17,9,13,21,11,23],[21,9,13,17,1,5,12,23],[9,1,5,13,21,17,11,23],[17,5,1,13,21,9,11,23],[21,13,17,1,5,9,11,23],[5,9,17,21,1,13,23],[1,9,5,17,13,21,23],[9,17,5,21,1,13,23],[5,17,1,13,9,21,11,23],[21,13,17,5,9,1,10,23],[5,9,21,1,13,17,23],[9,1,13,21,17,5,23],[1,5,17,13,21,9,23],[9,5,21,17,13,1,11,23],[1,9,17,21,13,5,23],[5,9,17,21,1,13,23],[17,1,9,5,13,21,23],[21,13,9,5,1,17,23],[13,9,21,17,1,5,11,23],[13,5,1,9,21,17,11,23],[9,21,1,13,17,5,23],[9,13,1,5,21,17,23],[13,17,5,9,1,21,23],[21,17,5,13,1,9,23],[1,5,13,17,9,21,12,23],[5,21,1,13,9,17,23],[5,1,13,17,21,9,11,23],[21,13,17,1,5,9,23],[13,5,9,21,1,17,11,23],[21,5,1,13,9,17,11,23],[17,1,13,5,9,21,23],[21,1,13,5,9,17,10,23],[21,1,5,13,17,9,23],[13,5,17,9,1,21,11,23],[5,21,17,13,9,1,11,23],[17,9,1,5,13,21,23],[5,21,9,13,17,1,23],[5,21,9,1,13,17,11,23],[21,17,5,1,9,13,11,23],[1,5,13,21,9,17,11,23],[17,13,9,5,21,1,23],[9,21,5,17,1,13,23],[1,5,13,17,21,9,23],[21,5,17,1,13,9,23],[9,21,13,5,17,1,23],[9,21,13,1,17,5,23],[13,1,21,9,5,17,23],[13,1,17,21,5,9,22,11,23],[13,9,21,1,17,5,11,23],[1,17,9,21,13,5,11,23],[9,1,13,5,21,17,23],[21,17,9,1,5,13,23],[9,17,1,21,13,5,23],[17,13,9,21,5,1,23],[21,5,17,9,1,13,23],[9,5,17,21,13,1,23],[21,13,5,17,1,9,11,23],[5,17,9,1,13,21,11,23],[13,9,1,17,5,21,11,23],[17,9,13,5,21,1,11,23],[1,5,9,17,21,13,11,23],[21,13,1,9,5,17,23],[13,9,21,17,5,1,11,23],[13,9,1,5,17,21,22,11,23],[9,5,1,21,17,13,23],[13,1,17,21,5,9,23],[1,13,9,5,17,21,24,23],[17,9,13,1,21,5,23],[21,13,9,17,5,1,23],[5,13,21,17,9,1,23],[13,21,17,5,9,1,23],[13,9,1,5,21,17,23],[13,1,5,21,9,17,11,23],[9,17,21,5,13,1,11,23],[21,17,9,13,5,1,23],[13,21,17,5,1,9,11,23],[21,5,17,13,1,9,11,23],[9,5,1,21,13,17,11,23],[21,17,13,5,1,9,23],[21,17,1,13,5,9,23],[5,21,17,1,9,13,11,23],[13,1,5,9,17,21,23],[17,13,5,9,21,1,11,23],[17,21,13,9,1,5,24,23],[5,9,17,13,1,21,23],[13,21,9,1,17,5,23],[13,17,21,9,1,5,11,23],[1,9,13,21,17,5,11,23],[13,17,9,1,21,5,11,23],[1,17,13,5,9,21,23],[17,21,1,9,5,13,23],[1,21,9,13,5,17,23],[9,13,5,17,21,1,11,23],[9,17,13,5,1,21,12,23],[21,5,1,13,9,17,11,23],[17,9,21,13,1,5,12,23],[9,5,13,17,1,21,11,23],[9,5,21,17,1,13,11,23],[9,21,5,1,13,17,11,23],[9,5,13,21,1,17,23],[21,13,1,17,5,9,23],[5,17,1,9,13,21,11,23],[17,1,9,13,21,5,23],[1,9,21,17,5,13,11,23],[1,13,17,5,21,9,11,23],[5,1,9,21,13,17,11,23],[13,21,5,1,9,17,23],[1,13,9,21,20,17,5,23],[1,5,17,21,13,9,23],[1,13,17,21,5,9,11,23],[5,17,21,13,1,9,23],[5,9,17,1,13,21,12,22,11,23],[21,5,13,17,9,1,23],[17,21,9,13,1,5,23],[9,5,13,21,17,1,11,23],[5,1,17,21,13,9,11,23],[17,21,9,1,13,5,23],[5,21,17,1,13,9,10,23],[17,5,1,9,13,21,23],[9,13,1,5,21,17,23],[21,17,1,5,13,9,11,23],[21,1,5,9,17,16,13,23],[17,13,9,21,1,5,23],[13,1,9,21,17,5,11,23],[1,9,13,21,5,17,11,23],[5,17,13,1,21,9,23],[17,9,5,13,21,1,11,23],[17,1,13,5,21,9,23],[1,9,21,13,17,5,11,23],[1,5,21,13,17,9,23],[9,21,17,5,1,13,11,23],[13,21,17,1,5,9,23],[17,13,9,5,21,1,11,23],[9,13,21,5,17,1,23],[13,1,21,17,5,9,23],[13,1,21,5,17,9,23],[17,13,9,5,1,21,23],[1,9,17,5,13,21,23],[17,21,1,13,5,9,11,23],[21,1,9,13,17,5,23],[9,17,21,5,1,13,23],[5,21,13,1,9,17,11,23],[9,17,1,5,13,21,23],[1,17,5,13,21,9,11,23],[9,13,1,21,5,17,23],[21,13,1,17,9,5,23],[21,13,5,17,1,9,11,23],[17,13,5,1,9,21,23],[9,13,17,1,5,21,11,23],[5,9,13,17,1,21,11,23],[17,21,13,1,5,9,12,11,23,22],[9,13,21,5,17,1,11,23],[5,13,1,9,17,21,11,23],[17,21,13,9,5,1,23],[17,5,9,21,13,1,11,23],[1,5,13,9,21,17,10,22,12,11,23],[17,1,21,13,5,9,11,23],[1,9,5,13,17,21,23],[1,9,5,17,21,13,11,23],[1,13,17,9,5,21,23],[5,1,9,21,13,17,23],[21,13,1,5,9,17,23],[9,21,5,13,1,17,10,23],[9,1,13,17,21,5,11,23],[13,1,21,17,5,9,23],[9,13,17,1,21,5,23],[5,9,17,1,21,13,23],[1,13,5,9,21,17,11,23],[17,21,1,13,9,5,11,23],[17,13,9,1,5,21,23],[13,1,5,9,21,17,11,23],[21,1,13,9,5,17,11,23],[5,17,13,21,1,9,23],[21,9,5,1,17,13,24,23],[21,13,1,5,17,9,11,23],[17,1,21,9,5,13,23],[9,1,17,13,5,21,23],[1,17,9,21,13,5,11,23],[1,5,17,9,13,21,23],[9,17,21,5,1,13,11,23],[1,17,9,5,13,21,23],[5,9,17,13,21,1,23],[21,5,17,1,9,13,11,23],[5,17,9,21,1,13,11,23],[9,21,1,13,17,5,23],[13,9,5,1,17,21,11,23],[9,17,1,5,13,21,11,23],[1,13,9,17,5,21,11,23],[5,1,9,21,17,13,23],[13,1,17,21,5,9,23],[13,21,9,1,17,5,11,23],[1,21,17,5,13,9,11,23],[13,21,9,17,1,5,23],[13,17,21,9,5,1,11,23],[9,17,13,21,5,1,11,23],[1,13,17,5,21,9,12,11,23,10],[13,9,17,5,21,1,23],[5,9,1,13,21,17,23],[5,1,9,13,17,21,23],[1,5,9,13,17,21,11,23],[1,21,13,5,17,9,23],[5,13,9,17,1,21,23],[17,1,5,9,13,21,23],[9,5,21,13,17,1,11,23],[1,5,17,21,9,13,11,23],[13,9,1,5,21,17,22,11,23],[17,13,5,9,1,21,23],[1,9,13,5,17,21,11,23],[17,21,13,5,1,9,11,23],[5,21,17,13,1,9,23],[13,21,17,9,1,5,11,23],[1,13,5,17,9,21,11,23],[1,5,9,13,17,21,11,23],[17,13,9,21,1,5,11,23],[1,21,5,9,13,17,11,23],[21,13,17,9,5,1,11,23],[5,1,21,13,9,17,23],[21,17,5,13,9,1,11,23,10],[13,17,1,21,9,5,23],[1,5,17,9,13,21,22,11,23],[9,13,17,5,21,1,23],[9,1,5,17,21,13,11,23],[13,9,21,5,1,17,23],[1,5,13,21,17,9,23],[17,13,5,21,1,9,11,23],[9,21,17,13,5,1,11,23],[5,9,1,17,21,13,23],[13,1,21,9,17,5,23],[9,1,5,21,13,17,11,23],[5,17,13,9,21,1,11,23],[1,13,17,5,9,21,11,23],[9,13,1,21,17,5,23],[21,13,1,5,17,9,11,23],[13,17,9,1,5,21,23],[5,9,21,13,17,1,11,23],[1,5,9,13,17,21,11,23],[9,17,1,13,5,21,23],[9,5,17,13,21,1,11,23],[9,21,1,5,17,13,11,23],[1,13,5,21,9,17,11,23],[9,17,5,13,21,1,23],[5,9,13,1,21,17,23],[21,5,13,9,1,17,11,23],[13,17,5,1,21,9,10,22,11,23],[17,5,21,1,9,13,23],[5,13,1,21,9,17,11,23],[21,1,5,13,9,17,11,23],[5,1,13,17,21,9,11,23],[5,1,13,21,9,17,23],[9,1,13,17,5,21,11,23],[21,5,13,17,9,1,23],[9,17,21,5,13,1,11,23],[1,5,9,21,13,17,22,11,23],[9,17,21,5,1,13,23],[21,13,17,9,5,1,23],[1,21,17,5,9,13,23],[13,21,1,17,5,9,23],[21,9,17,5,1,13,11,23],[9,1,21,5,13,17,11,23],[21,9,17,13,5,1,11,23],[1,17,5,9,21,13,11,23],[13,9,17,21,1,5,23],[21,1,9,17,13,5,11,23],[13,9,21,17,1,5,23],[13,1,9,17,21,5,23],[5,13,1,17,9,21,11,23],[17,1,9,5,21,13,11,23],[21,13,1,17,5,9,11,23],[5,9,1,21,13,17,12,23],[5,21,17,13,1,9,23],[5,21,17,1,13,9,23],[21,9,5,1,13,17,23],[9,13,5,1,17,21,23],[9,5,1,21,17,13,11,23],[5,1,17,13,21,9,10,23],[13,5,21,17,1,9,11,23],[13,17,5,21,1,9,23],[5,21,17,1,9,13,11,23],[1,9,17,13,21,5,23],[9,1,21,13,5,17,11,23],[9,5,17,13,1,21,24,23],[5,9,17,21,13,1,23],[5,21,1,17,9,13,23],[1,5,21,9,17,13,11,23],[9,5,17,13,21,1,11,23],[17,5,21,9,13,1,11,23],[1,5,21,17,9,13,11,23],[1,9,13,5,21,17,23],[1,9,17,13,21,5,23],[13,21,5,9,1,17,11,23],[5,1,9,21,13,17,23],[5,21,9,13,1,17,11,23],[21,9,13,5,1,17,23],[17,21,13,5,9,1,23],[9,5,13,21,17,1,11,23],[1,17,13,5,9,21,11,23],[17,21,1,5,9,13,11,23],[13,21,17,1,5,9,11,23],[13,21,17,9,1,5,11,23],[13,5,1,17,21,9,11,23],[21,5,1,13,17,9,23],[21,5,9,13,17,1,11,23],[13,21,9,5,17,1,11,23],[1,9,17,13,21,5,11,23],[1,5,21,17,13,9,11,23],[21,9,1,5,17,13,23],[13,5,1,9,17,21,11,23],[1,17,21,5,9,13,23],[17,1,9,13,21,5,23],[9,21,5,17,13,1,23],[9,1,21,13,5,17,11,23],[21,5,9,13,17,1,23],[17,5,21,13,1,9,23],[21,17,9,13,7,1,23],[21,1,13,17,9,5,11,23],[17,1,9,5,13,21,23],[1,9,21,5,17,13,11,23],[5,13,1,9,17,21,23],[21,13,1,5,17,9,11,23],[9,5,17,1,13,21,11,23],[1,5,17,13,21,9,11,23],[5,1,21,17,13,9,23],[9,17,1,21,13,5,23],[13,9,1,5,17,21,24,11,23,10],[9,21,17,1,13,5,23],[17,5,1,21,13,9,11,23],[1,9,5,13,17,21,23],[9,21,17,1,13,5,23],[17,13,1,9,21,5,23],[9,13,5,1,17,21,11,23],[21,17,5,9,13,1,11,23],[9,1,5,13,17,21,23],[1,17,13,5,21,9,23],[1,13,17,5,9,21,23],[13,21,5,9,1,17,23],[17,9,21,5,1,13,23],[1,21,13,5,9,17,11,23],[21,13,9,17,5,1,23],[13,5,21,1,17,9,11,23],[1,5,21,9,17,13,23],[17,13,1,9,5,21,11,23],[1,9,17,13,5,21,11,23],[13,21,1,17,9,5,11,23],[1,9,17,5,13,21,11,23],[17,13,1,21,5,9,23],[9,17,5,13,21,1,11,23],[21,1,13,5,17,9,23],[9,13,21,1,5,17,11,23],[13,1,5,21,17,9,12,23],[9,21,17,5,1,13,11,23],[21,5,1,9,13,17,11,23],[21,15,5,17,9,1,11,23],[13,9,5,21,17,1,22,11,23],[17,5,1,13,21,9,11,23],[21,1,9,5,17,13,23],[13,1,17,21,5,9,23],[5,13,1,21,17,9,11,23],[17,9,13,5,21,1,12,23],[9,13,5,1,17,21,11,23],[13,9,1,5,17,21,23],[9,17,1,21,5,13,23],[21,9,5,1,17,13,23],[5,1,9,13,21,17,23],[21,9,5,13,1,17,10,23],[21,5,17,1,13,9,11,23],[17,1,5,13,21,9,11,23],[21,5,13,1,17,9,23],[9,17,5,21,13,1,11,23],[1,21,13,5,9,17,23],[21,17,5,13,9,1,23],[21,17,5,1,9,13,11,23],[17,21,13,1,5,9,23],[5,13,17,1,9,21,23],[9,5,21,1,17,13,12,23],[1,9,13,17,5,21,23],[21,17,9,1,13,5,11,23],[21,9,1,17,13,5,23],[21,17,5,1,9,13,11,23],[21,5,1,9,17,13,23],[21,9,5,13,1,17,11,23],[9,1,17,5,21,13,10,24,22,11,23],[17,5,9,1,13,21,11,23],[9,1,13,17,5,21,11,23],[9,1,21,17,5,13,11,23],[13,9,1,21,17,5,22,11,23],[5,17,21,9,1,13,11,23],[13,21,5,17,9,1,11,23],[17,5,21,13,9,1,11,23],[9,21,5,13,1,17,23],[13,21,5,17,1,9,11,23],[1,21,13,5,9,17,11,23],[1,13,5,9,21,17,23],[5,13,1,21,9,17,11,23],[17,13,21,1,5,9,11,23],[9,5,13,17,1,21,22,11,23],[1,9,13,17,21,5,23],[1,9,17,13,21,5,11,23],[17,5,9,13,21,1,11,23],[9,13,21,17,1,5,11,23],[17,21,1,13,5,9,11,23],[5,17,1,9,21,13,11,23],[17,1,21,9,5,13,23],[1,9,17,13,21,5,11,23],[9,21,13,17,5,1,23],[9,13,1,21,17,5,11,23],[17,21,1,5,13,9,23],[17,9,1,13,21,5,11,23],[21,5,1,17,9,13,23],[1,9,21,17,5,13,11,23],[1,5,17,9,13,21,23],[21,9,13,17,5,1,11,23],[13,5,1,21,17,9,23],[1,17,13,5,21,9,11,23],[21,5,1,9,17,13,11,23],[9,17,5,1,21,13,11,23],[5,1,17,21,9,13,23],[21,1,13,9,5,17,11,23],[17,13,9,1,21,5,11,23],[5,1,13,9,17,21,23],[1,13,5,17,21,9,23],[17,13,1,21,9,5,11,23],[13,17,21,9,1,5,11,23],[1,5,17,13,9,21,23],[5,21,9,1,13,17,11,23],[17,21,13,9,5,1,11,23],[13,17,9,5,21,1,23],[1,17,13,21,9,5,23],[5,21,13,9,17,1,23],[1,5,13,9,21,17,11,23],[17,5,13,21,1,9,23],[9,1,21,17,13,5,11,23],[17,13,21,9,1,5,23],[9,5,17,1,13,21,11,23],[13,5,1,9,21,17,11,23],[13,5,17,9,1,21,11,23],[17,9,13,1,21,5,23],[17,1,13,21,5,9,22,11,23],[13,5,9,1,17,21,23],[9,21,13,5,1,17,24,11,23,22],[5,13,21,1,17,9,11,23],[5,17,9,13,1,21,11,23],[17,9,5,21,1,13,11,23],[21,5,9,13,17,1,11,23],[9,13,5,1,21,17,23],[17,9,1,13,5,21,11,23],[13,9,21,17,5,1,11,23],[17,9,5,21,13,1,11,23],[21,17,1,13,9,5,11,23],[9,13,1,17,5,21,23],[21,1,17,9,13,5,12,23],[17,21,5,1,9,13,23],[1,5,13,21,17,9,23],[5,17,9,13,21,1,23],[21,1,17,13,5,9,23],[5,21,17,1,13,9,11,23],[1,21,9,17,5,13,11,23],[1,13,9,5,21,17,23],[13,21,1,9,17,5,23],[9,13,1,21,17,5,11,23],[1,13,17,21,9,5,11,23],[9,17,21,5,1,13,23],[21,17,5,13,1,9,11,23],[5,1,21,17,9,13,11,23],[1,5,13,17,9,21,11,23],[1,21,9,13,5,17,11,23],[9,1,21,5,17,13,11,23],[9,17,1,13,21,5,11,23],[17,1,5,13,9,21,23],[17,21,13,1,9,5,23],[13,1,17,5,9,21,11,23],[9,21,5,1,13,17,11,23],[17,5,1,9,21,13,23],[1,21,9,5,13,17,23],[1,21,5,9,17,13,12,23],[21,17,9,5,1,13,22,10,23],[5,13,9,17,21,1,11,23],[17,21,5,1,13,9,23],[1,9,13,21,17,5,11,23],[13,5,9,17,21,1,23],[5,21,1,17,13,9,11,23],[1,21,9,13,17,5,23],[13,21,5,9,1,17,23],[21,5,9,13,1,17,22,11,23],[5,17,21,9,13,1,23],[21,1,13,17,5,9,11,23],[21,13,9,17,1,5,23],[5,13,1,21,17,9,11,23],[13,21,17,1,5,9,23],[17,9,1,21,13,5,11,23],[13,5,17,1,21,9,23],[9,5,17,1,13,21,22,23],[13,9,1,5,17,21,24,23],[13,5,21,17,9,1,11,23],[9,1,17,21,13,5,11,23],[21,13,5,17,1,9,23],[13,21,5,1,9,17,12,23],[17,21,5,13,1,9,23],[9,1,5,21,17,13,23],[13,21,17,5,9,1,23],[13,21,9,17,5,1,23],[17,13,21,1,5,9,23],[17,5,9,13,1,21,23],[9,5,17,21,13,1,11,23],[1,9,5,17,21,13,23],[1,17,21,13,9,5,11,23],[21,1,13,9,5,17,11,23],[17,13,21,9,5,1,11,23],[17,9,21,13,5,1,11,23],[5,9,13,17,21,1,11,23],[17,5,1,21,13,9,11,23],[13,17,9,5,21,1,23],[9,21,13,5,17,1,23],[9,13,17,21,1,5,23],[13,21,9,1,5,17,23],[1,5,9,13,17,21,23],[17,9,5,1,21,13,11,23],[17,13,5,9,1,21,11,23],[13,17,5,1,21,9,11,23,10],[21,5,1,9,17,13,11,23],[5,1,17,21,9,13,11,23],[17,13,1,5,9,21,11,23],[17,5,13,1,9,21,11,23],[21,9,5,17,13,1,23],[5,13,21,1,9,17,11,23],[5,9,13,21,17,1,10,24,23],[9,17,21,1,13,5,11,23],[17,9,13,1,5,21,11,23],[21,1,5,17,9,13,11,23],[21,5,1,17,13,9,23],[17,9,1,13,21,5,11,23],[1,9,17,13,21,5,11,23],[1,17,9,5,21,13,11,23],[17,13,21,1,5,9,23],[5,1,13,17,9,21,23],[5,17,21,1,9,13,23],[1,21,5,13,17,9,23],[1,21,17,5,13,9,11,23],[1,5,9,13,21,17,11,23],[17,21,13,9,5,1,11,23],[13,5,21,9,17,1,24,23],[13,1,9,21,5,17,11,23],[13,5,17,1,9,21,23],[1,17,9,5,21,13,11,23],[5,1,21,17,9,13,23],[13,21,9,1,17,5,11,23],[9,5,17,1,13,21,23],[5,21,17,13,9,1,11,23],[13,9,1,17,21,5,11,23],[21,5,17,13,1,9,11,23],[17,21,13,5,1,9,23],[5,13,1,9,21,17,23],[17,9,21,5,13,1,23],[5,21,13,1,9,17,11,23],[13,21,1,9,5,17,23],[9,1,13,21,5,17,11,23],[17,9,13,5,21,1,11,23,10],[1,5,17,9,13,21,11,23],[13,17,5,9,1,21,11,23],[9,1,13,5,21,17,11,23],[5,9,1,13,21,17,22,11,23],[17,21,5,1,9,13,11,23],[13,5,9,21,1,17,11,23],[5,21,1,13,17,9,12,23],[9,17,1,21,5,13,11,23],[13,9,5,21,1,17,11,23],[13,1,5,17,9,21,23],[5,9,13,21,1,17,11,23,22],[5,13,1,21,17,9,23],[1,9,13,21,5,17,24,11,23,22],[21,9,17,13,1,5,23],[13,9,21,7,17,1,11,23],[1,17,5,13,9,21,11,23],[9,13,5,21,17,1,23],[13,17,1,9,5,21,23],[17,5,13,21,9,1,23],[17,13,1,9,21,5,23],[1,5,13,17,21,9,11,23],[9,17,21,1,5,13,11,23,22],[21,9,13,17,1,5,23],[17,9,1,5,21,13,11,23],[9,1,13,5,21,17,11,23],[21,17,9,13,5,1,23],[21,1,17,5,13,9,23],[9,5,17,13,1,21,23],[1,5,9,17,13,21,11,23],[5,1,17,21,13,9,23],[9,21,17,1,13,5,23],[13,5,17,1,21,9,11,23],[1,21,9,5,13,17,23],[5,9,17,1,21,13,11,23],[5,13,17,1,9,21,11,23],[1,5,21,17,9,13,11,23],[13,17,9,21,5,1,24,23],[17,21,9,13,1,5,11,23],[9,21,17,5,13,1,11,23],[5,21,9,17,1,13,11,23],[17,21,5,1,13,9,23],[1,13,5,9,17,21,11,23],[9,21,1,13,5,17,23],[1,5,21,9,13,17,11,23],[9,17,21,1,5,13,11,23],[1,9,17,13,5,21,23],[5,17,9,21,13,1,11,23],[5,21,9,17,13,1,23],[13,1,9,21,6,5,17,11,23],[17,9,1,5,21,13,11,23],[21,1,5,9,17,13,23],[21,9,13,5,1,17,11,23],[17,1,5,9,13,21,11,23],[21,17,9,13,1,5,23],[9,21,1,17,5,13,11,23],[9,17,1,13,21,5,12,11,23,22],[17,21,13,1,5,9,11,23],[17,9,5,13,1,21,11,23],[1,13,17,21,12,9,5,23],[5,17,9,21,1,13,23],[1,21,17,5,13,9,23],[5,9,17,21,13,1,11,23],[9,21,5,1,17,13,23],[1,21,13,17,5,9,11,23],[17,21,5,1,15,9,11,23],[9,13,5,1,17,21,23],[13,5,21,1,9,17,11,23],[21,9,1,17,5,13,23],[21,1,13,5,9,17,23],[17,9,5,13,21,1,23],[13,1,21,17,9,5,23],[13,5,9,21,17,1,11,23],[5,21,13,1,9,17,23],[17,13,21,5,1,9,23],[5,17,13,1,21,9,11,23],[9,21,17,1,13,5,23],[9,13,17,5,1,21,11,23],[1,13,21,5,17,9,23],[1,17,9,13,5,21,23],[1,21,9,5,13,17,11,23],[21,9,5,17,1,13,23],[17,21,13,9,5,1,11,23],[9,21,1,13,17,5,23],[21,9,1,13,17,5,23],[17,1,5,13,9,21,11,23],[5,13,9,1,17,21,23],[1,17,21,13,5,9,10,23],[1,17,5,9,21,13,23],[5,1,17,9,13,21,23],[21,1,17,5,9,13,22,11,23],[21,1,9,5,17,13,11,23],[17,1,9,13,21,5,11,23],[1,5,13,21,9,17,23],[17,13,5,9,21,1,23],[1,5,13,17,21,9,11,23],[17,1,5,9,21,13,11,23],[17,9,21,13,1,5,11,23],[9,13,5,21,1,17,11,23],[9,5,1,13,21,17,23],[13,21,17,5,1,9,11,23],[17,9,21,13,1,5,11,23],[13,21,17,5,1,9,23],[21,13,17,9,5,1,23],[9,1,13,21,5,17,12,23],[13,1,17,9,21,5,11,23],[17,9,5,1,21,13,23],[13,9,1,17,5,21,23],[5,17,13,21,9,1,23],[21,13,17,1,9,5,11,23],[1,17,9,21,13,5,23],[17,13,9,21,5,1,23],[9,1,5,13,17,21,23],[13,5,17,9,1,21,23],[21,1,17,5,13,9,11,23],[21,5,13,17,9,1,11,23],[1,17,9,21,13,5,23],[13,9,5,21,1,17,23],[21,5,9,17,13,1,11,23],[1,17,13,5,9,21,11,23],[13,21,5,9,17,1,10,23],[17,1,5,21,9,13,11,23],[13,21,5,1,9,17,11,23],[5,1,21,9,17,13,23],[21,5,17,1,9,13,11,23],[1,9,5,21,13,17,23],[5,13,21,17,9,1,11,23],[21,17,5,9,13,1,11,23],[21,13,9,1,5,17,11,23],[13,21,17,1,5,9,11,23],[21,13,1,5,9,17,12,23],[17,9,5,1,13,21,23],[21,9,1,17,5,13,11,23],[1,9,17,5,21,13,23],[1,17,13,9,21,5,11,23],[13,1,9,5,17,21,11,23],[9,5,1,17,13,21,11,23],[17,13,21,5,1,9,11,23],[5,9,1,21,17,13,23],[17,1,5,21,13,9,11,23],[13,5,17,1,21,9,11,23],[1,5,21,9,13,17,23],[1,17,13,5,9,21,23],[17,13,9,5,21,1,11,23],[17,5,1,21,9,13,11,23],[13,9,17,5,1,21,11,23],[21,5,17,9,1,13,11,23],[17,1,21,5,9,13,11,23,22],[21,1,9,5,17,13,11,23],[9,5,21,17,1,13,23],[17,1,5,9,21,13,11,23],[1,13,5,9,17,21,23],[21,5,13,17,9,1,11,23],[9,21,17,1,5,13,23],[9,21,1,13,5,17,23],[1,17,9,5,13,21,23],[5,9,17,21,13,1,11,23],[17,5,9,13,21,1,23],[17,5,1,21,9,13,11,23],[21,9,1,13,5,17,11,23],[9,5,13,1,17,21,23],[21,5,9,13,1,17,23],[1,21,9,5,17,13,23],[9,17,1,5,21,13,23],[1,21,9,17,5,13,11,23],[21,13,17,1,9,5,23],[13,1,5,9,17,21,23],[9,1,21,13,17,5,23],[17,21,1,5,9,13,23],[13,1,17,9,5,21,11,23],[5,9,13,21,17,1,23],[9,21,17,13,1,5,23],[1,9,21,17,13,5,23],[5,1,13,9,17,21,11,23],[5,1,21,13,9,17,11,23],[13,1,17,5,9,21,11,23],[13,1,17,21,5,9,23],[13,9,5,21,17,1,11,23],[5,17,9,1,21,13,23],[5,13,17,1,9,21,24,11,23,22],[13,5,17,1,9,21,11,23],[9,13,1,17,5,21,23],[17,21,9,13,7,1,11,23],[17,21,13,5,9,1,23],[1,17,5,9,21,13,23],[9,13,17,1,5,21,23],[21,1,13,11,9,23,10,17],[9,13,5,21,17,1,11,23],[17,13,21,5,9,1,11,23],[17,5,9,21,13,1,23],[9,13,21,5,1,17,23],[13,1,5,9,21,17,24,11,23,22],[9,21,1,13,5,17,23],[9,5,13,21,17,1,23],[21,1,17,9,13,5,23],[17,9,21,1,13,5,23],[13,9,1,17,21,5,23],[17,9,1,13,21,5,23],[5,9,17,21,13,1,11,23],[13,9,5,1,17,21,11,23],[5,9,1,13,21,17,11,23],[17,13,1,9,21,5,11,23],[9,5,21,17,13,1,23],[5,17,21,9,1,13,12,11,23,22],[21,1,13,17,5,9,11,23],[1,13,21,17,9,5,23],[9,13,5,1,17,21,11,23],[9,1,17,21,13,5,23],[9,5,17,21,13,1,11,23],[21,17,9,5,1,13,11,23],[21,17,13,9,5,1,11,23],[21,1,13,5,17,9,24,11,23,10],[5,13,9,1,21,17,11,23],[21,9,5,17,1,13,23],[9,21,17,1,13,5,23],[17,13,21,9,1,5,23],[9,13,5,21,3,17,23],[9,13,17,5,21,1,11,23],[21,13,5,17,9,1,22,11,23],[1,5,13,17,21,9,22,11,23],[1,17,13,9,5,21,10,23],[13,17,5,1,21,9,24,11,23,22],[13,17,5,1,9,21,11,23],[1,17,5,21,13,9,23],[13,5,9,17,21,1,23],[1,5,21,13,9,17,11,23],[1,9,17,13,21,5,11,23],[17,21,5,13,1,9,11,23],[17,5,21,1,13,9,11,23],[21,1,5,9,13,17,23],[9,17,21,1,5,13,23],[5,9,1,21,17,13,11,23],[21,5,17,13,1,9,23],[13,9,21,1,17,5,23],[13,5,21,1,9,17,11,23],[21,9,13,5,17,1,23],[13,17,9,1,5,21,23],[1,13,5,17,21,9,11,23],[1,21,13,17,5,9,23],[9,1,5,21,17,13,23],[5,17,21,13,1,9,22,11,23],[21,5,17,13,9,1,11,23],[13,9,5,21,17,1,23],[1,13,21,17,9,5,11,23],[17,21,9,1,13,5,24,11,23,22],[1,17,9,5,21,13,23],[1,5,9,21,13,17,10,23],[5,21,9,13,17,1,11,23],[5,17,21,9,1,13,23],[1,21,9,5,13,17,11,23],[5,17,13,1,9,21,10,23],[17,13,9,5,1,21,23],[21,17,5,9,13,1,23],[5,17,1,9,13,21,23],[13,1,17,21,9,5,23]],"n_human":11}