{"problem_id":"q3TRZwTlyo0X8Yu","sigma":150,"alpha":1.000,"cost":2,"probabilities":"[0.23, 0.2, 0.28, 0.29]","payoff_matrix":"[[52, 83, -77, -53, -58, 69], [-55, -150, 4, -181, 155, -45], [-66, -27, -21, -41, 71, 55], [-236, 227, -210, -129, 92, 40]]","uncovered":[[12,8,4,24,16,20,7,19,17,5,23,21,22],[20,24,23,19,21,17,4,12,8,7,5,16,6,22,18],[20,24,23,19,17,21,16,4,12,8,7,5,6,22,18],[4,8,16,12,20,19,7,5,17,24,23,21,6,22,18],[24,4,16,20,19,23,21,17,8,7,5,12,6,22,18],[8,16,12,24,20,7,19,17,5,4,23,21,22],[20,16,8,19,7,17,5,24,12,4,23,21,6,22,18],[4,8,12,24,16,20,7,19,17,5,23,21,22],[4,8,20,19,7,5,17,24,16,12,23,21,22],[24,16,20,23,19,21,17,8,7,5,4,12,6,22,18],[12,16,4,20,24,23,19,17,21,8,7,5,22],[20,24,23,19,17,21,4,16,8,7,5,12,6,22,18],[24,20,19,23,17,21,16,12,4,8,7,5,6,22,18],[20,16,4,12,8,7,19,17,5,24,23,21,6,22,18],[12,20,16,8,7,19,17,5,4,24,23,21,22],[16,24,8,4,12,20,7,19,5,17,23,21,22],[20,4,24,23,19,21,17,12,8,7,5,16,6,22,18],[4,12,16,8,24,20,7,19,17,5,23,21,6,22,18],[16,12,24,8,20,7,19,5,17,4,23,21,6,22,18],[16,8,20,19,7,5,17,12,4,24,23,21,22],[8,4,12,24,16,20,7,19,5,17,23,21,6,22,18],[12,8,4,24,20,7,19,5,17,16,23,21,6,22,18],[24,12,16,8,20,19,7,17,5,4,23,21,22],[8,16,24,4,20,7,19,5,17,12,23,21,22],[20,4,8,7,19,5,17,16,24,12,23,21,6,22,18],[4,16,8,20,19,7,17,5,24,12,23,21,6,22,18],[4,8,12,20,7,19,5,17,16,24,23,21,6,22,18],[12,8,24,16,20,7,19,5,17,4,23,21,6,22,18],[8,20,19,7,5,17,24,16,4,12,23,21,22],[12,20,16,4,24,19,23,21,17,8,7,5,6,22,18],[24,16,4,20,19,23,21,17,12,8,7,5,6,22,18],[12,8,4,16,24,20,19,7,5,17,23,21,22],[20,24,19,23,17,21,4,16,8,7,5,12,6,22,18],[20,8,19,7,5,17,12,16,4,24,23,21,22],[24,4,20,23,19,21,17,8,7,5,12,16,22],[4,20,24,23,19,17,21,12,16,8,7,5,22],[24,8,12,20,7,19,17,5,4,16,23,21,6,22,18],[20,24,23,19,17,21,16,8,7,5,4,12,6,22,18],[16,8,24,12,4,20,7,19,5,17,23,21,6,22,18],[8,12,20,19,7,5,17,24,16,4,23,21,22],[8,20,7,19,5,17,12,4,16,24,23,21,6,22,18],[8,20,19,7,17,5,11,24,16,4,23,21,22,12],[24,12,16,8,20,19,7,17,5,4,23,21,22],[12,4,20,16,24,19,23,17,21,8,7,5,22],[20,8,19,7,5,17,4,12,24,16,23,21,6,22,18],[4,16,8,24,12,20,19,7,5,17,23,21,22],[20,4,16,12,8,19,7,5,17,24,23,21,22],[4,16,12,20,8,7,19,5,17,24,23,21,6,22,18],[16,20,24,23,19,21,17,4,12,8,7,5,6,22,18],[20,4,16,8,7,19,5,17,12,24,23,21,22],[20,16,4,24,23,19,21,17,12,8,7,5,6,22,18],[8,4,24,12,16,20,7,19,5,17,23,21,22],[16,20,12,8,7,19,17,5,24,4,23,21,22],[12,4,16,20,24,23,19,17,21,8,7,5,6,22,18],[8,4,20,19,7,17,5,16,12,24,23,21,22],[8,4,20,7,19,17,5,24,16,12,23,21,6,22,18],[24,16,8,12,20,7,19,17,5,4,23,21,22],[8,16,20,7,19,17,5,12,24,4,23,21,6,22,18],[8,12,4,24,16,20,7,19,17,5,23,21,6,22,18],[24,12,20,23,19,17,21,8,7,5,4,16,22],[24,12,16,4,8,20,19,7,5,17,23,21,22],[20,24,23,19,17,21,16,4,8,7,5,12,22],[12,24,4,20,19,23,17,21,16,8,7,5,6,22,18],[16,4,12,8,24,20,7,19,17,5,23,21,6,22,18],[16,4,24,8,20,7,19,17,5,12,23,21,22],[24,20,23,19,21,17,12,8,7,5,4,16,6,22,18],[24,12,16,8,20,19,7,17,5,4,23,21,6,22,18],[24,8,20,19,7,5,17,4,15,12,23,21,6,22,18,16],[20,12,4,24,23,19,21,17,16,8,7,5,22],[16,8,24,20,7,19,5,17,12,4,23,21,6,22,18],[16,24,12,20,19,23,21,17,4,8,7,5,22],[20,24,19,23,21,17,12,8,7,5,16,4,6,22,18],[4,20,16,24,23,19,17,21,8,7,5,12,6,22,18],[16,8,24,20,7,19,17,5,12,4,23,21,22],[12,8,24,20,7,19,5,17,4,16,23,21,6,22,18],[4,24,20,19,23,21,17,8,7,5,12,16,22],[12,4,8,16,20,7,19,17,5,24,23,21,6,22,18],[8,12,20,7,19,5,17,4,16,24,23,21,22],[12,16,4,8,20,19,7,5,17,24,23,21,22],[12,20,16,4,8,19,7,17,5,24,23,21,22],[12,4,20,8,19,7,5,17,16,24,23,21,22],[4,12,8,16,20,19,7,17,5,24,23,21,22],[24,4,12,8,20,19,7,5,17,16,23,21,6,22,18],[8,12,16,4,20,7,19,5,17,24,23,21,22],[20,8,19,7,17,5,12,4,24,16,23,21,22],[16,8,20,7,19,17,5,4,24,12,23,21,6,22,18],[12,24,20,23,19,17,21,4,8,7,5,16,6,22,18],[12,16,20,4,24,19,23,21,17,8,7,5,22],[20,8,7,19,17,5,16,24,4,12,23,21,6,22,18],[20,4,16,24,19,23,21,17,12,8,7,5,22],[4,20,24,23,19,21,17,12,16,8,7,5,6,22,18],[12,20,4,24,19,23,17,21,8,7,5,16,22],[4,16,8,24,20,7,19,5,17,12,23,21,6,22,18],[8,12,16,20,19,7,5,17,4,24,23,21,6,22,18],[8,12,16,20,7,19,5,17,4,24,23,21,22],[8,24,20,19,7,5,17,16,4,12,23,21,6,22,18],[8,24,20,19,7,17,5,4,16,12,23,21,6,22,18],[16,4,24,12,20,23,19,17,21,8,7,5,6,22,18],[24,20,23,19,21,17,8,7,5,4,16,12,22],[4,20,16,8,7,19,17,5,24,12,23,21,6,22,18],[12,4,8,20,7,19,5,17,24,16,23,21,6,22,18],[12,4,16,24,20,23,19,21,17,8,7,5,6,22,18],[8,20,19,7,17,5,16,4,24,12,23,21,6,22,18],[4,12,8,24,20,7,19,17,5,16,23,21,22],[8,4,16,24,20,19,7,5,17,12,23,21,22],[4,20,8,19,7,5,17,12,24,16,23,21,6,22,18],[16,20,24,19,23,17,21,12,8,7,5,4,6,22,18],[24,8,4,12,20,7,19,5,17,16,23,21,6,22,18],[4,12,20,24,19,23,21,17,8,7,5,16,6,22,18],[24,4,12,16,20,23,19,17,21,8,7,5,22],[20,8,7,19,5,17,12,4,24,16,23,21,22],[16,24,8,20,7,19,5,17,12,4,23,21,22],[8,16,24,4,20,7,19,5,17,12,23,21,6,22,18],[24,16,20,23,19,17,21,12,8,7,5,4,22],[12,24,16,20,19,23,17,21,8,7,5,4,22],[12,8,16,24,20,7,19,5,17,4,23,21,22],[16,4,24,8,12,20,7,19,17,5,23,21,6,22,18],[20,16,8,19,7,5,17,4,24,12,23,21,6,22,18],[16,12,20,8,19,7,17,5,24,4,23,21,22],[16,12,20,4,24,23,19,17,21,8,7,5,22],[4,12,8,20,7,19,5,17,16,24,23,21,6,22,18],[12,16,24,8,20,7,19,5,17,4,23,21,22],[24,20,23,19,21,17,12,16,4,8,7,5,22],[8,12,4,16,20,7,19,17,5,24,23,21,6,22,18],[8,12,4,24,20,19,7,17,5,16,23,21,6,22,18],[4,24,16,20,23,19,17,21,12,8,7,5,6,22,18],[4,24,16,8,20,19,7,17,5,12,23,21,22],[4,12,24,20,19,23,21,17,16,8,7,5,6,22,18],[20,16,12,8,19,7,5,17,4,24,23,21,22],[8,24,4,12,16,20,7,19,5,17,23,21,6,22,18],[16,4,12,24,8,20,7,19,17,5,23,21,22],[20,4,24,19,23,21,17,8,7,5,16,12,6,22,18],[4,8,24,20,19,7,5,17,16,12,23,21,22],[20,8,19,7,5,17,16,24,12,4,23,21,22],[20,8,19,7,17,5,12,24,4,16,23,21,22],[16,4,12,20,24,19,23,17,21,8,7,5,22],[16,24,12,20,23,19,17,21,4,8,7,5,22],[24,12,4,16,8,20,19,7,17,5,23,21,22],[4,16,12,24,8,20,19,7,5,17,23,21,22],[20,12,8,7,19,5,17,24,4,16,23,21,6,22,18],[4,16,8,20,7,19,5,17,12,24,23,21,6,22,18],[4,16,12,20,8,19,7,5,17,24,23,21,6,22,18],[8,12,24,16,4,20,19,7,17,5,23,21,6,22,18],[24,20,19,23,17,21,4,8,7,5,16,12,6,22,18],[8,24,12,20,7,19,17,5,4,16,23,21,22],[20,24,23,19,17,21,8,7,5,4,12,15,6,22,18,16],[16,12,8,4,24,20,19,7,5,17,23,21,6,22,18],[16,24,4,20,23,19,17,21,8,7,5,12,6,22,18],[12,16,4,24,20,23,19,17,21,8,7,5,6,22,18],[16,20,4,8,7,19,5,17,24,12,23,21,6,22,18],[16,4,24,8,12,20,19,7,5,17,23,21,6,22,18],[16,24,12,20,19,23,21,17,4,8,7,5,6,22,18],[16,4,20,24,23,19,21,17,8,7,5,12,6,22,18],[16,20,4,24,19,23,17,21,8,7,5,12,6,22,18],[4,20,16,24,19,23,17,21,8,7,5,12,22],[8,4,16,20,19,7,17,5,24,12,23,21,6,22,18],[16,20,8,7,19,17,5,24,12,4,23,21,22],[4,20,12,16,24,23,19,17,21,8,7,5,6,22,18],[20,12,24,23,19,17,21,16,4,8,7,5,22],[20,24,19,23,21,17,4,12,16,8,7,5,6,22,18],[20,8,19,7,5,17,4,16,24,12,23,21,6,22,18],[16,20,4,12,24,23,19,17,21,8,7,5,6,22,18],[8,4,24,12,16,20,7,19,5,17,23,21,22],[20,12,24,19,23,21,17,16,8,7,5,4,22],[12,20,4,16,24,19,23,17,21,8,7,5,22],[8,4,12,16,24,20,19,7,17,5,23,21,6,22,18],[8,24,12,16,4,20,7,19,17,5,23,21,6,22,18],[4,24,12,20,23,19,21,17,8,7,5,16,6,22,18],[24,4,16,12,20,19,23,21,17,8,7,5,22],[12,4,8,16,20,7,19,5,17,24,23,21,6,22,18],[16,12,4,24,8,20,7,19,17,5,23,21,22],[20,8,7,19,17,5,24,4,12,16,23,21,22],[24,8,12,20,19,7,5,17,4,16,23,21,22],[20,24,19,23,17,21,12,16,8,7,5,4,22],[16,20,4,8,19,7,5,17,12,24,23,21,22],[24,8,12,16,4,20,7,19,17,5,23,21,22],[20,16,8,7,19,17,5,12,4,24,23,21,6,22,18],[20,4,16,12,24,19,23,17,21,8,7,5,22],[8,24,4,16,20,19,7,5,17,12,23,21,6,22,18],[8,24,4,12,20,19,7,5,17,16,23,21,6,22,18],[16,12,20,4,24,23,19,17,21,8,7,5,22],[12,8,4,16,20,7,19,5,17,24,23,21,6,22,18],[16,8,24,20,19,7,5,17,4,12,23,21,6,22,18],[20,4,16,12,24,23,19,17,21,8,7,5,6,22,18],[24,4,20,23,19,17,21,12,16,8,7,5,6,22,18],[8,24,4,20,7,19,5,17,12,16,23,21,22],[4,12,8,24,16,20,7,19,5,17,23,21,22],[8,20,7,19,5,17,24,4,12,16,23,21,22],[20,16,4,24,19,23,17,21,8,7,5,12,6,22,18],[16,24,8,12,4,20,19,7,17,5,23,21,22],[12,4,16,20,24,23,19,17,21,8,7,5,6,22,18],[8,16,24,20,7,19,5,17,12,4,23,21,6,22,18],[24,16,12,4,20,19,23,17,21,8,7,5,6,22,18],[24,16,4,12,20,23,19,21,17,8,7,5,22],[12,24,4,8,16,20,7,19,17,5,23,21,22],[16,24,4,12,8,20,7,19,17,5,23,21,6,22,18],[16,12,24,20,23,19,21,17,4,8,7,5,6,22,18],[24,20,19,23,21,17,12,8,7,5,16,4,22],[16,24,12,20,19,23,21,17,8,7,5,4,22],[8,12,4,24,20,19,7,17,5,16,23,21,6,22,18],[4,12,24,16,20,23,19,21,17,8,7,5,22],[8,24,12,16,4,20,7,19,5,17,23,21,6,22,18],[24,16,12,20,23,19,17,21,8,7,5,4,6,22,18],[12,20,8,7,19,17,5,24,16,4,23,21,6,22,18],[12,24,4,16,8,20,7,19,17,5,23,21,22],[8,20,7,19,5,17,24,12,4,16,23,21,6,22,18],[4,24,20,19,23,21,17,12,8,7,5,16,22],[8,4,24,20,19,7,17,5,12,16,23,21,6,22,18],[16,4,8,24,12,20,19,7,17,5,23,21,6,22,18],[20,16,12,8,7,19,5,17,4,24,23,21,22],[12,16,8,20,7,19,5,17,24,4,23,21,22],[20,12,8,19,7,5,17,24,4,16,23,21,6,22,18],[20,4,8,7,19,17,5,24,16,12,23,21,22],[12,24,20,23,19,21,17,16,4,8,7,5,6,22,18],[8,16,20,7,19,5,17,12,4,24,23,21,6,22,18],[12,20,16,4,8,7,19,17,5,24,23,21,22],[8,12,4,16,24,20,7,19,5,17,23,21,6,22,18],[16,12,4,8,24,20,19,7,5,17,23,21,6,22,18],[8,20,19,7,5,17,12,24,4,16,23,21,6,22,18],[8,24,12,4,20,7,19,17,5,16,23,21,22],[12,20,8,7,19,17,5,4,24,16,23,21,6,22,18],[12,8,4,16,20,7,19,17,5,24,23,21,6,22,18],[24,12,20,19,23,17,21,4,8,7,5,16,22],[24,20,23,19,21,17,16,12,4,8,7,5,22],[16,12,4,24,20,23,19,21,17,8,7,5,6,22,18],[16,24,4,8,12,20,7,19,5,17,23,21,22],[16,4,20,12,8,19,7,5,17,24,23,21,22],[8,24,16,12,20,7,19,17,5,4,23,21,6,22,18],[20,4,12,8,7,19,17,5,24,16,23,21,22],[12,4,8,20,7,19,5,17,16,24,23,21,22],[16,8,24,12,20,19,7,17,5,4,23,21,22],[16,20,8,19,7,17,5,4,12,24,23,21,22],[20,24,23,19,21,17,8,7,5,12,4,16,22],[12,16,20,4,8,19,7,17,5,24,23,21,6,22,18],[4,24,16,12,20,23,19,21,17,8,7,5,6,22,18],[16,24,20,19,23,21,17,4,12,8,7,5,22],[16,12,4,8,24,20,7,19,17,5,23,21,22],[20,16,8,7,19,17,5,24,4,12,23,21,6,22,18],[4,12,16,8,20,19,7,5,17,24,23,21,22],[8,4,20,19,7,5,17,12,16,24,23,21,6,22,18],[8,16,24,12,20,7,19,5,17,4,23,21,6,22,18],[4,24,8,16,12,20,19,7,17,5,23,21,22],[8,20,19,7,17,5,4,16,24,12,23,21,6,22,18],[24,12,8,4,20,7,19,17,5,16,23,21,6,22,18],[20,4,12,8,7,19,17,5,24,16,23,21,22],[12,24,8,16,20,7,19,5,17,4,23,21,22],[20,16,12,8,19,7,17,5,24,4,23,21,22],[24,20,23,19,21,17,8,7,5,4,12,16,22],[12,16,24,4,8,20,19,7,5,17,23,21,6,22,18],[8,20,19,7,5,17,12,16,24,4,23,21,22],[4,8,24,16,12,20,7,19,5,17,23,21,6,22,18],[12,24,4,8,16,20,19,7,5,17,23,21,6,22,18],[8,16,24,12,20,7,19,17,5,4,23,21,6,22,18],[8,4,16,20,19,7,17,5,24,12,23,21,22],[8,20,7,19,5,17,4,12,24,16,23,21,22],[12,20,8,19,7,17,5,4,16,24,23,21,22],[4,12,20,24,19,23,21,17,8,7,5,16,22],[8,16,12,20,19,7,5,17,4,24,23,21,6,22,18],[16,8,12,20,19,7,5,17,4,24,23,21,6,22,18],[20,4,16,8,19,7,5,17,24,12,23,21,6,22,18],[20,12,4,8,19,7,5,17,16,24,23,21,6,22,18],[12,16,8,24,4,20,19,7,17,5,23,21,6,22,18],[12,4,8,20,7,19,5,17,24,16,23,21,6,22,18],[8,16,24,4,20,7,19,5,17,12,23,21,6,22,18],[4,8,16,20,7,19,5,17,12,24,23,21,6,22,18],[16,8,12,4,24,20,19,7,5,17,23,21,22],[20,4,8,7,19,5,17,16,12,24,23,21,22],[20,16,8,19,7,17,5,24,4,12,23,21,6,22,18],[12,24,4,16,8,20,7,19,5,17,23,21,6,22,18],[4,8,12,16,20,7,19,5,17,24,23,21,6,22,18],[8,4,20,19,7,17,5,12,24,16,23,21,6,22,18],[8,4,16,20,19,7,5,17,12,24,23,21,6,22,18],[4,16,8,24,20,19,7,17,5,12,23,21,6,22,18],[24,8,16,12,4,20,7,19,17,5,23,21,6,22,18],[20,12,16,4,8,7,19,5,17,24,23,21,6,22,18],[4,24,16,8,12,20,19,7,5,17,23,21,22],[16,12,20,24,19,23,17,21,8,7,5,4,6,22,18],[4,24,12,8,16,20,7,19,17,5,23,21,6,22,18],[8,24,16,12,4,20,19,7,5,17,23,21,6,22,18],[12,8,4,20,19,7,17,5,16,24,23,21,22],[4,8,16,20,7,19,5,17,24,12,23,21,22],[12,16,20,4,24,19,23,17,21,8,7,5,6,22,18],[20,16,12,24,19,23,21,17,4,8,7,5,6,22,18],[12,16,4,24,20,19,23,17,21,8,7,5,6,22,18],[4,20,24,23,19,17,21,16,12,8,7,5,6,22,18],[20,16,4,24,19,23,17,21,12,8,7,5,22],[4,16,20,12,24,19,23,21,17,8,7,5,22],[8,24,16,12,4,20,19,7,5,17,23,21,6,22,18],[24,12,4,20,19,23,21,17,16,8,7,5,6,22,18],[24,8,4,16,12,20,19,7,5,17,23,21,6,22,18],[16,8,20,7,19,17,5,4,24,12,23,21,22],[16,24,8,20,7,19,17,5,12,4,23,21,22],[4,24,16,12,8,20,7,19,17,5,23,21,22],[24,20,23,19,21,17,16,12,4,8,7,5,6,22,18],[20,16,4,24,23,19,21,17,12,8,7,5,6,22,18],[20,16,4,24,19,23,21,17,8,7,5,12,6,22,18],[8,12,24,20,19,7,17,5,4,16,23,21,22],[12,24,16,8,20,19,7,5,17,4,23,21,22],[20,16,8,19,7,5,17,24,4,12,23,21,6,22,18],[16,8,24,4,12,20,7,19,5,17,23,21,22],[12,24,20,19,23,21,17,4,16,8,7,5,6,22,18],[24,4,16,20,23,19,17,21,12,8,7,5,6,22,18],[16,24,4,20,19,23,21,17,8,7,5,12,22],[4,20,12,24,23,19,17,21,16,8,7,5,22],[4,16,8,24,20,19,7,5,17,12,23,21,22],[24,8,12,4,20,19,7,17,5,16,23,21,6,22,18],[16,20,12,4,24,23,19,21,17,8,7,5,6,22,18],[12,20,8,19,7,17,5,4,16,24,23,21,6,22,18],[4,8,20,19,7,5,17,16,24,12,23,21,6,22,18],[4,16,12,24,8,20,7,19,5,17,23,21,22],[24,8,20,7,19,17,5,12,4,16,23,21,22],[24,4,20,19,23,21,17,16,8,7,5,12,6,22,18],[16,20,24,19,23,21,17,12,8,7,5,4,6,22,18],[8,4,20,19,7,17,5,16,24,12,23,21,22],[24,20,23,19,17,21,12,8,7,5,16,4,6,22,18],[20,4,24,19,23,21,17,8,7,5,16,12,6,22,18],[4,12,8,20,7,19,17,5,24,16,23,21,6,22,18],[12,24,20,23,19,17,21,8,7,5,16,4,22],[4,8,20,19,7,5,17,16,24,12,23,21,6,22,18],[24,12,8,20,7,19,5,17,16,4,23,21,6,22,18],[20,8,7,19,5,17,24,12,4,16,23,21,22],[20,24,23,19,17,21,16,4,8,7,5,12,22],[12,8,16,4,24,20,7,19,5,17,23,21,22],[20,4,16,8,7,19,17,5,12,24,23,21,22],[20,16,8,7,19,17,5,12,24,4,23,21,6,22,18],[16,4,24,8,20,19,7,17,5,12,23,21,6,22,18],[24,20,23,19,21,17,16,4,12,8,7,5,22],[8,16,20,7,19,5,17,12,24,4,23,21,6,22,18],[12,16,8,24,20,7,19,5,17,4,23,21,22],[16,8,12,20,19,7,17,5,24,4,23,21,6,22,18],[20,24,19,23,17,21,16,12,8,7,5,4,22],[24,16,20,23,19,17,21,8,7,5,4,12,6,22,18],[4,16,24,12,20,19,23,17,21,8,7,5,22],[12,24,4,20,19,23,17,21,16,8,7,5,22],[8,12,4,20,7,19,5,17,16,24,23,21,22],[12,20,16,4,24,23,19,17,21,8,7,5,6,22,18],[12,24,8,16,20,19,7,5,17,4,23,21,6,22,18],[8,24,12,20,19,7,5,17,16,4,23,21,22],[24,8,12,20,7,19,17,5,16,4,23,21,22],[24,8,20,7,19,17,5,12,16,4,23,21,22],[4,8,12,20,19,7,5,17,16,24,23,21,22],[4,20,8,19,7,17,5,12,16,24,23,21,6,22,18],[24,16,8,4,12,20,7,19,5,17,23,21,22],[20,24,23,19,21,17,12,16,4,8,7,5,22],[12,16,24,4,20,19,23,17,21,8,7,5,22],[20,24,23,19,21,17,16,12,8,7,5,4,22],[16,8,4,24,20,7,19,17,5,12,23,21,6,22,18],[24,4,16,12,8,20,19,7,5,17,23,21,22],[16,20,24,23,19,17,21,8,7,5,4,12,6,22,18],[8,16,12,4,24,20,7,19,5,17,23,21,6,22,18],[12,20,24,23,19,21,17,16,8,7,5,4,22],[24,12,16,4,8,20,7,19,5,17,23,21,6,22,18],[24,4,8,20,7,19,17,5,12,16,23,21,22],[16,12,24,8,20,7,19,17,5,4,23,21,6,22,18],[8,20,7,19,17,5,12,16,24,4,23,21,22],[8,12,16,4,20,19,7,5,17,24,23,21,22],[24,12,16,4,8,20,19,7,17,5,23,21,6,22,18],[4,12,8,16,20,19,7,5,17,24,23,21,6,22,18],[4,24,20,23,19,17,21,16,8,7,5,12,22],[16,12,24,8,4,20,19,7,17,5,23,21,22],[16,24,12,4,20,23,19,17,21,8,7,5,6,22,18],[20,16,4,12,24,23,19,21,17,8,7,5,6,22,18],[4,20,16,24,19,23,17,21,12,8,7,5,22],[16,4,8,12,24,20,19,7,17,5,23,21,6,22,18],[24,20,23,19,21,17,4,16,12,8,7,5,6,22,18],[16,4,24,20,23,19,17,21,12,8,7,5,22],[20,24,19,23,21,17,8,7,5,12,16,4,22],[4,16,8,20,7,19,5,17,12,24,23,21,22],[16,24,4,20,19,23,17,21,12,8,7,5,22],[4,16,8,20,19,7,17,5,24,12,23,21,22],[24,8,4,20,7,19,5,17,16,12,23,21,22],[12,8,4,16,20,19,7,17,5,24,23,21,6,22,18],[12,16,4,24,8,20,19,7,17,5,23,21,22],[8,12,24,4,16,20,19,7,17,5,23,21,6,22,18],[12,8,24,20,7,19,5,17,4,16,23,21,6,22,18],[24,20,19,23,17,21,12,8,7,5,16,4,22],[12,8,16,24,4,20,7,19,17,5,23,21,22],[4,16,8,20,7,19,5,17,12,24,23,21,22],[12,20,4,16,8,19,7,17,5,24,23,21,6,22,18],[20,12,24,19,23,17,21,8,7,5,4,16,6,22,18],[20,24,19,23,17,21,4,12,16,8,7,5,6,22,18],[8,16,12,24,20,7,19,17,5,4,23,21,22],[4,20,8,7,19,17,5,12,24,16,23,21,22],[16,12,4,8,24,20,19,7,5,17,23,21,22],[12,20,8,7,19,5,17,4,24,16,23,21,6,22,18],[20,16,12,8,7,19,17,5,4,24,23,21,22],[20,24,19,23,21,17,8,7,5,4,16,12,22],[4,8,24,20,19,7,17,5,16,12,23,21,6,22,18],[8,16,12,4,24,20,19,7,5,17,23,21,6,22,18],[20,12,4,8,7,19,17,5,16,24,23,21,22],[24,20,23,19,17,21,4,16,8,7,5,12,22],[8,16,20,7,19,5,17,12,24,4,23,21,22],[20,16,24,23,19,21,17,12,4,8,7,5,22],[12,8,20,7,19,17,5,16,4,24,23,21,22],[8,12,24,20,19,7,17,5,16,4,23,21,6,22,18],[24,12,4,16,20,23,19,17,21,8,7,5,22],[24,12,4,20,19,23,21,17,16,8,7,5,6,22,18],[12,20,4,24,19,23,17,21,16,8,7,5,22],[12,4,16,24,20,19,23,21,17,8,7,5,6,22,18],[16,12,24,20,19,23,17,21,4,8,7,5,6,22,18],[24,12,8,16,20,19,7,5,17,4,23,21,6,22,18],[20,12,16,8,7,19,5,17,4,24,23,21,22],[24,8,4,20,7,19,17,5,12,16,23,21,6,22,18],[24,4,8,12,20,7,19,17,5,16,23,21,6,22,18],[20,16,8,19,7,5,17,12,4,24,23,21,22],[4,12,16,20,8,19,7,17,5,24,23,21,22],[12,20,16,4,8,19,7,5,17,24,23,21,6,22,18],[8,16,20,7,19,17,5,12,4,24,23,21,6,22,18],[12,4,8,20,7,19,5,17,24,16,23,21,6,22,18],[8,16,20,7,19,17,5,24,4,12,23,21,22],[24,20,23,19,21,17,4,16,8,7,5,12,6,22,18],[8,24,12,4,16,20,7,19,5,17,23,21,22],[20,24,23,19,17,21,8,7,5,4,16,12,22],[20,8,7,19,17,5,4,16,12,24,23,21,6,22,18],[24,4,8,20,7,19,5,17,12,15,23,21,6,22,18,16],[24,8,20,19,7,5,17,16,12,4,23,21,6,22,18],[4,16,8,24,20,19,7,5,17,12,23,21,22],[8,16,4,24,20,7,19,5,17,12,23,21,6,22,18],[4,24,16,20,19,23,21,17,8,7,5,12,6,22,18],[24,16,20,19,23,17,21,8,7,5,12,4,22],[20,24,23,19,17,21,12,8,7,5,16,4,22],[16,24,12,20,19,23,17,21,4,8,7,5,22],[12,24,16,20,23,19,21,17,8,7,5,4,22],[24,16,20,23,19,21,17,12,8,7,5,4,6,22,18],[24,16,12,4,20,19,23,17,21,8,7,5,6,22,18],[24,8,16,20,7,19,17,5,12,4,23,21,6,22,18],[20,4,12,8,19,7,17,5,16,24,23,21,6,22,18],[16,4,12,24,8,20,7,19,17,5,23,21,6,22,18],[4,24,20,19,23,21,17,8,7,5,12,16,22],[4,16,12,20,24,23,19,21,17,8,7,5,22],[16,4,20,8,7,19,17,5,12,24,23,21,22],[4,12,20,16,24,19,23,21,17,8,7,5,6,22,18],[20,16,8,19,7,5,17,4,24,12,23,21,6,22,18],[4,16,24,12,8,20,19,7,5,17,23,21,22],[12,24,8,20,19,7,17,5,16,4,23,21,6,22,18],[16,4,20,8,19,7,5,17,24,12,23,21,6,22,18],[4,8,12,16,20,19,7,5,17,24,23,21,22],[4,12,24,8,20,19,7,5,17,16,23,21,22],[16,4,24,8,12,20,7,19,17,5,23,21,6,22,18],[20,24,19,23,17,21,4,16,12,8,7,5,6,22,18],[16,24,8,20,19,7,17,5,4,12,23,21,22],[24,8,20,19,7,17,5,12,4,16,23,21,22],[4,20,24,23,19,17,21,12,8,7,5,16,22],[16,8,24,20,19,7,17,5,12,4,23,21,6,22,18],[12,4,24,8,20,7,19,5,17,16,23,21,22],[16,8,20,19,7,17,5,24,4,12,23,21,22],[8,20,7,19,5,17,4,16,24,12,23,21,22],[4,24,12,20,23,19,21,17,16,8,7,5,22],[16,8,20,7,19,5,17,24,12,4,23,21,22],[16,12,20,4,24,23,19,17,21,8,7,5,22],[24,4,16,12,20,19,23,21,17,8,7,5,6,22,18],[24,12,8,4,16,20,19,7,5,17,23,21,22],[12,8,16,4,24,20,7,19,5,17,23,21,6,22,18],[12,20,4,16,8,19,7,17,5,24,23,21,6,22,18],[8,12,16,24,4,20,19,7,17,5,23,21,6,22,18],[8,4,20,19,7,5,17,16,24,12,23,21,6,22,18],[20,4,16,24,19,23,17,21,8,7,5,12,6,22,18],[8,12,16,4,24,20,19,7,17,5,23,21,6,22,18],[16,24,20,19,23,21,17,8,7,5,4,12,22],[8,16,24,20,7,19,5,17,12,4,23,21,6,22,18],[16,8,4,24,12,20,19,7,5,17,23,21,22],[8,20,19,7,17,5,12,4,16,24,23,21,6,22,18],[8,20,19,7,17,5,24,12,16,4,23,21,22],[8,20,19,7,5,17,4,24,12,16,23,21,6,22,18],[20,8,7,19,5,17,12,16,24,4,23,21,6,22,18],[16,24,20,23,19,21,17,12,4,8,7,5,6,22,18],[12,24,20,23,19,21,17,4,8,7,5,16,6,22,18],[8,12,4,24,20,19,7,17,5,16,23,21,6,22,18],[16,12,24,20,23,19,17,21,8,7,5,4,22],[24,20,19,23,17,21,8,7,5,12,16,4,6,22,18],[20,8,19,7,5,17,4,12,16,24,23,21,6,22,18],[16,4,24,8,12,20,19,7,17,5,23,21,22],[12,8,16,4,20,19,7,17,5,24,23,21,6,22,18],[24,12,16,20,19,23,17,21,8,7,5,4,22],[12,24,4,8,16,20,19,7,5,17,23,21,22],[20,16,12,24,19,23,21,17,8,7,5,4,22],[12,16,4,8,20,19,7,17,5,24,23,21,22],[20,4,8,19,7,5,17,24,16,12,23,21,22],[8,4,16,24,20,19,7,17,5,12,23,21,6,22,18],[4,12,24,16,8,20,19,7,17,5,23,21,22],[12,24,16,8,4,20,19,7,17,5,23,21,6,22,18],[20,24,23,19,21,17,4,12,16,8,7,5,22],[8,4,20,19,7,5,17,16,24,12,23,21,22],[4,8,16,12,20,19,7,17,5,24,23,21,22],[12,4,20,8,7,19,17,5,24,16,23,21,6,22,18],[4,8,20,7,19,17,5,24,12,16,23,21,6,22,18],[24,4,12,20,19,23,17,21,8,7,5,16,22],[4,8,20,7,19,5,17,24,12,16,23,21,6,22,18],[12,16,4,24,20,19,23,17,21,8,7,5,6,22,18],[24,20,23,19,17,21,12,4,8,7,5,16,22],[8,16,24,20,7,19,5,17,12,4,23,21,6,22,18],[4,20,8,19,7,17,5,16,12,24,23,21,22],[4,16,8,24,12,20,19,7,5,17,23,21,22],[24,12,8,4,20,19,7,5,17,16,23,21,22],[4,16,20,12,8,7,19,17,5,24,23,21,22],[16,24,12,8,4,20,19,7,5,17,23,21,6,22,18],[4,24,16,12,20,19,23,17,21,8,7,5,22],[8,16,4,12,20,7,19,5,17,24,23,21,6,22,18],[24,8,12,20,7,19,17,5,4,16,23,21,6,22,18],[8,12,4,24,16,20,7,19,17,5,23,21,6,22,18],[20,8,19,7,5,17,4,24,16,12,23,21,22],[20,24,19,23,17,21,8,7,5,16,4,12,22],[8,20,7,19,5,17,4,16,12,24,23,21,22],[8,4,20,7,19,17,5,24,12,16,23,21,22],[20,4,12,24,23,19,17,21,8,7,5,16,22],[20,8,7,19,17,5,4,16,24,12,23,21,6,22,18],[16,12,8,4,24,20,19,7,17,5,23,21,6,22,18],[24,16,4,12,8,20,7,19,17,5,23,21,22],[12,24,20,23,19,21,17,8,7,5,4,16,22],[16,20,12,8,7,19,5,17,4,24,23,21,6,22,18],[24,4,16,20,19,23,17,21,12,8,7,5,6,22,18],[4,24,12,8,16,20,19,7,5,17,23,21,6,22,18],[4,8,20,19,7,5,17,16,12,24,23,21,6,22,18],[8,12,4,24,20,7,19,5,17,16,23,21,6,22,18],[20,8,7,19,5,17,16,12,24,4,23,21,6,22,18],[4,16,8,12,20,19,7,17,5,24,23,21,6,22,18],[4,16,24,8,20,19,7,17,5,12,23,21,22],[8,20,7,19,17,5,24,4,16,12,23,21,22],[8,16,4,24,20,19,7,17,5,12,23,21,6,22,18],[4,12,16,8,20,19,7,5,17,24,23,21,6,22,18],[16,24,8,4,12,20,19,7,17,5,23,21,22],[16,4,20,12,8,19,7,5,17,24,23,21,6,22,18],[20,8,19,7,17,5,24,4,16,12,23,21,22],[24,20,23,19,21,17,4,12,8,7,5,16,6,22,18],[12,8,20,7,19,17,5,4,16,24,23,21,22],[8,20,7,19,17,5,16,24,12,4,23,21,22],[24,8,20,7,19,5,17,12,16,4,23,21,6,22,18],[8,20,19,7,17,5,16,12,24,4,23,21,6,22,18],[12,4,8,20,19,7,17,5,16,24,23,21,6,22,18],[24,16,12,4,20,19,23,17,21,8,7,5,6,22,18],[8,4,12,24,20,19,7,5,17,16,23,21,22],[8,24,12,16,4,20,19,7,17,5,23,21,6,22,18],[4,20,12,24,23,19,17,21,8,7,5,16,22],[24,12,4,16,8,20,19,7,17,5,23,21,6,22,18],[4,24,12,16,20,23,19,17,21,8,7,5,6,22,18],[24,16,8,12,4,20,19,7,17,5,23,21,6,22,18],[24,12,20,19,23,17,21,8,7,5,16,4,22],[4,16,20,24,19,23,17,21,12,8,7,5,6,22,18],[20,8,19,7,5,17,16,4,24,12,23,21,22],[12,8,16,20,7,19,17,5,4,24,23,21,6,22,18],[16,24,12,20,23,19,17,21,4,8,7,5,22],[24,12,20,23,19,21,17,4,16,8,7,5,22],[20,8,7,19,17,5,16,12,24,4,23,21,22],[20,24,23,19,21,17,4,8,7,5,12,16,22],[12,24,4,8,20,7,19,17,5,16,23,21,22],[16,8,4,20,7,19,17,5,24,12,23,21,22],[20,4,24,19,23,21,17,16,8,7,5,12,22],[4,8,12,24,20,7,19,17,5,16,23,21,6,22,18],[20,24,23,19,17,21,8,7,5,3,16,12,6,22,18,4],[4,16,24,12,8,20,19,7,5,17,23,21,22],[8,20,19,7,5,17,16,24,12,4,23,21,22],[4,8,12,16,20,19,7,5,17,24,23,21,22],[24,4,12,20,23,19,17,21,16,8,7,5,6,22,18],[8,24,12,4,20,19,7,5,17,16,23,21,22],[8,16,24,20,7,19,17,5,12,4,23,21,22],[20,8,19,7,5,17,12,16,24,4,23,21,22],[24,16,12,4,20,19,23,17,21,8,7,5,22],[20,4,12,16,24,23,19,17,21,8,7,5,6,22,18],[24,8,4,20,7,19,17,5,12,16,23,21,6,22,18],[4,24,16,20,23,19,21,17,12,8,7,5,6,22,18],[20,12,4,16,24,23,19,21,17,8,7,5,6,22,18],[4,12,24,8,16,20,19,7,17,5,23,21,6,22,18],[24,8,4,12,20,19,7,5,17,16,23,21,6,22,18],[12,24,4,8,16,20,7,19,17,5,23,21,6,22,18],[12,20,16,8,7,19,5,17,24,4,23,21,22],[16,24,4,8,12,20,7,19,17,5,23,21,6,22,18],[8,20,7,19,5,17,24,12,4,16,23,21,6,22,18],[24,8,12,4,20,7,19,5,17,16,23,21,6,22,18],[20,4,24,23,19,17,21,8,7,5,16,12,22],[20,12,16,24,23,19,17,21,8,7,5,4,6,22,18],[8,4,20,19,7,5,17,24,12,16,23,21,22],[20,12,4,8,7,19,17,5,16,24,23,21,6,22,18],[4,12,24,16,8,20,19,7,5,17,23,21,6,22,18],[4,16,8,12,20,19,7,5,17,24,23,21,6,22,18],[16,12,4,8,20,19,7,17,5,24,23,21,22],[24,8,16,12,4,20,19,7,5,17,23,21,22],[8,4,16,12,20,7,19,17,5,24,23,21,6,22,18],[12,16,24,20,23,19,21,17,8,7,5,4,6,22,18],[16,12,20,24,19,23,21,17,8,7,5,4,22],[24,8,4,16,20,19,7,5,17,12,23,21,6,22,18],[4,20,12,8,7,19,5,17,24,16,23,21,22],[20,16,12,24,19,23,17,21,8,7,5,4,6,22,18],[4,16,12,8,20,7,19,5,17,24,23,21,6,22,18],[24,12,16,8,4,20,19,7,17,5,23,21,22],[24,8,16,20,7,19,5,17,4,12,23,21,6,22,18],[4,12,20,8,19,7,17,5,16,24,23,21,22],[8,16,20,19,7,5,17,24,12,4,23,21,22],[16,8,12,4,20,7,19,5,17,24,23,21,22],[24,16,20,19,23,17,21,4,8,7,5,12,22],[16,20,12,8,19,7,17,5,4,24,23,21,6,22,18],[12,4,24,16,20,23,19,21,17,8,7,5,22],[4,24,16,8,20,7,19,5,17,12,23,21,6,22,18],[16,8,12,20,7,19,17,5,4,23,24,21,22],[24,20,19,23,21,17,16,4,12,8,7,5,22],[8,4,24,12,16,20,19,7,5,17,23,21,6,22,18],[12,4,24,20,19,23,17,21,8,7,5,16,22],[4,8,20,19,7,17,5,12,16,24,23,21,6,22,18],[16,4,24,20,23,19,21,17,8,7,5,12,6,22,18],[24,16,20,19,23,21,17,12,4,8,7,5,22],[8,16,12,24,4,20,7,19,17,5,23,21,22],[4,24,8,20,19,7,17,5,12,16,23,21,22],[8,4,24,20,7,19,17,5,12,16,23,21,6,22,18],[20,24,19,23,21,17,16,8,7,5,4,12,6,22,18],[12,20,24,19,23,17,21,8,7,5,16,4,22],[16,24,8,20,19,7,17,5,4,12,23,21,6,22,18],[8,16,24,20,19,7,5,17,12,4,23,21,22],[24,4,8,12,16,20,19,7,5,17,23,21,6,22,18],[8,12,20,19,7,5,17,24,16,4,23,21,6,22,18],[8,4,20,19,7,17,5,24,12,16,23,21,6,22,18],[4,12,16,20,8,7,19,5,17,24,23,21,6,22,18],[24,8,4,20,19,7,5,17,12,16,23,21,22],[12,20,8,19,7,17,5,24,16,4,23,21,6,22,18],[8,4,20,7,19,5,17,16,24,12,23,21,6,22,18],[20,12,16,4,8,7,19,17,5,24,23,21,6,22,18],[8,16,12,24,20,7,19,17,5,4,23,21,6,22,18],[24,4,12,8,16,20,19,7,5,17,23,21,6,22,18],[16,4,24,8,12,20,19,7,5,17,23,21,6,22,18],[16,12,24,20,23,19,21,17,4,8,7,5,6,22,18],[12,24,16,8,20,7,19,17,5,4,23,21,6,22,18],[24,20,19,23,17,21,4,16,12,8,7,5,6,22,18],[4,16,20,8,7,19,17,5,24,12,23,21,6,22,18],[12,20,24,19,23,17,21,16,8,7,5,4,22],[4,24,8,12,20,7,19,17,5,16,23,21,22],[8,12,24,16,4,20,19,7,17,5,23,21,6,22,18],[8,24,20,7,19,5,17,16,4,12,23,21,6,22,18],[4,8,12,20,7,19,17,5,16,24,23,21,6,22,18],[24,16,8,4,20,7,19,17,5,12,23,21,6,22,18],[16,4,12,24,8,20,19,7,5,17,23,21,22],[20,8,19,7,5,17,12,4,16,24,23,21,6,22,18],[8,20,7,19,17,5,24,16,4,12,23,21,22],[16,4,12,8,24,20,7,19,5,17,23,21,22],[12,16,8,4,24,20,7,19,17,5,23,21,6,22,18],[4,16,8,12,24,20,7,19,5,17,23,21,6,22,18],[20,16,24,23,19,21,17,8,7,5,12,4,22],[12,8,16,24,20,7,19,17,5,4,23,21,6,22,18],[8,4,16,20,19,7,17,5,11,24,23,21,22,12],[20,4,16,8,7,19,17,5,24,12,23,21,6,22,18],[12,16,24,20,23,19,17,21,8,7,5,4,6,22,18],[16,12,24,8,4,20,7,19,5,17,23,21,22],[8,24,16,12,4,20,19,7,5,17,23,21,22],[16,8,20,7,19,5,17,4,24,12,23,21,22],[8,20,7,19,17,5,24,12,16,4,23,21,6,22,18],[20,16,4,8,19,7,17,5,24,12,23,21,22],[12,8,24,4,20,7,19,5,17,16,23,21,6,22,18],[12,20,24,23,19,21,17,4,8,7,5,16,22],[16,12,8,24,20,7,19,5,17,4,23,21,22],[20,8,19,7,17,5,12,4,24,16,23,21,22],[24,8,20,19,7,17,5,4,12,16,23,21,22],[8,20,19,7,5,17,4,12,24,16,23,21,6,22,18],[20,4,12,8,19,7,17,5,24,16,23,21,22],[20,24,19,23,17,21,4,8,7,5,16,12,6,22,18],[16,8,12,20,19,7,5,17,4,24,23,21,22],[24,8,12,16,4,20,7,19,17,5,23,21,6,22,18],[8,16,12,20,19,7,17,5,4,24,23,21,6,22,18],[12,24,20,19,23,21,17,8,7,5,16,4,6,22,18],[12,8,24,4,16,20,7,19,17,5,23,21,6,22,18],[24,8,16,20,19,7,17,5,12,4,23,21,22],[16,4,20,24,19,23,21,17,8,7,5,12,22],[4,24,16,20,19,23,21,17,8,7,5,12,22],[4,20,12,8,19,7,5,17,16,24,23,21,6,22,18],[4,16,20,8,7,19,5,17,24,12,23,21,6,22,18],[24,4,16,20,23,19,21,17,8,7,5,12,22],[24,16,12,20,23,19,21,17,4,8,7,5,22],[4,16,8,12,24,20,19,7,17,5,23,21,22],[8,4,16,20,19,7,5,17,24,12,23,21,22],[12,8,20,19,7,17,5,16,24,4,23,21,6,22,18],[16,20,4,12,24,23,19,17,21,8,7,5,22],[24,12,16,20,23,19,17,21,8,7,5,4,22],[20,16,12,8,19,7,5,17,24,4,23,21,22],[12,20,16,24,23,19,21,17,4,8,7,5,22],[24,16,20,23,19,21,17,8,7,5,12,4,6,22,18],[24,16,4,20,23,19,17,21,8,7,5,12,22],[24,4,20,19,23,17,21,16,12,8,7,5,6,22,18],[4,20,12,24,23,19,17,21,16,8,7,5,22],[16,4,24,20,19,23,21,17,12,8,7,5,22],[8,12,16,20,7,19,5,17,24,4,23,21,6,22,18],[12,16,24,20,19,23,17,21,4,8,7,5,6,22,18],[20,4,24,23,19,21,17,8,7,5,16,12,6,22,18],[8,16,4,12,20,7,19,17,5,24,23,21,6,22,18],[20,16,24,19,23,21,17,4,8,7,5,12,22],[24,8,16,20,7,19,5,17,12,4,23,21,22],[16,4,24,8,12,20,19,7,5,17,23,21,22],[16,12,4,20,8,7,19,5,17,24,23,21,22],[16,4,8,12,24,20,19,7,5,17,23,21,22],[20,12,4,8,19,7,5,17,24,16,23,21,6,22,18],[16,24,8,4,20,19,7,17,5,12,23,21,6,22,18],[12,24,4,8,16,20,7,19,5,17,23,21,6,22,18],[20,16,12,24,23,19,17,21,4,8,7,5,22],[24,8,4,16,20,7,19,5,17,12,23,21,22],[24,16,4,8,12,20,7,19,17,5,23,21,22],[8,4,16,20,7,19,17,5,12,24,23,21,22],[16,4,20,12,24,23,19,21,17,8,7,5,6,22,18],[12,16,20,24,23,19,21,17,4,8,7,5,6,22,18],[20,8,19,7,5,17,16,4,12,24,23,21,22],[12,20,24,19,23,21,17,16,4,8,7,5,6,22,18],[4,8,16,12,24,20,19,7,5,17,23,21,6,22,18],[24,12,16,8,4,20,19,7,17,5,23,21,6,22,18],[12,20,8,19,7,5,17,16,24,4,23,21,22],[12,4,24,8,16,20,19,7,5,17,23,21,6,22,18],[8,16,24,4,20,7,19,5,17,12,23,21,22],[16,4,20,8,7,19,17,5,24,12,23,21,6,22,18],[4,12,24,16,20,19,23,21,17,8,7,5,6,22,18],[8,24,12,16,4,20,7,19,17,5,23,21,6,22,18],[4,12,16,8,24,20,19,7,17,5,23,21,22],[20,4,16,8,19,7,17,5,24,12,23,21,22],[12,16,24,20,19,23,21,17,4,8,7,5,6,22,18],[12,16,4,24,20,23,19,21,17,8,7,5,22],[24,16,12,8,4,20,19,7,5,17,23,21,22],[20,24,19,23,21,17,16,12,4,8,7,5,22],[20,4,8,7,19,17,5,16,24,12,23,21,22],[12,4,24,20,19,23,21,17,8,7,5,16,22],[12,4,24,8,20,7,19,5,17,16,23,21,6,22,18],[16,8,12,24,4,20,7,19,5,17,23,21,22],[16,8,20,7,19,17,5,24,12,4,23,21,6,22,18],[8,20,7,19,17,5,12,24,4,16,23,21,6,22,18],[8,24,4,20,7,19,17,5,16,12,23,21,6,22,18],[16,20,4,24,23,19,21,17,8,7,5,12,6,22,18],[16,12,20,24,19,23,21,17,4,8,7,5,6,22,18],[12,20,4,16,8,7,19,5,17,24,23,21,6,22,18],[12,4,20,16,24,19,23,17,21,8,7,5,6,22,18],[24,12,8,16,20,19,7,17,5,4,23,21,6,22,18],[12,16,8,4,24,20,7,19,17,5,23,21,6,22,18],[4,16,20,12,8,7,19,17,5,24,23,21,6,22,18],[16,20,24,19,23,17,21,4,12,8,7,5,6,22,18],[24,20,23,19,17,21,8,7,5,12,16,4,6,22,18],[8,4,20,7,19,5,17,24,12,16,23,21,22],[16,4,20,12,24,23,19,17,21,8,7,5,6,22,18],[4,8,20,7,19,17,5,12,24,16,23,21,22],[4,24,16,20,23,19,21,17,12,8,7,5,6,22,18],[16,24,12,4,20,19,23,21,17,8,7,5,22],[12,24,4,8,20,7,19,5,17,16,23,21,22],[16,24,8,20,7,19,17,5,12,4,23,21,6,22,18],[4,20,16,24,19,23,21,17,8,7,5,12,22],[24,8,20,19,7,5,17,12,16,4,23,21,6,22,18],[8,12,24,4,20,19,7,17,5,16,23,21,22],[20,16,8,19,7,5,17,4,24,12,23,21,22],[8,24,4,12,16,20,7,19,5,17,23,21,6,22,18],[12,4,16,8,24,20,19,7,5,17,23,21,6,22,18],[12,20,24,19,23,17,21,16,8,7,5,4,6,22,18],[4,12,8,24,20,7,19,17,5,16,23,21,22],[8,16,4,24,20,19,7,5,17,12,23,21,22],[16,12,4,8,24,20,7,19,5,17,23,21,6,22,18],[24,16,4,12,8,20,7,19,17,5,23,21,22],[20,12,8,7,19,17,5,4,16,24,23,21,22],[24,4,12,16,20,23,19,17,21,8,7,5,22],[16,8,20,19,7,17,5,24,12,4,23,21,22],[4,24,12,20,19,23,17,21,16,8,7,5,6,22,18],[20,4,8,19,7,5,17,12,24,16,23,21,22],[12,8,16,20,7,19,5,17,24,4,23,21,22],[4,16,12,8,24,20,7,19,5,17,23,21,6,22,18],[16,20,4,12,24,19,23,21,17,8,7,5,22],[16,24,20,19,23,17,21,12,4,8,7,5,6,22,18],[4,12,16,24,20,23,19,17,21,8,7,5,22],[16,8,4,24,12,20,19,7,17,5,23,21,22],[8,16,20,19,7,17,5,4,24,12,23,21,22],[12,16,8,20,7,19,5,17,4,24,23,21,22],[16,8,24,12,20,7,19,5,17,4,23,21,22],[16,24,20,23,19,21,17,4,8,7,5,12,6,22,18],[16,12,20,4,24,23,19,21,17,8,7,5,6,22,18],[20,4,8,19,7,17,5,24,16,12,23,21,6,22,18],[4,16,24,8,12,20,7,19,17,5,23,21,6,22,18],[8,16,4,24,12,20,19,7,17,5,23,21,6,22,18],[16,12,24,20,23,19,21,17,8,7,5,4,22],[16,4,8,12,20,7,19,17,5,24,23,21,22],[20,16,4,12,24,23,19,17,21,8,7,5,6,22,18],[24,20,23,19,21,17,8,7,5,4,12,16,6,22,18],[16,4,20,8,19,7,17,5,24,12,23,21,22],[4,16,8,12,20,7,19,5,17,24,23,21,6,22,18],[24,8,12,16,20,19,7,5,17,4,23,21,22],[8,4,16,24,12,20,7,19,5,17,23,21,6,22,18],[8,24,20,19,7,17,5,4,16,12,23,21,22],[20,12,24,19,23,21,17,4,16,8,7,5,22],[24,12,20,23,19,17,21,8,7,5,4,16,6,22,18],[20,24,19,23,21,17,12,4,8,7,5,16,6,22,18],[24,4,8,12,20,7,19,17,5,16,23,21,6,22,18],[4,8,24,12,16,20,7,19,17,5,23,21,6,22,18],[16,20,8,19,7,17,5,12,24,4,23,21,6,22,18],[16,12,20,24,23,19,17,21,4,8,7,5,22],[8,16,4,20,19,7,5,17,12,24,23,21,22],[4,16,8,20,7,19,17,5,24,12,23,21,22],[16,24,8,20,7,19,5,17,12,4,23,21,22],[12,24,8,20,7,19,5,17,16,4,23,21,22],[16,24,4,20,19,23,21,17,12,8,7,5,22],[20,12,8,19,7,17,5,16,4,24,23,21,6,22,18],[20,4,16,24,19,23,21,17,12,8,7,5,22],[20,16,12,4,8,19,7,5,17,24,23,21,22],[8,12,24,16,4,20,19,7,5,17,23,21,6,22,18],[4,8,24,16,20,7,19,17,5,12,23,21,6,22,18],[4,16,12,8,24,20,19,7,5,17,23,21,22],[12,16,4,8,20,7,19,17,5,24,23,21,22],[8,12,4,20,19,7,17,5,16,24,23,21,6,22,18],[16,20,8,19,7,5,17,12,4,24,23,21,6,22,18],[8,12,24,16,20,7,19,17,5,4,23,21,22],[16,20,12,8,19,7,17,5,24,4,23,21,6,22,18],[20,4,24,19,23,17,21,16,12,8,7,5,6,22,18],[16,24,4,20,19,23,17,21,8,7,5,12,22],[24,12,20,23,19,17,21,16,4,8,7,5,22],[20,4,24,23,19,21,17,16,8,7,5,12,22],[16,8,4,20,19,7,17,5,12,24,23,21,22],[24,4,16,8,20,19,7,5,17,12,23,21,6,22,18],[16,4,12,8,24,20,7,19,17,5,23,21,6,22,18],[4,8,24,12,20,7,19,5,17,16,23,21,22],[20,12,8,7,19,5,17,4,24,16,23,21,22],[24,4,12,8,16,20,7,19,17,5,23,21,22],[8,20,19,7,17,5,16,24,12,4,23,21,6,22,18],[20,4,8,7,19,17,5,16,12,24,23,21,6,22,18],[8,4,16,12,24,20,7,19,17,5,23,21,6,22,18],[16,8,12,4,20,19,7,5,17,24,23,21,22],[20,24,19,23,17,21,16,12,4,8,7,5,6,22,18],[20,12,24,19,23,21,17,16,8,7,5,4,22],[8,24,12,20,19,7,5,17,4,16,23,21,22],[8,16,4,20,19,7,5,17,12,24,23,21,6,22,18],[8,4,12,16,20,7,19,5,17,24,23,21,6,22,18],[20,8,7,19,5,17,24,4,16,12,23,21,6,22,18],[8,12,24,4,20,19,7,5,17,16,23,21,6,22,18],[20,8,19,7,17,5,4,16,12,24,23,21,22],[8,24,20,19,7,5,17,4,12,16,23,21,6,22,18],[4,8,12,16,20,7,19,5,17,24,23,21,22],[24,4,20,19,23,17,21,16,12,8,7,5,6,22,18],[24,16,4,12,8,20,7,19,17,5,23,21,22],[12,20,4,8,7,19,5,17,24,16,23,21,6,22,18],[12,16,20,4,24,19,23,21,17,8,7,5,6,22,18],[24,4,16,20,19,23,17,21,12,8,7,5,6,22,18],[12,8,24,4,16,20,19,7,17,5,23,21,22],[24,4,8,20,7,19,17,5,16,12,23,21,6,22,18],[12,4,24,16,20,23,19,17,21,8,7,5,6,22,18],[16,8,24,12,20,7,19,5,17,4,23,21,22],[12,20,8,7,19,5,17,4,16,24,23,21,22],[20,8,19,7,5,17,16,12,4,24,23,21,6,22,18],[24,16,4,20,23,19,17,21,8,7,5,12,6,22,18],[20,24,23,19,21,17,8,7,5,12,4,16,6,22,18],[16,12,8,20,19,7,17,5,24,4,23,21,22],[8,12,20,19,7,17,5,16,24,4,23,21,6,22,18],[20,4,24,19,23,17,21,12,16,8,7,5,22],[4,24,20,23,19,21,17,8,7,5,12,16,22],[4,24,16,12,20,23,19,21,17,8,7,5,22],[12,4,8,24,16,20,7,19,5,17,23,21,22],[20,12,4,8,19,7,17,5,16,24,23,21,22],[12,16,8,24,4,20,7,19,17,5,23,21,6,22,18],[4,16,8,24,12,20,19,7,17,5,23,21,22],[24,12,4,16,8,20,19,7,5,17,23,21,22],[4,8,24,16,12,20,19,7,5,17,23,21,6,22,18],[4,24,20,23,19,21,17,16,8,7,5,12,6,22,18],[16,24,12,4,20,19,23,17,21,8,7,5,22],[8,24,12,4,20,7,19,5,17,16,23,21,6,22,18],[24,4,8,16,12,20,7,19,17,5,23,21,22],[16,24,4,8,20,7,19,17,5,12,23,21,22],[20,24,19,23,17,21,4,16,12,8,7,5,22],[4,20,16,24,19,23,17,21,12,8,7,5,6,22,18],[16,24,12,8,4,20,7,19,17,5,23,21,6,22,18],[20,12,8,7,19,17,5,24,4,16,23,21,22],[24,20,19,23,21,17,12,16,4,8,7,5,6,22,18],[24,16,4,12,20,19,23,17,21,8,7,5,6,22,18],[12,8,24,4,20,7,19,5,17,16,23,21,6,22,18],[20,12,4,16,8,7,19,17,5,24,23,21,6,22,18],[8,4,20,19,7,17,5,12,16,24,23,21,22],[8,24,20,19,7,5,17,12,4,16,23,21,22],[8,16,20,19,7,5,17,12,24,4,23,21,6,22,18],[24,8,4,20,7,19,17,5,12,16,23,21,22],[20,12,4,24,23,19,17,21,8,7,5,16,6,22,18],[12,16,20,24,19,23,21,17,4,8,7,5,22],[8,4,12,20,7,19,17,5,16,24,23,21,22],[16,12,4,24,8,20,7,19,5,17,23,21,6,22,18],[8,24,20,7,19,17,5,16,12,4,23,21,6,22,18],[8,16,12,24,20,19,7,17,5,4,23,21,22],[12,24,8,16,20,7,19,5,17,4,23,21,6,22,18],[4,16,24,12,8,20,19,7,5,17,23,21,22],[8,20,7,19,17,5,24,16,4,12,23,21,22],[4,24,8,12,16,20,7,19,17,5,23,21,6,22,18],[12,4,20,8,7,19,17,5,24,16,23,21,22],[12,8,4,16,20,19,7,17,5,24,23,21,6,22,18],[4,8,12,20,7,19,5,17,24,16,23,21,22],[4,12,24,8,16,20,7,19,17,5,23,21,6,22,18],[20,12,24,23,19,21,17,8,7,5,4,16,22],[12,4,8,20,19,7,5,17,16,24,23,21,6,22,18],[16,20,24,19,23,21,17,4,12,8,7,5,22],[20,12,16,4,8,7,19,5,17,24,23,21,6,22,18],[4,20,8,7,19,17,5,24,16,12,23,21,6,22,18],[8,12,4,24,20,7,19,17,5,16,23,21,6,22,18],[4,20,24,23,19,17,21,16,8,7,5,12,6,22,18],[20,8,19,7,5,17,4,12,16,24,23,21,6,22,18],[20,16,24,19,23,17,21,4,12,8,7,5,22],[20,8,7,19,17,5,12,4,24,16,23,21,22],[16,20,12,24,23,19,21,17,8,7,5,4,22],[12,20,8,19,7,17,5,16,4,24,23,21,6,22,18],[12,4,20,8,7,19,17,5,16,24,23,21,6,22,18],[24,20,19,23,17,21,12,4,16,8,7,5,22],[4,24,8,20,7,19,17,5,16,12,23,21,6,22,18],[24,20,23,19,21,17,4,8,7,5,16,12,6,22,18],[16,24,12,4,8,20,7,19,5,17,23,21,6,22,18],[4,20,16,12,24,19,23,17,21,8,7,5,6,22,18],[20,12,4,8,19,7,17,5,16,24,23,21,6,22,18],[20,16,12,4,24,23,19,17,21,8,7,5,22],[24,8,4,12,20,7,19,17,5,16,23,21,6,22,18],[4,20,8,7,19,17,5,24,12,16,23,21,22],[4,16,12,8,20,7,19,5,17,24,23,21,6,22,18],[16,24,4,12,20,23,19,21,17,8,7,5,6,22,18],[16,4,12,20,8,19,7,5,17,24,23,21,6,22,18],[16,12,24,20,23,19,21,17,8,7,5,4,22],[24,16,20,23,19,17,21,8,7,5,12,4,6,22,18],[24,12,8,4,20,7,19,5,17,16,23,21,6,22,18],[16,4,20,8,7,19,17,5,12,24,23,21,22],[20,4,24,19,23,17,21,12,16,8,7,5,22],[8,16,12,20,7,19,5,17,4,24,23,21,22],[20,12,8,7,19,17,5,16,4,24,23,21,6,22,18],[4,12,16,8,20,19,7,17,5,24,23,21,22],[24,12,8,16,4,20,7,19,17,5,23,21,22],[16,4,8,20,7,19,5,17,12,24,23,21,6,22,18],[12,24,8,20,7,19,5,17,4,16,23,21,22],[20,8,7,19,17,5,16,4,12,24,23,21,22],[4,8,24,16,12,20,7,19,17,5,23,21,6,22,18],[8,4,24,20,19,7,17,5,16,12,23,21,22],[16,24,20,19,23,17,21,4,8,7,5,12,6,22,18],[12,20,24,19,23,17,21,16,4,8,7,5,6,22,18],[12,20,24,19,23,17,21,4,16,8,7,5,6,22,18],[8,24,4,12,16,20,7,19,5,17,23,21,6,22,18],[24,8,20,19,7,17,5,16,12,4,23,21,22],[4,12,20,24,19,23,21,17,16,8,7,5,6,22,18],[12,4,8,24,20,19,7,17,5,16,23,21,6,22,18],[8,4,16,24,20,7,19,5,17,12,23,21,22],[24,12,8,4,20,7,19,5,17,16,23,21,6,22,18],[16,4,12,24,8,20,7,19,5,17,23,21,6,22,18],[24,12,20,19,23,21,17,8,7,5,4,16,6,22,18],[4,20,8,19,7,5,17,24,12,15,23,21,6,22,18,16],[16,24,8,12,20,7,19,17,5,4,23,21,22],[20,12,24,19,23,21,17,16,4,8,7,5,22],[24,8,20,7,19,17,5,12,16,4,23,21,6,22,18],[20,8,7,19,5,17,4,12,16,24,23,21,22],[4,20,24,19,23,21,17,12,8,7,5,16,6,22,18],[24,12,8,20,7,19,5,17,16,4,23,21,22],[12,24,16,8,4,20,7,19,5,17,23,21,6,22,18],[4,8,12,24,16,20,7,19,17,5,23,21,22],[12,24,20,23,19,17,21,16,4,8,7,5,22],[24,16,20,23,19,21,17,8,7,5,4,12,6,22,18],[24,12,20,23,19,17,21,8,7,5,16,4,22],[8,16,20,7,19,5,17,12,24,4,23,21,22],[8,12,4,20,7,19,17,5,16,24,23,21,22],[16,20,24,23,19,21,17,12,4,8,7,5,22],[20,4,12,8,19,7,5,17,24,16,23,21,6,22,18],[12,8,20,7,19,5,17,16,4,24,23,21,22],[16,24,8,12,20,19,7,17,5,4,23,21,22],[4,12,24,16,8,20,19,7,5,17,23,21,6,22,18],[12,16,8,24,20,19,7,17,5,4,23,21,6,22,18],[12,16,20,4,8,19,7,5,17,24,23,21,6,22,18],[20,24,23,19,17,21,8,7,5,4,12,16,6,22,18],[4,8,20,7,19,5,17,12,24,16,23,21,6,22,18],[16,8,24,20,19,7,17,5,12,4,23,21,22],[16,12,8,4,20,19,7,17,5,24,23,21,6,22,18],[20,8,19,7,5,17,4,12,16,24,23,21,6,22,18],[12,24,16,4,20,23,19,17,21,8,7,5,6,22,18],[12,8,16,20,19,7,5,17,4,24,23,21,22],[20,4,8,7,19,5,17,16,12,24,23,21,22],[24,12,16,8,20,7,19,17,5,4,23,21,22],[16,24,4,20,19,23,21,17,8,7,5,12,22],[16,8,24,20,19,7,17,5,4,12,23,21,6,22,18],[4,24,16,12,8,20,19,7,17,5,23,21,22],[20,4,12,8,19,7,5,17,24,16,23,21,6,22,18],[12,20,24,23,19,17,21,16,4,8,7,5,6,22,18],[12,4,8,20,19,7,5,17,16,24,23,21,6,22,18],[20,8,7,19,5,17,4,24,12,16,23,21,22],[8,16,24,12,4,20,19,7,5,17,23,21,22],[16,24,8,4,12,20,7,19,5,17,23,21,6,22,18],[16,12,8,20,19,7,5,17,24,4,23,21,6,22,18],[8,24,16,20,7,19,17,5,4,12,23,21,6,22,18],[24,16,8,4,20,7,19,17,5,12,23,21,22],[4,12,16,24,20,19,23,21,17,8,7,5,6,22,18],[4,8,24,20,19,7,5,17,16,12,23,21,6,22,18],[4,16,12,8,20,7,19,17,5,24,23,21,22],[8,24,12,4,16,20,19,7,5,17,23,21,6,22,18],[16,20,8,19,7,17,5,4,24,12,23,21,6,22,18],[20,12,4,24,23,19,21,17,8,7,5,16,22],[4,12,20,24,23,19,21,17,16,8,7,5,6,22,18],[20,24,19,23,21,17,16,8,7,5,12,4,6,22,18],[8,12,4,24,20,19,7,5,17,16,23,21,6,22,18],[8,12,20,7,19,17,5,4,24,16,23,21,22],[20,4,16,8,19,7,17,5,12,24,23,21,22],[4,20,12,24,23,19,17,21,16,8,7,5,22],[16,12,20,24,19,23,21,17,8,7,5,4,6,22,18],[24,16,4,12,8,20,7,19,17,5,23,21,6,22,18],[12,4,8,16,24,20,19,7,5,17,23,21,22],[8,16,20,19,7,5,17,12,4,24,23,21,6,22,18],[24,8,20,7,19,17,5,16,3,12,23,21,22,4],[8,20,19,7,5,17,4,16,12,24,23,21,6,22,18],[8,4,12,20,19,7,17,5,24,16,23,21,6,22,18],[24,12,16,8,4,20,7,19,17,5,23,21,22],[8,20,19,7,17,5,16,12,24,4,23,21,22],[16,20,4,8,19,7,5,17,12,24,23,21,22],[8,20,19,7,5,17,16,24,4,12,23,21,6,22,18],[16,4,8,24,12,20,7,19,17,5,23,21,6,22,18],[8,4,20,7,19,17,5,12,16,24,23,21,6,22,18],[24,12,20,19,23,21,17,4,16,8,7,5,22],[20,24,19,23,17,21,8,7,5,4,12,16,22],[12,4,24,8,16,20,19,7,5,17,23,21,22],[16,8,24,4,20,7,19,17,5,12,23,21,6,22,18],[16,4,12,24,8,20,7,19,17,5,23,21,6,22,18],[12,16,4,24,8,20,7,19,5,17,23,21,22],[4,20,8,19,7,17,5,12,24,16,23,21,22],[4,8,24,16,12,20,7,19,5,17,23,21,22],[4,16,20,8,19,7,17,5,24,12,23,21,22],[8,20,19,7,17,5,4,24,12,16,23,21,22]],"n_human":14}