{"problem_id":"qG1kSQiT9DnwWSs","sigma":75,"alpha":0.316,"cost":1,"probabilities":"[0.24, 0.01, 0.25, 0.5]","payoff_matrix":"[[29, -89, 77, -47, -61, -89], [-35, 9, 58, 42, -52, 144], [102, -52, 4, 69, 8, 105], [52, -73, -160, 31, -18, 69]]","uncovered":[[8,24,20,4,3,23,21,1,12],[12,24,8,20,4,3,23,1,21],[24,8,12,16,20,4,23],[24,20,4,3,23,21,1,16,12],[8,20,12,24,4,1,23,16],[16,4,20,24,23,8,12],[12,20,16,24,8,4,3,23,1,21],[4,12,24,23,20,16,8],[4,20,12,24,23,16,8],[4,8,20,24,23,16,12],[16,24,8,20,4,3,23,21,1],[24,8,4,23,16,20,12],[16,20,12,4,24,3,23,21,1],[24,16,8,4,3,23,1,21,12],[12,20,4,8,24,23,16],[8,20,12,24,16,4,23],[16,4,24,3,23,1,21,8,12],[20,24,8,12,4,21,16,15,3,1],[16,24,20,4,3,23,1,21,12],[12,4,24,23,8,20,16],[20,16,24,12,4,23,8],[24,20,12,16,8,4,1,23],[8,24,20,12,16,4,23],[16,4,20,8,12,24,3,23,1,21],[12,8,20,24,4,3,23,21,1],[16,8,12,20,4,24,23],[24,12,16,20,8,4,3,23,21,1],[4,8,20,24,23,12,16],[4,20,12,8,24,23,16],[16,24,8,12,4,23,20],[16,8,12,20,4,24,23],[8,4,24,23,12,20,16],[4,24,23,20,12,16,8],[4,8,24,23,16,20,12],[16,24,4,23,8,12,20],[20,16,24,8,4,23,12],[20,8,4,16,12,24,23],[8,4,20,12,24,3,23,21,1],[12,20,8,24,16,4,23],[12,8,24,20,16,4,23],[4,20,16,24,23,8,12],[24,16,20,8,12,4,3,23,21,1],[12,20,16,8,24,4,23],[4,12,24,23,16,20,8],[4,16,8,24,23,12,20],[24,16,8,12,20,4,23],[16,8,20,24,12,4,23],[16,4,8,12,24,23,20],[8,20,12,24,16,4,3,23,1,21],[12,8,20,16,24,4,23],[8,12,16,24,20,4,3,23,21,1],[24,8,16,4,23,12,20],[8,16,4,20,24,23,12],[8,20,16,12,4,24,23],[12,4,20,16,24,23,8],[8,24,4,23,16,20,12],[8,24,12,16,4,23,20],[20,8,12,4,16,24,23],[4,24,23,12,8,20,16],[4,20,16,12,8,24,21,15,3,13],[4,8,24,3,23,21,1,20,16],[24,12,16,20,8,4,3,23,21,1],[20,24,12,16,4,23,8],[16,4,12,8,24,3,21,20],[24,4,3,21,20,16,12,8],[8,12,20,4,24,23,16],[20,24,16,12,4,3,21,8],[8,20,16,4,12,24,23],[4,20,12,16,24,3,23,21,1],[8,12,4,20,24,23,16],[4,20,16,8,12,24,23],[4,12,20,24,23,8,16],[20,16,8,4,24,3,23,21,1],[24,12,20,8,16,4,23],[16,24,4,23,8,12,20],[12,24,4,3,23,1,21,16,20],[16,12,24,8,4,23,20],[8,24,20,12,16,4,3,23,1,21],[20,4,12,16,8,24,3,23,21,1],[16,4,24,3,21,20,12,8],[24,20,16,8,12,4,23],[16,12,8,24,4,3,23,21,1],[20,16,8,24,12,4,23],[4,20,24,23,8,12,16],[4,16,24,23,20,8,12],[4,8,16,20,12,24,1,23],[20,8,16,24,12,4,23],[4,8,12,20,16,24,3,23,21,1],[16,24,20,12,8,4,23],[8,20,12,16,24,4,3,23,1,21],[8,12,16,4,24,23,20],[12,16,20,4,8,24,23],[20,4,24,3,21,16,12,8],[20,16,12,8,4,24,23],[20,24,4,3,23,21,1,12,8],[4,24,23,12,20,16,8],[16,20,8,12,24,4,23],[12,4,16,8,20,24,3,23,1,21],[24,4,3,23,1,21,12,20,8],[20,4,24,3,23,1,21,12,16],[12,20,24,4,3,23,1,21,16],[20,4,24,3,23,21,1,12,8],[12,4,8,24,3,23,21,1,16],[4,20,8,16,12,24,23],[4,12,20,24,3,23,1,21,8],[8,24,16,12,4,3,23,1,21],[16,12,20,4,8,24,23],[16,20,12,4,8,24,3,23,21,1],[4,20,24,3,23,21,1,16,8],[12,8,4,24,23,20,16],[24,20,12,8,4,23,16],[24,16,8,12,4,23,20],[12,20,8,4,16,24,23],[20,8,4,16,24,3,23,21,1],[24,8,20,12,16,4,3,23,1,21],[4,12,20,16,24,23,8],[4,24,3,23,1,21,8,16,20],[20,12,16,24,8,4,3,21],[16,24,8,20,4,23,12],[12,8,16,20,24,4,23],[24,4,3,23,21,1,8,20,12],[12,8,20,16,24,4,23],[4,16,12,8,20,24,23],[12,4,20,16,8,24,23],[12,4,20,24,23,16,8],[8,16,24,12,20,4,3,21],[4,24,3,23,1,21,16,20,12],[20,4,12,24,3,21,16,8],[8,16,20,4,24,3,23,1,21],[12,8,4,16,24,23,20],[16,20,24,12,8,4,3,23,1,21],[8,20,4,12,24,23,16],[24,16,8,4,23,12,20],[20,4,24,3,23,21,12,1,16],[12,4,24,23,16,20,8],[24,20,16,4,23,12,8],[4,16,8,24,3,23,21,1,12],[8,4,16,20,12,24,3,23,21,1],[16,4,8,24,21,12,20,3],[16,8,20,12,24,4,23],[8,20,16,12,24,4,3,23,21,1],[8,16,4,24,3,23,21,1,20],[12,16,20,24,8,4,3,23,21,1],[20,4,12,16,24,3,21,8],[24,4,23,16,20,12,8],[16,20,24,12,8,4,3,23,21,1],[8,20,12,24,4,23,16],[16,12,24,4,23,8,20],[16,20,4,24,23,12,8],[24,12,16,8,20,4,23],[4,8,20,12,24,23,16],[24,8,16,20,4,3,23,1,21],[20,4,8,16,24,23,12],[16,8,4,20,24,23,12],[8,20,24,16,12,4,3,23,1,21],[12,4,16,20,8,24,3,23,21,1],[24,4,3,23,1,21,16,8,20],[20,12,24,16,8,4,3,23,21,1],[24,16,4,23,8,12,20],[24,4,23,12,20,8,16],[12,16,8,24,20,4,23],[16,24,4,23,8,12,20],[12,16,24,20,4,3,23,1,21],[16,12,24,8,4,23,20],[4,16,8,20,12,24,23],[20,12,16,8,24,4,3,23,1,21],[4,8,24,3,23,1,21,16,12],[20,24,8,4,23,16,12],[16,20,24,12,4,3,23,1,21],[8,12,4,24,23,20,16],[24,4,23,8,12,20,16],[16,4,20,8,12,24,3,23,21,1],[24,8,16,20,12,4,3,23,21,1],[4,24,23,20,16,8,12],[12,24,8,16,20,4,23],[4,16,24,3,21,12,8,20],[16,20,24,12,4,3,23,21,1],[20,4,8,16,12,24,3,23,1,21],[20,8,24,4,3,23,1,21,12],[12,24,20,8,16,4,23],[8,12,20,4,16,24,3,23,21,1],[4,8,24,23,12,16,20],[24,8,4,3,23,1,21,20,16],[12,24,8,4,3,23,1,21,16],[4,8,24,23,20,16,12],[12,4,20,24,23,16,8],[20,12,16,24,8,4,1,23],[20,12,4,16,24,21,8,1,13,23,3],[16,12,24,4,23,8,20],[4,16,12,8,24,23,20],[24,16,8,20,12,4,23],[12,8,24,16,20,4,3,23,21,1],[20,24,16,12,8,4,21,3],[16,20,12,4,8,24,23],[24,8,4,3,23,21,1,16,12],[4,16,20,8,12,24,3,23,21,1],[16,4,8,24,23,12,20],[8,20,24,12,16,4,3,23,21,1],[20,24,4,23,16,12,8],[4,16,20,12,24,23,8],[16,20,12,4,8,24,3,23,21,1],[16,8,4,12,24,23,20],[12,4,8,20,16,24,3,23,1,21],[8,20,16,4,12,24,23],[24,4,23,8,12,16,20],[4,20,8,16,24,23,12],[20,16,4,24,3,23,21,1,8],[16,12,8,20,4,24,23],[12,20,24,8,4,3,23,21,1],[8,24,12,4,3,23,1,21,20],[16,20,4,24,3,23,1,21,12],[24,12,8,16,4,3,23,21,1],[8,20,24,12,16,4,3,23,21,1],[8,4,16,12,24,3,23,1,21],[20,12,4,8,16,24,23],[4,20,24,3,23,1,21,8,12],[4,8,12,16,20,24,21,1,15,3],[8,24,4,3,23,21,1,16,12],[4,8,20,16,24,3,23,1,21],[16,4,20,12,8,24,3,23,1,21],[12,8,24,20,16,4,3,23,21,1],[8,12,16,20,4,24,23],[24,12,8,20,4,3,21,16],[24,12,4,23,16,8,20],[8,4,20,16,24,23,12],[16,24,4,21,8,12,20,1,15,3],[20,24,12,4,23,8,16],[4,16,24,23,20,12,8],[8,4,20,16,12,24,3,23,1,21],[24,20,8,4,21,12,16,15,3,13],[24,20,16,12,4,3,23,21,1],[8,12,16,20,24,4,23],[20,16,24,4,3,23,1,21,12],[4,20,16,24,3,23,1,21,8],[12,24,16,8,4,23,20],[20,8,12,24,16,4,1,23],[20,8,4,12,24,3,23,1,21],[24,8,12,20,16,4,23],[8,4,24,23,12,20,16],[8,4,12,24,3,23,21,1,20],[20,4,8,12,16,24,3,23,21,1],[24,12,8,16,20,4,23],[4,16,8,20,24,23,12],[12,24,16,20,8,4,23],[4,8,12,20,24,3,23,1,21],[8,12,16,4,24,23,20],[16,4,8,12,24,23,20],[24,20,16,12,4,23,8],[4,20,8,16,24,3,23,21,1],[8,20,12,24,16,4,3,23,21,1],[20,12,16,4,8,24,3,21],[4,24,23,20,8,16,12],[24,20,8,12,4,3,23,21,1],[24,8,12,16,20,4,3,23,1,21],[24,8,12,20,16,4,23],[20,16,8,24,4,3,23,21,1],[24,16,8,4,3,21,12,20],[4,24,23,12,8,16,20],[20,16,12,8,4,24,23],[4,20,16,24,3,23,1,21,8],[24,12,4,23,16,20,8],[20,16,8,12,24,4,1,23],[24,4,3,21,8,16,20,12],[20,16,24,12,4,3,23,1,21],[24,4,23,20,12,8,16],[24,16,20,8,12,4,23],[16,24,12,4,23,8,20],[20,24,16,8,12,4,3,23,1,21],[12,20,8,4,24,23,16],[16,12,4,24,23,8,20],[16,24,8,4,23,12,20],[16,20,4,8,24,23,12],[24,12,4,23,16,20,8],[12,8,16,24,20,4,3,23,21,1],[8,12,4,20,16,24,23],[24,16,4,3,23,21,1,12,20],[8,4,16,24,3,23,21,1,20],[12,24,4,3,23,1,21,8,20],[12,8,24,20,4,3,23,1,21],[12,4,16,24,3,23,1,21,8],[24,8,20,12,16,4,23],[12,4,8,24,23,16,20],[24,12,16,4,23,8,20],[24,12,20,8,16,4,21,15,3,1],[12,24,16,8,20,4,3,23,21,1],[24,20,16,8,4,23,12],[8,4,12,16,24,23,20],[12,8,24,20,16,4,23],[12,4,24,3,23,21,1,20,8],[4,12,16,24,23,8,20],[12,24,16,4,23,8,20],[4,12,20,16,8,24,3,21],[16,12,20,4,24,3,21,8],[4,8,24,23,12,16,20],[20,16,4,24,1,23,8,12],[12,20,8,16,24,4,3,23,21,1],[20,8,16,24,12,4,3,23,21,1],[12,24,4,3,23,1,21,20,16],[8,12,4,20,16,24,23],[20,8,16,24,4,23,12],[8,12,16,4,20,24,3,23,1,21],[12,20,4,8,16,24,23],[16,4,12,20,24,23,8],[20,4,12,16,24,23,8],[12,4,20,24,23,8,16],[12,16,20,4,8,24,3,23,21,1],[4,12,16,20,8,24,3,23,21,1],[4,8,24,23,20,12,16],[24,16,20,12,8,4,23],[16,20,24,8,12,4,23],[12,20,8,24,16,4,23],[4,8,24,23,12,16,20],[4,24,3,23,21,1,8,16,20],[16,8,4,12,24,23,20],[20,8,16,12,4,24,23],[20,16,4,8,12,24,3,23,1,21],[24,20,8,4,23,12,16],[24,20,8,16,4,23,12],[20,12,24,4,23,16,8],[8,24,12,16,4,3,23,1,21],[24,4,3,23,21,1,12,20,16],[24,8,20,16,4,23,12],[8,12,24,16,20,4,3,23,21,1],[16,24,12,4,21,8,20,3],[8,4,16,12,24,3,23,1,21],[16,24,8,20,4,23,12],[16,4,20,8,24,23,12],[4,24,21,16,20,12,8,15,3,13],[12,24,8,4,3,23,1,21,16],[12,8,16,24,20,4,3,23,21,1],[4,20,24,3,23,21,1,12,16],[16,8,12,20,24,4,3,23,21,1],[12,20,4,24,23,16,8],[20,12,4,24,3,21,16,8],[8,24,12,4,3,21,16,20],[8,20,4,24,23,12,16],[20,8,24,16,12,4,23],[8,20,4,16,24,3,23,1,21],[20,8,24,16,12,4,23],[20,4,24,3,23,1,21,8,16],[12,24,16,8,4,3,21,20],[12,4,16,8,20,24,23],[8,16,20,24,4,23,12],[12,4,20,16,24,23,8],[12,20,4,8,16,24,3,23,1,21],[16,4,24,1,23,20,8,12],[8,4,20,24,3,23,1,21,16],[24,4,23,20,8,12,16],[20,8,16,4,12,24,3,23,1,21],[12,16,4,8,24,1,23,20],[20,12,4,24,23,16,8],[8,12,20,4,16,24,3,23,21,1],[16,12,24,20,4,3,23,21,1],[12,16,20,8,24,4,3,23,1,21],[8,16,12,20,4,24,3,23,1,21],[4,12,8,20,16,24,23],[8,20,16,4,12,24,3,23,1,21],[24,12,4,23,20,8,16],[24,8,12,4,23,20,16],[8,24,4,3,23,1,21,20,12],[16,24,20,4,3,23,21,1,8],[8,24,16,12,4,3,23,1,21],[24,12,16,4,3,21,8,20],[16,20,12,8,4,24,23],[4,24,23,20,16,12,8],[20,8,12,16,4,24,1,23],[12,8,20,4,24,3,23,1,21],[20,16,12,8,4,24,23],[8,12,24,20,16,4,23],[4,24,23,20,16,12,8],[8,4,20,12,16,24,23],[4,12,20,16,24,23,8],[12,24,16,4,3,23,21,1,8],[4,12,20,24,3,23,21,1,8],[24,16,20,8,12,4,21,15,1,3],[16,8,20,4,24,3,23,1,21],[4,24,1,23,8,12,16,20],[24,8,16,12,4,3,23,21,1],[4,24,3,23,21,1,12,16,20],[4,12,20,24,23,16,8],[24,20,12,4,23,8,16],[8,20,4,12,24,3,21,16],[24,4,3,23,1,21,12,20,8],[16,4,8,24,3,23,1,21,20],[8,20,16,24,4,3,23,21,1],[16,12,20,24,4,23,8],[4,20,16,12,24,3,23,21,1],[4,16,20,12,24,23,8],[4,8,24,3,23,1,21,16,12],[20,4,12,24,23,8,16],[8,16,24,20,4,23,12],[20,12,24,16,8,4,3,23,1,21],[16,4,24,3,23,21,1,8,20],[24,4,3,23,1,21,8,12,16],[12,4,20,24,3,23,1,21,16],[16,20,8,24,4,3,23,1,21],[20,12,24,8,16,4,3,23,21,1],[8,12,20,16,24,4,3,23,21,1],[24,8,16,20,12,4,3,23,1,21],[16,20,4,8,24,23,12],[24,12,4,21,8,16,20,15,3,13],[12,8,24,20,4,23,16],[20,4,12,24,23,8,16],[4,16,12,24,3,23,1,21,20],[12,20,24,8,16,4,3,23,21,1],[8,24,4,23,20,16,12],[8,20,12,16,24,4,3,23,21,1],[8,20,4,24,3,23,1,21,16],[20,8,16,24,12,4,3,23,21,1],[24,4,23,20,8,12,16],[8,20,4,12,16,24,3,23,1,21],[16,20,8,24,4,23,12],[8,4,24,23,16,20,12],[8,4,16,24,23,12,20],[8,24,20,4,23,16,12],[8,20,16,4,12,24,3,23,1,21],[12,16,24,20,4,3,23,21,1],[24,16,8,12,4,1,23,20],[12,16,24,20,4,23,8],[16,8,12,4,24,23,20],[12,20,4,16,24,23,8],[4,20,8,12,24,3,23,21,1],[8,24,20,4,23,16,12],[20,4,16,8,24,23,12],[12,20,8,24,4,3,23,1,21],[4,8,20,24,23,16,12],[24,4,3,23,1,21,12,16,8],[8,4,12,16,20,24,3,23,1,21],[8,24,4,3,23,21,1,12,16],[12,4,16,8,24,23,20],[24,12,4,3,23,21,1,20,16],[8,12,16,24,4,3,21,20],[16,24,12,4,23,20,8],[8,16,4,12,20,24,23],[12,8,4,16,24,23,20],[24,12,20,8,16,4,21,3],[20,8,24,16,4,1,23,12],[12,16,4,8,20,24,3,23,1,21],[4,24,23,8,16,12,20],[8,12,24,16,4,1,23,20],[20,4,16,24,23,12,8],[8,12,4,20,16,24,23],[12,20,24,4,3,23,21,1,8],[4,24,3,23,1,21,12,20,16],[4,20,8,12,24,3,23,21,1],[4,20,8,12,24,3,21,16],[12,20,16,4,24,3,23,1,21],[24,12,20,8,4,3,23,1,21],[16,4,20,8,12,24,3,23,21,1],[24,12,20,4,3,21,16,8],[12,20,4,24,23,8,16],[4,24,3,23,21,1,16,12,20],[16,20,4,12,24,3,23,21,1],[8,4,12,20,16,24,23],[4,12,8,20,16,24,21,3],[20,24,16,4,3,21,8,12],[20,8,12,16,24,4,23],[4,20,12,16,8,24,3,23,1,21],[8,16,12,4,20,24,3,23,21,1],[16,24,20,12,8,4,3,23,21,1],[8,20,4,16,12,24,3,23,21,1],[8,16,20,12,24,4,23],[20,8,24,4,3,23,21,1,16],[8,12,4,24,3,23,21,1,16],[16,12,20,4,8,24,3,21],[20,16,8,24,12,4,3,23,1,21],[4,24,3,23,1,21,12,16,8],[12,4,24,3,21,20,16,8],[4,12,8,20,16,24,3,23,21,1],[20,16,4,12,24,23,8],[24,16,8,12,4,3,23,1,21],[24,12,4,3,21,20,8,16],[12,24,16,20,8,4,3,23,21,1],[4,12,16,8,24,23,20],[4,20,8,12,24,3,23,21,1],[20,24,8,4,23,16,12],[12,16,24,8,20,4,3,23,1,21],[4,12,20,24,3,23,1,21,8],[20,8,24,12,4,3,23,21,1],[12,20,4,8,16,24,3,23,1,21],[16,12,4,8,24,3,23,21,1],[20,8,24,16,4,23,12],[20,12,4,16,24,3,23,1,21],[16,24,8,12,20,4,1,23],[4,8,16,24,23,12,20],[12,8,20,24,16,4,23],[4,16,12,8,20,24,3,23,1,21],[8,20,12,16,24,4,23],[16,4,20,8,12,24,23],[8,12,4,16,20,24,23],[4,20,8,16,24,23,12],[4,16,20,24,3,23,21,1,8],[24,12,4,23,16,20,8],[20,4,16,12,24,3,23,1,21],[8,12,24,16,20,4,3,23,21,1],[4,12,8,16,20,24,3,23,1,21],[8,20,12,16,24,4,23],[8,24,12,4,23,20,16],[8,24,20,16,4,23,12],[16,24,8,20,12,4,3,21],[20,4,16,8,12,24,23],[12,8,4,20,16,24,23],[12,4,24,23,8,20,16],[24,16,12,4,3,23,21,1,20],[20,4,24,3,23,21,1,8,12],[16,4,12,8,20,24,3,23,21,1],[16,8,24,12,20,4,3,23,21,1],[20,8,24,12,4,23,16],[20,4,24,3,23,21,1,8,16],[8,4,12,20,24,23,16],[16,4,24,23,8,12,20],[4,12,20,16,24,23,8],[4,12,8,16,24,3,23,21,1],[16,8,4,24,3,23,21,1,12],[16,12,4,8,20,24,23],[4,8,16,20,24,3,23,1,21],[16,12,4,24,3,23,1,21,20],[16,8,12,24,20,4,23],[4,16,24,23,12,20,8],[12,24,8,20,4,23,16],[8,20,4,24,23,12,16],[16,24,12,20,8,4,3,23,21,1],[8,24,20,4,23,16,12],[4,8,20,24,3,23,1,21,16],[20,16,12,24,4,3,23,21,1],[24,8,12,20,16,4,3,23,1,21],[8,12,4,16,24,3,23,1,21],[4,16,20,12,24,23,8],[8,16,12,24,4,23,20],[24,16,8,4,3,23,1,21,12],[8,20,24,12,16,4,3,23,21,1],[16,4,12,24,23,8,20],[24,16,4,3,23,21,1,8,20],[12,24,20,4,23,8,16],[16,8,12,24,4,23,20],[12,16,8,4,24,23,20],[4,8,24,23,12,20,16],[12,4,24,3,21,20,8,16],[16,8,20,4,24,3,23,21,1],[16,20,12,4,24,3,23,1,21],[20,16,24,4,3,23,1,21,8],[16,8,20,4,12,24,3,21],[8,4,24,3,23,1,21,20,16],[4,24,21,12,16,8,20,3],[24,4,23,8,16,20,12],[4,16,8,12,24,23,20],[16,20,12,4,24,23,8],[8,24,12,20,4,23,16],[12,8,20,16,4,24,23],[8,12,16,24,20,4,3,23,1,21],[12,24,4,23,16,8,20],[16,20,4,12,24,3,23,1,21],[16,24,4,23,12,20,8],[16,20,8,24,4,23,12],[8,24,12,20,4,23,16],[4,20,8,16,24,23,12],[24,12,4,23,16,8,20],[12,16,4,20,8,24,3,23,1,21],[8,16,4,24,23,12,20],[8,24,16,12,4,23,20],[12,20,4,8,16,24,23],[20,24,16,12,8,4,3,23,21,1],[20,4,12,8,16,24,23],[4,24,23,16,12,20,8],[24,8,12,20,4,3,23,1,21],[12,20,8,4,16,24,23],[12,16,24,4,21,20,8,3],[20,4,8,24,23,12,16],[24,16,12,8,20,4,23],[20,12,16,4,8,24,3,23,21,1],[20,8,12,4,24,23,16],[20,16,24,4,3,23,1,21,12],[16,12,24,20,4,23,8],[24,8,12,4,3,21,16,20],[12,16,4,20,24,3,23,21,1],[16,8,4,20,12,24,3,23,1,21],[8,16,20,12,24,4,3,21],[8,16,20,24,4,23,12],[20,8,12,16,24,4,23],[12,24,8,4,3,23,1,21,16],[20,24,4,3,23,1,21,12,8],[4,16,24,23,20,8,12],[4,24,3,23,1,21,8,20,16],[20,8,4,24,23,16,12],[24,16,4,3,23,21,1,8,12],[20,24,4,23,16,12,8],[24,20,12,4,23,8,16],[12,16,20,8,4,24,3,21],[20,24,4,3,23,1,21,8,12],[16,20,24,4,3,23,21,1,8],[4,8,24,3,23,1,21,16,12],[4,16,8,12,24,23,20],[24,20,16,12,4,23,8],[4,16,8,24,23,20,12],[20,12,4,24,23,16,8],[12,16,20,24,8,4,23],[4,24,3,23,21,1,12,16,8],[4,8,24,3,21,20,12,16],[16,12,24,20,4,23,8],[8,20,12,4,16,24,3,23,1,21],[16,8,12,24,4,23,20],[16,24,8,4,23,12,20],[16,8,20,12,24,4,23],[4,16,12,24,23,20,8],[8,24,4,3,23,1,21,16,12],[12,4,24,23,16,8,20],[20,8,12,4,24,23,16],[12,8,4,24,3,23,21,1,16],[4,12,8,16,24,23,20],[24,4,1,23,16,8,12,20],[16,12,8,4,20,24,3,23,1,21],[8,24,4,3,23,21,1,12,20],[12,20,4,16,24,3,23,21,1],[8,20,4,16,12,24,3,23,1,21],[16,20,24,12,8,4,3,23,1,21],[8,16,24,4,1,21,12,20,15,3],[4,8,12,16,20,24,3,23,21,1],[12,16,24,8,4,23,20],[20,4,16,8,24,3,23,21,1],[4,12,16,20,8,24,21,3],[20,24,12,8,4,23,16],[20,8,24,4,23,16,12],[16,4,20,12,8,24,3,23,1,21],[4,12,20,16,8,24,3,23,1,21],[12,20,16,4,24,23,8],[12,16,4,20,24,3,23,21,1],[16,8,24,12,20,4,23],[12,20,24,16,8,4,23],[12,8,16,20,4,24,3,23,21,1],[4,8,16,20,24,3,21,12],[16,20,8,24,4,23,12],[20,4,16,12,8,24,23],[8,16,12,4,24,3,23,21,1],[20,4,12,16,8,24,23],[12,24,16,4,23,20,8],[4,24,3,23,1,21,20,12,8],[20,4,8,24,3,23,1,21,16],[16,24,8,20,12,4,23],[12,16,20,4,8,24,3,23,1,21],[20,24,16,8,12,4,23],[24,16,12,20,8,4,3,21],[16,4,8,24,3,21,12,20],[20,24,12,4,3,23,21,1,16],[8,16,4,20,12,24,3,23,1,21],[12,20,8,16,4,24,23],[20,8,4,16,24,23,12],[12,4,8,20,16,24,23],[4,20,16,24,23,8,12],[4,12,8,24,23,16,20],[24,16,4,3,23,21,1,12,8],[8,12,24,4,23,16,20],[4,8,24,3,23,21,1,12,20],[8,24,20,16,4,3,21,12],[12,20,16,8,24,4,3,23,1,21],[20,8,16,12,4,24,21,15,3,1],[12,16,20,4,24,23,8],[24,8,4,23,20,16,12],[4,16,8,12,20,24,3,23,21,1],[20,4,12,16,24,23,8],[16,8,24,12,4,1,23,20],[20,16,12,8,4,24,23],[4,16,20,12,24,3,23,1,21],[12,4,20,24,3,23,21,1,16],[20,16,4,12,8,24,3,23,21,1],[4,20,24,3,23,21,1,16,8],[4,12,8,16,24,3,23,21,1],[8,16,24,12,20,4,3,23,21,1],[8,20,12,4,16,24,3,21],[24,20,4,3,23,21,1,12,8],[20,24,12,16,8,4,3,23,1,21],[8,12,16,24,20,4,3,23,21,1],[20,24,4,23,8,12,16],[12,16,24,8,20,4,21,1,15,3],[4,20,16,24,3,23,21,1,8],[12,8,4,16,20,24,3,23,21,1],[4,20,16,24,23,8,12],[4,16,8,20,24,3,23,21,1],[8,12,16,4,24,23,20],[8,4,24,3,23,21,1,16,20],[4,20,8,24,3,21,12,16],[16,4,24,3,23,1,21,12,20],[16,12,24,4,1,23,8,20],[16,12,20,4,24,23,8],[24,16,4,23,12,20,8],[8,20,4,12,24,23,16],[24,20,4,23,16,8,12],[24,20,16,4,21,8,12,3],[20,16,8,4,12,24,23],[4,8,16,20,12,24,21,3],[8,20,24,4,23,16,12],[8,12,16,20,24,4,23],[16,4,24,3,23,21,1,20,8],[20,12,16,4,8,24,3,23,21,1],[8,20,16,24,4,3,23,21,1],[16,20,8,12,24,4,3,21],[24,20,12,4,3,23,21,1,8],[20,8,16,12,24,4,3,21],[16,24,8,12,4,3,23,1,21],[4,8,16,20,24,23,12],[12,4,8,16,20,24,3,23,1,21],[8,24,20,4,1,23,12,16],[12,8,20,4,16,24,3,23,21,1],[16,8,12,20,4,24,3,23,21,1],[16,24,4,23,12,20,8],[8,20,12,24,4,3,23,21,1],[12,4,24,23,20,16,8],[16,12,4,8,20,24,1,23],[16,12,24,8,20,4,3,23,21,1],[4,8,24,3,21,20,16,12],[20,4,8,16,24,23,12],[20,4,8,24,3,23,21,1,12],[24,20,16,4,23,8,12],[20,24,12,8,16,4,3,21],[24,12,20,4,3,23,1,21,8],[4,12,16,24,3,23,1,21,20],[16,4,8,24,3,23,21,1,12],[4,8,24,3,23,1,21,16,12],[4,16,24,23,8,20,12],[12,16,20,4,24,23,8],[16,4,8,12,20,24,3,23,1,21],[8,12,4,16,20,24,3,23,21,1],[12,24,16,8,20,4,23],[24,20,12,4,3,23,1,21,8],[16,8,4,24,23,12,20],[4,20,16,12,24,23,8],[12,20,16,4,8,24,3,21],[20,12,4,8,16,24,23],[20,12,16,4,24,23,8],[4,16,12,8,20,24,3,23,1,21],[20,16,8,4,12,24,23],[12,8,16,20,4,24,23],[12,24,4,3,23,1,21,16,20],[8,4,12,16,24,23,20],[20,16,4,8,12,24,23],[24,4,3,21,12,8,20,16],[16,8,24,4,23,12,20],[20,16,8,12,4,24,3,23,21,1],[16,8,24,20,12,4,23],[12,20,4,8,16,24,1,23],[16,8,24,20,4,23,12],[20,16,24,4,21,8,12,15,3,1],[16,8,4,24,3,23,1,21,20],[20,16,24,12,8,4,23],[20,4,24,23,16,8,12],[20,12,16,8,4,24,23],[12,20,24,8,4,3,21,16],[24,16,12,4,23,20,8],[16,8,20,12,24,4,3,23,1,21],[12,16,24,8,20,4,3,23,21,1],[12,8,4,16,24,23,20],[24,16,8,4,3,23,21,1,20],[12,16,20,24,8,4,3,23,21,1],[4,16,20,8,12,24,3,23,21,1],[24,16,4,23,8,20,12],[20,24,8,16,4,3,23,21,1],[8,24,16,20,4,21,12,15,3,1],[12,24,8,20,4,3,23,1,21],[16,8,4,20,24,23,12],[8,20,12,16,4,24,3,23,21,1],[8,20,24,16,4,23,12],[16,8,12,20,4,24,23],[8,12,24,4,3,23,1,21,16],[20,8,4,16,12,24,23],[24,8,16,12,20,4,23],[20,24,8,12,4,3,23,1,21],[16,12,20,24,4,3,23,21,1],[24,4,23,16,20,12,8],[16,8,20,24,12,4,23],[12,8,16,4,24,23,20],[8,4,24,3,23,21,1,12,16],[20,12,8,4,24,23,16],[12,4,16,8,24,3,23,1,21],[4,16,12,24,23,8,20],[20,8,12,4,16,24,3,23,1,21],[12,4,20,8,24,3,23,1,21],[4,8,16,12,20,24,23],[4,24,3,23,1,21,16,12,8],[20,12,16,24,4,3,23,1,21],[16,8,20,4,24,3,23,21,1],[8,24,16,12,20,4,23],[24,8,16,20,12,4,3,23,1,21],[8,20,24,12,16,4,23],[20,8,4,16,12,24,3,23,1,21],[12,20,24,4,21,16,8,3],[4,12,20,16,8,24,23],[12,8,16,20,4,24,23],[24,4,23,16,12,20,8],[12,16,24,8,4,3,23,21,1],[24,12,16,4,23,8,20],[16,8,20,4,24,3,23,21,1],[12,24,8,4,3,23,21,1,16],[12,16,8,20,24,4,3,23,1,21],[24,16,20,12,4,3,23,21,1],[20,12,4,24,23,8,16],[16,20,12,4,24,3,23,21,1],[8,24,20,4,23,16,12],[16,24,8,20,4,23,12],[12,8,24,4,23,20,16],[4,8,16,12,24,3,23,21,1],[12,8,24,16,20,4,23],[20,24,12,8,16,4,23],[20,4,16,24,23,8,12],[12,20,16,8,4,24,3,23,21,1],[20,4,16,12,8,24,3,21],[8,20,24,16,4,23,12],[12,20,8,4,24,23,16],[20,24,4,23,12,8,16],[12,4,16,20,24,23,8],[8,4,12,20,16,24,23],[20,4,12,16,8,24,3,23,21,1],[20,12,24,4,23,8,16],[16,24,8,4,23,12,20],[16,20,8,24,12,4,23],[12,4,8,24,23,16,20],[12,16,24,4,3,23,1,21,20],[20,8,16,12,4,24,23],[20,4,12,8,16,24,23],[4,16,20,8,12,24,3,23,1,21],[16,24,8,4,3,21,20,12],[24,12,16,4,3,21,8,20],[4,8,12,24,23,16,20],[16,12,4,20,8,24,3,23,1,21],[24,8,16,20,4,3,23,1,21],[24,20,8,16,12,4,3,21],[12,20,16,8,24,4,23],[4,20,16,24,23,8,12],[4,12,8,20,24,23,16],[24,20,12,4,23,8,16],[24,4,23,16,20,12,8],[4,20,24,23,12,16,8],[16,4,24,23,20,8,12],[16,4,8,24,23,20,12],[20,12,4,16,8,24,3,23,1,21],[8,12,24,4,3,23,21,1,20],[16,24,4,3,23,21,1,12,20],[16,4,12,20,8,24,23],[8,20,12,4,24,3,23,21,1],[20,24,8,12,16,4,23],[12,4,8,20,24,3,23,1,21],[24,20,16,12,8,4,3,23,21,1],[12,16,24,20,8,4,3,21],[4,16,20,24,23,8,12],[4,16,12,20,8,24,23],[4,24,23,8,16,20,12],[24,12,20,4,23,16,8],[16,4,24,3,23,1,21,12,20],[16,8,4,24,3,23,1,21,12],[24,4,23,20,8,16,12],[24,16,20,4,3,23,21,1,12],[4,24,23,16,20,8,12],[12,20,4,16,8,24,3,23,21,1],[4,24,23,8,12,16,20],[20,24,12,16,4,23,8],[4,12,8,24,3,23,21,1,20],[8,4,24,23,12,16,20],[8,20,12,16,24,4,23],[16,12,4,24,3,21,8,20],[24,16,4,3,23,1,21,12,8],[24,16,12,20,8,4,23],[4,24,1,23,20,16,8,12],[4,20,8,24,23,16,12],[16,8,4,20,12,24,23],[8,4,20,24,3,23,1,21,16],[20,24,16,4,3,23,1,21,8],[8,20,4,24,3,23,21,1,16],[8,4,12,16,24,23,20],[16,24,8,20,4,3,23,21,1],[24,8,12,4,3,21,16,20],[12,4,24,3,23,21,1,20,16],[24,8,4,23,20,12,16],[12,24,20,4,3,23,1,21,16],[4,16,12,8,20,24,23],[12,8,20,16,4,24,23],[4,20,8,24,23,12,16],[20,16,12,8,4,24,23],[8,24,4,3,23,1,21,16,20],[24,16,12,4,3,23,1,21,20],[20,12,8,4,16,24,23],[4,20,12,8,16,24,23],[12,4,8,24,23,16,20],[8,16,24,12,4,3,21,20],[16,12,24,4,1,23,20,8],[24,12,16,4,3,23,21,1,20],[4,20,24,23,8,16,12],[4,24,23,8,16,12,20],[4,12,24,3,23,21,1,20,8],[20,8,24,12,4,3,23,21,1],[24,8,4,3,23,21,1,16,12],[4,20,16,8,12,24,3,23,1,21],[8,12,16,24,4,23,20],[24,4,23,8,16,12,20],[4,20,12,8,24,23,16],[4,24,23,12,16,20,8],[24,12,16,4,3,23,21,1,20],[24,4,23,20,12,16,8],[8,4,16,20,12,24,3,23,21,1],[16,8,24,4,23,12,20],[4,8,12,16,20,24,3,21],[12,24,20,4,1,23,8,16],[16,20,8,4,24,3,23,1,21],[12,20,4,8,16,24,3,23,1,21],[16,4,24,23,12,20,8],[8,24,20,16,12,4,21,15,3,1],[8,4,12,24,3,23,1,21,16],[8,24,12,4,3,23,21,1,16],[20,8,12,16,4,24,1,23],[24,4,3,23,21,1,16,12,20],[4,8,12,24,3,23,1,21,16],[4,16,12,24,23,8,20],[8,12,20,4,24,3,23,21,1],[4,16,24,23,20,8,12],[16,24,4,23,20,8,12],[16,24,12,8,4,23,20],[8,20,24,12,4,3,21,16],[12,16,24,4,23,8,20],[12,16,20,24,8,4,3,23,1,21],[8,20,24,4,23,16,12],[24,16,20,8,12,4,3,23,21,1],[16,12,24,20,4,23,8],[16,4,24,3,23,21,1,8,20],[12,20,8,16,24,4,23],[12,4,20,16,24,3,23,1,21],[24,20,4,3,23,1,21,16,12],[20,24,12,4,3,23,1,21,8],[16,8,24,20,12,4,3,23,21,1],[24,20,12,16,8,4,23],[16,24,20,8,12,4,3,23,21,1],[12,24,8,20,4,3,23,21,1],[8,16,12,4,20,24,23],[8,24,12,4,23,16,20],[4,12,20,16,8,24,23],[20,24,8,16,4,23,12],[8,12,16,4,24,3,21,20],[12,20,16,8,24,4,23],[24,12,16,4,23,20,8],[16,8,24,20,4,23,12],[4,12,24,23,20,8,16],[24,20,8,12,4,3,21,16],[24,4,23,12,16,8,20],[24,4,3,23,1,21,12,16,20],[12,4,24,3,23,1,21,20,16],[4,24,23,8,16,20,12],[4,24,3,23,1,21,8,16,12],[16,4,20,12,8,24,23],[4,12,24,23,16,8,20],[24,16,4,3,21,20,12,8],[12,4,16,24,23,8,20],[16,8,12,20,4,24,23],[8,24,16,20,4,23,12],[24,20,4,3,23,1,21,16,8],[12,8,4,16,20,24,23],[24,8,4,3,21,12,20,16],[4,8,12,16,24,23,20],[8,16,4,20,24,23,12],[8,24,4,3,23,1,21,12,20],[4,16,24,3,21,12,8,20],[20,16,8,12,24,4,23],[4,8,12,16,20,24,3,23,1,21],[24,20,4,23,8,12,16],[20,4,16,8,12,24,23],[24,4,3,23,21,1,16,8,12],[8,12,4,16,24,3,23,1,21],[24,20,8,16,12,4,23],[24,20,16,4,3,21,12,8],[20,12,8,16,4,24,23],[4,16,12,20,8,24,3,23,21,1],[20,16,8,4,24,3,21,12],[12,8,4,16,20,24,23],[4,24,23,8,20,16,12],[12,16,4,8,24,23,20],[24,20,16,8,4,23,12],[8,20,12,4,16,24,3,21],[16,20,4,8,12,24,23],[24,16,8,4,23,12,20],[4,16,20,24,23,12,8],[24,4,23,12,8,16,20],[8,12,24,16,20,4,23],[4,8,24,3,23,1,21,12,20],[12,4,8,24,3,23,21,1,20],[20,12,16,4,8,24,3,23,21,1],[20,12,4,24,23,16,8],[4,20,12,8,16,24,23],[24,16,12,20,4,3,23,1,21],[20,24,4,23,8,16,12],[8,24,20,4,23,16,12],[12,24,4,3,23,1,21,16,8],[24,12,8,20,4,3,23,1,21],[20,4,12,24,23,16,8],[24,8,4,3,23,21,1,12,16],[24,4,23,8,12,16,20],[12,20,24,4,3,21,16,8],[12,16,24,4,3,23,21,1,20],[24,8,20,4,3,23,21,1,12],[12,20,8,4,24,23,16],[4,24,23,20,8,16,12],[4,16,24,3,23,1,21,20,12],[8,4,24,23,12,20,16],[8,24,12,20,4,23,16],[24,4,23,16,20,8,12],[20,24,16,12,8,4,21,15,3,13]],"n_human":9}