{"problem_id":"s66qEszo0ol8hHt","sigma":150,"alpha":10.000,"cost":1,"probabilities":"[0.25, 0.26, 0.25, 0.24]","payoff_matrix":"[[148, 70, -60, -112, 52, 26], [-219, 31, -91, -98, 206, -10], [-148, 92, 201, -98, -181, 159], [60, 27, 307, -54, -393, 74]]","uncovered":[[22,18,2,6,19,5,17,7,8,20,10,14,23,21,24,9],[14,6,10,22,18,7,17,5,19,8,20,2,21,23,24,15],[10,18,22,2,6,17,14,7,19,5,20,23,21,8,24,9],[22,2,18,6,7,17,5,19,20,10,14,21,23,24,8,11,9,12],[6,22,18,5,17,7,19,8,20,14,10,2,21,23,24,9],[6,2,18,5,19,7,14,22,10,17,20,21,23,8,24,9],[22,18,10,2,14,6,17,7,19,5,20,21,23,24,8,12,11,9],[6,22,14,18,17,7,5,19,8,20,10,2,23,21,24,9],[10,14,18,6,7,17,19,5,20,22,2,21,23,8,24,12,11,9],[2,22,6,14,10,18,5,19,7,17,8,20,23,21,24,9],[10,18,22,14,6,5,17,7,19,20,2,23,21,8,24,9],[14,10,18,6,17,2,7,5,19,8,20,22,21,23,24,9],[6,2,10,22,14,18,7,17,19,5,8,20,21,23,24,11,9,12],[22,14,18,2,6,5,17,19,7,8,20,10,21,23,24,11,9,12],[6,10,22,18,5,19,7,2,14,17,20,23,21,24,8,11,9,12],[6,14,22,2,18,7,19,17,5,20,10,23,21,8,24,11,9,12],[18,22,2,6,19,5,17,7,20,10,14,23,21,8,24,11,9,12],[22,18,6,19,5,7,10,14,2,17,8,20,21,23,24,11,9,12],[14,6,18,5,19,7,22,2,10,17,20,23,21,24,8,9],[10,18,6,19,7,5,14,2,22,17,20,21,23,8,24,11,9,12],[22,10,2,18,6,19,5,7,14,17,20,23,21,24,8,9],[22,6,18,5,19,7,14,10,2,17,8,20,23,21,24,9],[14,22,18,2,10,6,7,17,5,19,20,23,21,24,8,9],[22,6,18,17,10,2,14,7,19,5,8,20,21,23,24,12,9,11],[22,14,2,18,6,19,5,17,7,8,20,10,23,21,24,9],[6,22,10,14,2,18,7,17,19,5,8,20,23,21,24,11,9,12],[18,10,2,6,5,17,19,7,20,22,14,21,23,8,24,11,9,12],[18,6,7,19,17,5,20,22,2,10,14,23,21,24,8,9],[22,18,6,7,17,19,5,8,20,14,2,10,23,21,24,9],[14,18,6,19,7,17,5,20,22,10,2,23,21,8,24,11,9,12],[14,22,18,10,6,17,5,19,7,20,2,21,23,24,8,11,9,12],[18,6,5,17,7,19,20,2,10,14,22,23,21,24,8,11,9,12],[18,2,22,14,6,7,19,17,5,8,20,10,21,23,24,9],[10,2,14,6,22,18,5,19,7,17,8,20,21,23,24,11,9,12],[10,6,18,19,5,7,22,2,14,17,8,20,21,23,24,9],[2,10,18,14,22,6,5,19,17,7,20,23,21,8,24,11,9,12],[22,6,2,10,14,18,19,5,7,17,8,20,23,21,24,9],[18,2,14,6,5,19,17,7,8,20,22,10,23,21,24,11,9,12],[10,2,6,18,19,7,17,5,20,14,22,23,21,8,24,11,9,12],[14,10,2,18,6,19,5,7,22,17,8,20,23,21,24,9],[6,22,2,14,18,19,7,5,10,17,8,20,23,21,24,9],[10,14,2,6,22,18,17,5,19,7,20,23,21,8,24,11,9,12],[6,14,2,10,22,18,17,7,19,5,8,20,21,23,24,9],[14,22,18,10,2,6,7,19,5,17,8,20,21,23,24,9],[14,10,22,18,6,7,17,5,19,20,2,23,21,8,24,11,9,12],[22,14,18,10,2,6,7,17,19,5,20,23,21,24,8,11,9,12],[6,18,5,17,7,19,20,22,2,14,10,23,21,24,8,13],[18,10,6,19,7,5,14,2,22,17,20,21,23,8,24,9],[2,6,10,18,5,19,7,14,22,17,8,20,23,21,24,15],[6,14,2,22,10,18,19,7,5,17,20,21,23,24,8,11,9,12],[10,22,6,2,18,7,19,5,14,17,8,20,23,21,24,11,9,12],[18,22,10,6,19,5,17,7,20,2,14,23,21,24,8,11,9,12],[6,22,14,18,5,17,7,19,20,2,10,23,21,8,24,11,9,12],[10,6,14,2,22,18,5,19,7,17,20,21,23,24,8,9],[6,10,14,18,19,7,5,22,2,17,8,20,21,23,24,11,9,12],[18,2,22,10,14,6,5,19,17,7,8,20,21,23,24,11,9,12],[18,10,22,2,14,6,17,7,5,19,20,23,21,8,24,9],[14,18,6,5,19,7,10,2,22,17,8,20,23,21,24,9],[18,14,6,7,17,19,5,20,2,22,10,21,23,24,8,9],[10,22,14,6,18,17,2,5,7,19,8,20,21,23,24,9],[2,10,14,22,6,18,19,7,5,17,8,20,21,23,24,9],[2,10,22,6,14,18,19,7,17,5,20,23,21,8,24,11,9,12],[2,22,6,18,17,14,10,5,7,19,20,23,21,24,8,11,9,12],[6,2,22,10,18,17,14,7,19,5,20,21,23,24,8,11,9,12],[6,2,22,18,17,14,10,7,5,19,8,20,23,21,24,11,9,12],[22,18,10,14,6,19,5,17,7,20,2,23,21,8,24,11,9,12],[18,2,10,14,22,6,17,7,19,5,20,23,21,8,24,12,9,11],[2,14,18,10,6,5,19,7,22,17,8,20,21,23,24,11,9,12],[22,14,6,10,2,18,19,5,7,17,20,23,21,24,8,11,9,12],[18,10,14,22,6,17,2,5,19,7,8,20,21,23,24,11,9,12],[22,2,6,14,18,7,17,19,5,20,10,21,23,8,24,11,9,12],[22,10,14,2,18,6,17,7,19,5,8,20,23,21,24,11,9,12],[10,22,14,6,18,7,19,17,5,20,2,23,21,8,24,9],[6,14,22,2,18,5,19,17,7,8,20,10,21,23,24,11,9,12],[14,18,10,2,6,7,19,17,5,20,22,21,23,24,8,9],[10,14,2,6,18,17,22,7,5,19,20,21,23,24,8,9],[10,22,14,6,18,5,19,17,7,8,20,2,23,21,24,11,9,12],[18,22,2,14,6,7,19,17,5,20,10,23,21,24,8,9],[18,14,22,6,5,17,19,7,8,20,2,10,21,23,24,11,9,12],[14,18,22,10,6,19,7,17,5,20,2,23,21,8,24,11,9,12],[2,6,14,10,22,18,17,7,5,19,8,20,21,23,24,11,9,12],[6,14,10,18,17,7,5,19,8,20,22,2,21,23,24,9],[22,14,18,10,2,6,19,5,7,17,20,23,21,8,24,11,9,12],[10,6,18,19,7,17,5,8,20,22,2,14,23,21,24,9],[18,6,17,22,5,19,7,20,14,10,2,21,23,8,24,11,9,12],[6,14,22,18,17,10,5,19,7,8,20,2,21,23,24,9],[22,18,10,2,14,6,17,5,7,19,8,20,21,23,24,15],[18,2,22,6,5,17,7,19,8,20,14,10,21,23,24,9],[14,6,2,22,18,19,7,17,5,20,10,23,21,8,24,11,9,12],[6,18,17,14,22,2,5,19,7,20,10,23,21,8,24,11,9,12],[2,6,22,10,14,18,19,7,5,17,20,21,23,24,8,9],[18,14,6,17,7,5,19,8,20,2,10,22,21,23,24,11,9,12],[18,22,10,14,2,6,19,5,7,17,20,21,23,8,24,12,9,11],[14,2,6,18,5,19,17,7,20,22,10,23,21,8,24,11,9,12],[10,6,14,22,2,18,19,7,17,5,20,23,21,8,24,9],[22,10,18,2,14,6,7,19,5,17,20,21,23,24,8,13],[22,6,2,18,19,5,17,7,20,10,14,21,23,8,24,9],[14,2,6,18,7,19,5,22,10,17,8,20,21,23,24,11,9,12],[22,10,2,18,14,6,7,19,5,17,20,21,23,24,8,11,9,12],[14,10,2,18,6,17,22,5,19,7,20,23,21,8,24,11,9,12],[14,18,2,6,19,5,7,22,10,17,20,21,23,8,24,11,9,12],[6,14,18,5,19,17,7,20,22,10,2,23,21,24,8,9],[14,2,18,6,5,19,7,22,10,17,8,20,21,23,24,9],[14,22,6,18,7,19,17,5,20,10,2,23,21,24,8,9],[22,14,6,10,18,5,19,7,2,17,20,21,23,24,8,9],[22,14,6,10,2,18,7,19,17,5,20,23,21,24,8,11,9,12],[18,14,6,5,17,7,19,8,20,2,22,10,23,21,24,9],[22,10,2,18,14,6,5,19,7,17,20,23,21,8,24,9],[22,14,10,2,6,18,7,19,17,5,8,20,23,21,24,11,9,12],[22,14,2,18,6,19,5,7,10,17,20,21,23,24,8,9],[18,22,2,6,17,7,5,19,8,20,14,10,21,23,24,9],[6,10,2,22,14,18,5,19,7,17,8,20,23,21,24,11,9,12],[6,18,5,19,17,7,20,14,2,22,10,21,23,8,24,11,9,12],[10,2,22,6,14,18,17,5,7,19,20,23,21,24,8,11,9,12],[14,22,6,18,7,19,5,10,2,17,8,20,21,23,24,11,9,12],[6,10,2,22,14,18,17,7,19,5,8,20,23,21,24,9],[14,2,18,22,6,17,10,7,19,5,20,23,21,24,8,9],[10,18,22,2,6,7,19,5,14,17,20,23,21,24,8,9],[10,18,22,6,17,14,7,5,19,20,2,23,21,8,24,11,9,12],[14,2,10,18,22,6,5,17,19,7,20,23,21,24,8,11,9,12],[6,10,18,17,22,14,5,7,19,20,2,21,23,8,24,9],[14,2,22,18,6,19,7,5,10,17,8,20,21,23,24,9],[10,2,6,22,18,17,14,7,5,19,8,20,21,23,24,9],[6,10,14,18,7,19,5,22,2,17,20,21,23,24,8,9],[22,2,6,18,19,5,17,7,8,20,14,10,23,21,24,9],[14,18,10,6,7,17,19,5,8,20,2,22,23,21,24,11,9,12],[14,10,2,6,22,18,17,7,19,5,8,20,21,23,24,9],[6,18,17,10,14,2,5,7,19,8,20,22,21,23,24,9],[2,22,6,14,10,18,7,19,5,17,20,21,23,24,8,11,9,12],[18,14,22,10,2,6,5,17,7,19,20,21,23,8,24,9],[22,10,2,6,14,18,5,17,7,19,20,21,23,8,24,11,9,12],[10,18,2,6,19,5,17,7,8,20,22,14,21,23,24,11,9,12],[2,10,22,18,14,6,17,7,5,19,8,20,23,21,24,9],[6,14,18,5,19,7,10,2,22,17,8,20,23,21,24,11,9,12],[14,2,6,18,7,17,19,5,20,22,10,21,23,8,24,11,9,12],[14,18,10,6,19,5,17,7,20,2,22,23,21,24,8,11,9,12],[18,10,14,2,6,5,17,7,19,8,20,22,23,21,24,11,9,12],[6,22,2,14,18,17,5,19,7,20,10,23,21,24,8,11,9,12],[18,6,17,2,10,14,22,7,19,5,20,23,21,8,24,11,9,12],[18,22,6,19,7,17,5,20,14,10,2,23,21,8,24,9],[2,10,6,22,14,18,5,17,19,7,20,21,23,24,8,11,9,12],[2,6,22,14,10,18,5,19,7,17,8,20,23,21,24,9],[18,2,22,10,6,19,5,7,14,17,20,21,23,8,24,15],[14,6,22,10,18,17,7,5,19,20,2,21,23,8,24,13],[18,22,6,7,19,5,2,14,10,17,8,20,21,23,24,9],[10,14,2,6,18,17,7,19,5,20,22,21,23,8,24,11,9,12],[2,18,10,22,6,17,14,7,5,19,20,21,23,24,8,11,9,12],[14,18,2,22,6,7,17,5,19,20,10,23,21,8,24,11,9,12],[2,10,18,6,5,19,17,7,20,14,22,21,23,8,24,11,9,12],[14,22,18,6,17,7,19,5,8,20,10,2,21,23,24,11,9,12],[6,14,10,2,22,18,7,19,17,5,20,23,21,8,24,11,9,12],[6,22,10,14,18,17,2,5,19,7,20,23,21,24,8,9],[10,2,22,14,6,18,7,17,5,19,8,20,23,21,24,11,9,12],[2,22,6,10,14,18,19,7,5,17,20,23,21,8,24,9],[18,10,22,14,2,6,17,7,5,19,20,23,21,24,8,9],[22,6,14,18,7,17,5,19,8,20,10,2,21,23,24,11,9,12],[2,14,18,22,10,6,5,19,7,17,20,21,23,24,8,13],[18,2,22,14,10,6,7,17,19,5,20,23,21,24,8,12,9,11],[22,18,2,6,5,19,7,10,14,17,20,21,23,24,8,9],[22,2,18,10,6,7,17,5,19,20,14,23,21,24,8,9],[18,22,6,5,19,17,7,8,20,14,2,10,23,21,24,9],[2,22,18,6,5,17,7,19,20,14,10,21,23,24,8,11,9,12],[18,14,6,17,2,10,7,19,5,20,22,21,23,24,8,9],[6,14,18,7,17,19,5,8,20,2,22,10,21,23,24,11,9,12],[2,10,6,18,17,22,14,5,19,7,8,20,21,23,24,9],[10,6,2,14,18,5,19,7,22,17,8,20,21,23,24,9],[18,22,6,5,17,7,19,8,20,2,14,10,23,21,24,11,9,12],[14,6,22,18,7,17,19,5,20,10,2,21,23,8,24,11,9,12],[18,14,10,2,6,17,22,7,5,19,20,21,23,8,24,9],[6,10,2,22,14,18,19,7,5,17,20,23,21,8,24,9],[18,6,5,17,7,19,8,20,2,22,14,10,23,21,24,9],[2,22,14,18,10,6,5,17,19,7,8,20,23,21,24,13],[10,6,22,18,19,5,7,14,2,17,8,20,23,21,24,11,9,12],[6,14,22,10,18,5,19,7,2,17,20,21,23,8,24,11,9,12],[2,6,22,18,7,17,19,5,20,14,10,23,21,24,8,11,9,12],[18,6,5,19,7,2,10,22,14,17,8,20,23,21,24,11,9,12],[10,22,2,14,6,18,7,17,5,19,8,20,21,23,24,9],[18,22,2,10,6,17,14,5,19,7,20,21,23,8,24,11,9,12],[22,10,6,2,18,19,5,17,7,20,14,23,21,24,8,12,11,9],[14,10,2,18,6,17,22,5,19,7,20,23,21,8,24,11,9,12],[14,22,10,6,18,17,2,5,7,19,8,20,23,21,24,11,9,12],[2,22,10,14,6,18,17,5,19,7,20,23,21,8,24,11,9,12],[22,10,18,2,14,6,17,7,19,5,8,20,21,23,24,11,9,12],[6,2,10,14,22,18,17,5,7,19,20,23,21,8,24,9],[22,14,6,10,2,18,19,7,17,5,20,23,21,24,8,9],[18,10,14,2,22,6,17,5,7,19,8,20,23,21,24,12,9,11],[2,18,6,7,17,5,19,20,14,10,22,23,21,8,24,11,9,12],[6,22,14,2,18,19,7,5,10,17,8,20,21,23,24,11,9,12],[18,14,6,7,19,5,2,10,22,17,20,23,21,8,24,9],[10,6,2,14,18,17,22,5,7,19,20,23,21,8,24,12,11,9],[18,22,10,2,6,7,17,19,5,8,20,14,21,23,24,11,9,12],[14,10,18,6,17,22,7,19,5,8,20,2,21,23,24,11,9,12],[18,14,2,10,6,5,19,17,7,20,22,23,21,8,24,9],[6,14,22,10,2,18,17,7,19,5,8,20,23,21,24,11,9,12],[18,14,22,6,7,19,5,2,10,17,20,23,21,8,24,9],[22,6,10,18,17,14,2,7,19,5,20,23,21,24,8,11,9,12],[10,18,22,2,14,6,5,19,17,7,8,20,21,23,24,9],[6,10,22,2,14,18,17,5,19,7,8,20,23,21,24,11,9,12],[6,2,22,14,18,17,10,5,7,19,20,23,21,24,8,9],[14,10,22,6,18,19,5,17,7,8,20,2,23,21,24,11,9,12],[2,14,18,10,6,7,17,19,5,8,20,22,21,23,24,11,9,12],[2,14,6,22,18,17,10,7,19,5,8,20,21,23,24,9],[2,10,14,18,6,17,22,7,19,5,20,21,23,24,8,9],[18,22,14,6,7,19,17,5,8,20,10,2,23,21,24,9],[22,2,14,18,6,19,5,7,10,17,8,20,21,23,24,11,9,12],[6,10,18,17,22,2,14,7,19,5,20,23,21,24,8,12,9,11],[14,6,10,22,18,5,17,19,7,8,20,2,23,21,24,12,11,9],[10,22,6,18,5,17,7,19,8,20,14,2,23,21,24,9],[22,18,14,2,6,19,5,7,10,17,8,20,23,21,24,11,9,12],[2,10,22,6,14,18,7,17,19,5,8,20,21,23,24,11,9,12],[18,14,10,22,6,19,7,5,2,17,20,21,23,24,8,11,9,12],[22,14,6,2,18,19,7,17,5,20,10,23,21,8,24,11,9,12],[18,2,22,14,6,17,10,5,7,19,20,23,21,24,8,11,9,12],[18,22,14,2,6,17,10,7,19,5,8,20,21,23,24,9],[14,18,22,6,19,5,17,7,8,20,2,10,21,23,24,9],[2,14,22,6,10,18,5,19,7,17,8,20,21,23,24,9],[22,2,14,6,18,17,10,7,19,5,8,20,23,21,24,9],[2,14,18,22,6,17,7,19,5,8,20,10,21,23,24,11,9,12],[6,10,14,22,2,18,7,17,19,5,8,20,21,23,24,11,9,12],[2,22,6,10,14,18,7,17,5,19,20,23,21,24,8,9],[18,10,22,2,6,17,14,5,7,19,20,21,23,8,24,11,9,12],[14,22,10,2,6,18,17,7,19,5,20,23,21,8,24,11,9,12],[22,10,18,14,2,6,5,19,17,7,8,20,23,21,24,13],[18,2,22,6,5,19,17,7,20,10,14,23,21,8,24,12,9,11],[22,18,2,10,14,6,19,7,17,5,20,23,21,8,24,9],[10,18,14,22,2,6,7,17,5,19,20,23,21,24,8,11,9,12],[14,18,2,6,5,17,19,7,20,22,10,23,21,8,24,9],[22,6,2,14,10,18,17,7,19,5,8,20,21,23,24,9],[6,18,19,7,5,10,2,14,22,17,8,20,23,21,24,11,9,12],[22,18,6,19,7,17,5,8,20,2,10,14,23,21,24,11,9,12],[6,10,14,18,7,19,17,5,8,20,2,22,23,21,24,9],[22,10,2,18,14,6,5,19,17,7,8,20,21,23,24,11,9,12],[22,6,10,14,18,19,5,7,2,17,8,20,21,23,24,11,9,12],[2,18,10,22,14,6,7,19,17,5,20,23,21,8,24,11,9,12],[6,18,5,17,7,19,8,20,2,22,14,10,23,21,24,9],[6,22,18,7,17,19,5,8,20,2,14,10,23,21,24,11,9,12],[2,10,22,14,18,6,5,19,17,7,20,21,23,24,8,9],[2,14,6,18,5,19,7,22,10,17,8,20,21,23,24,11,9,12],[10,22,2,14,18,6,17,5,19,7,8,20,23,21,24,9],[6,10,22,18,5,17,7,19,20,14,2,21,23,8,24,11,9,12],[6,10,14,2,22,18,17,5,7,19,8,20,21,23,24,11,9,12],[22,14,18,10,2,6,7,17,5,19,8,20,21,23,24,11,9,12],[14,2,10,6,18,19,7,17,5,20,22,23,21,24,8,11,9,12],[14,2,6,18,7,17,5,19,8,20,22,10,21,23,24,9],[10,6,2,14,18,17,5,7,19,20,22,23,21,24,8,12,9,11],[14,18,10,22,6,7,17,19,5,8,20,2,23,21,24,11,9,12],[2,10,18,14,6,17,22,7,19,5,8,20,21,23,24,9],[14,6,2,18,19,5,7,22,10,17,20,21,23,8,24,9],[10,2,14,18,6,19,5,7,22,17,20,23,21,8,24,11,9,12],[14,10,6,2,22,18,17,5,7,19,20,21,23,8,24,9],[2,14,22,18,6,19,5,17,7,8,20,10,23,21,24,9],[10,2,6,14,18,19,5,17,7,8,20,22,23,21,24,11,9,12],[18,14,22,10,2,6,5,17,19,7,20,23,21,24,8,11,9,12],[6,10,22,14,2,18,17,5,7,19,20,21,23,24,8,11,9,12],[10,22,2,6,14,18,17,7,5,19,20,21,23,24,8,9],[14,10,22,6,18,5,17,19,7,20,2,21,23,24,8,9],[6,18,17,2,10,22,7,5,19,20,14,23,21,8,24,11,9,12],[18,2,10,6,7,19,5,22,14,17,8,20,21,23,24,11,9,12],[18,22,10,14,2,6,5,17,7,19,8,20,23,21,24,9],[2,22,14,18,10,6,7,19,17,5,20,21,23,8,24,11,9,12],[14,10,2,22,18,6,19,7,5,17,8,20,23,21,24,11,9,12],[10,22,2,6,14,18,7,17,5,19,20,23,21,24,8,9],[10,22,14,18,6,17,2,7,19,5,20,23,21,24,8,9],[14,10,2,22,18,6,17,7,5,19,8,20,23,21,24,9],[18,14,22,6,19,7,5,10,2,17,20,21,23,8,24,9],[6,18,19,7,17,5,20,2,22,14,10,21,23,24,8,11,9,12],[18,14,2,22,10,6,17,7,5,19,8,20,23,21,24,11,9,12],[14,2,18,10,6,17,22,7,5,19,20,21,23,8,24,9],[2,14,22,18,6,19,7,17,5,8,20,10,23,21,24,9],[10,2,22,6,14,18,19,5,7,17,8,20,23,21,24,11,9,12],[6,2,22,10,14,18,19,7,17,5,8,20,23,21,24,9],[22,18,10,14,2,6,19,5,7,17,8,20,23,21,24,9],[10,14,18,2,6,17,5,19,7,20,22,23,21,8,24,11,9,12],[6,18,19,7,5,14,22,10,2,17,8,20,23,21,24,12,11,9],[6,2,10,22,18,7,17,5,19,8,20,14,23,21,24,11,9,12],[18,2,14,6,19,7,5,10,22,17,8,20,23,21,24,11,9,12],[2,22,10,6,14,18,5,17,19,7,8,20,23,21,24,11,9,12],[10,14,6,22,18,7,19,17,5,8,20,2,21,23,24,9],[6,18,19,5,7,10,22,2,14,17,8,20,21,23,24,11,9,12],[2,22,14,6,18,7,19,17,5,8,20,10,21,23,24,11,9,12],[10,18,6,17,7,5,19,20,2,22,14,21,23,8,24,11,9,12],[6,2,18,5,17,7,19,8,20,14,10,22,21,23,24,11,9,12],[2,18,10,14,22,6,5,17,7,19,20,23,21,8,24,9],[6,18,19,5,17,7,8,20,10,14,22,2,23,21,24,15],[14,22,6,2,10,18,7,19,5,17,8,20,23,21,24,9],[2,10,22,6,14,18,7,17,5,19,20,21,23,8,24,9],[14,22,2,18,10,6,5,19,7,17,20,21,23,24,8,11,9,12],[22,18,14,2,6,19,7,5,10,17,20,21,23,8,24,11,9,12],[10,22,6,18,17,2,14,5,7,19,8,20,21,23,24,11,9,12],[22,18,10,14,6,7,19,5,2,17,20,21,23,8,24,11,9,12],[22,6,2,18,5,19,17,7,8,20,10,14,23,21,24,9],[10,6,22,2,18,19,5,7,14,17,20,21,23,8,24,11,9,12],[10,2,6,22,18,5,19,7,14,17,20,23,21,24,8,9],[2,22,10,14,6,18,7,17,19,5,20,23,21,24,8,11,9,12],[2,14,22,18,10,6,7,19,5,17,8,20,23,21,24,11,9,12],[2,18,10,6,19,5,7,14,22,17,20,23,21,24,8,9],[6,14,22,10,2,18,19,7,5,17,8,20,21,23,24,9],[22,18,2,14,6,5,19,7,10,17,20,23,21,24,8,11,9,12],[2,18,6,7,19,5,10,14,22,17,20,23,21,8,24,11,9,12],[2,10,6,14,18,19,5,17,7,20,22,21,23,8,24,9],[22,10,14,18,6,19,5,7,2,17,8,20,23,21,24,11,9,12],[10,6,18,7,17,5,19,20,2,14,22,21,23,24,8,11,9,12],[2,18,14,10,22,6,5,19,7,17,20,21,23,24,8,9],[22,14,10,2,18,6,17,7,19,5,20,21,23,8,24,11,9,12],[14,6,10,22,18,19,5,17,7,20,2,23,21,24,8,11,9,12],[2,10,14,6,18,7,19,5,22,17,20,21,23,8,24,11,9,12],[2,18,22,6,19,5,7,14,10,17,20,21,23,24,8,11,9,12],[10,6,22,14,2,18,5,19,17,7,8,20,21,23,24,11,9,12],[14,18,22,6,7,19,5,2,10,17,8,20,23,21,24,9],[14,22,2,10,6,18,17,7,19,5,8,20,21,23,24,11,9,12],[22,10,14,18,6,19,7,17,5,8,20,2,23,21,24,13],[18,2,6,5,17,19,7,8,20,10,22,14,21,23,24,11,9,12],[10,22,6,14,2,18,5,19,17,7,20,21,23,24,8,9],[18,6,19,5,7,22,2,14,10,17,8,20,21,23,24,9],[18,10,6,19,7,5,2,22,14,17,20,21,23,8,24,9],[22,2,14,10,18,6,17,7,19,5,8,20,23,21,24,9],[14,6,22,18,17,5,19,7,8,20,2,10,21,23,24,9],[10,6,2,14,22,18,19,5,17,7,20,23,21,24,8,13],[22,10,18,14,2,6,19,5,7,17,8,20,23,21,24,11,9,12],[18,6,7,17,5,19,8,20,2,14,10,22,23,21,24,11,9,12],[14,22,6,2,18,7,19,5,10,17,8,20,21,23,24,9],[22,6,2,10,14,18,17,7,5,19,20,21,23,24,8,9],[14,6,22,18,17,2,10,7,19,5,20,21,23,24,8,9],[22,10,2,18,6,5,17,19,7,8,20,14,21,23,24,9],[2,10,18,6,19,7,17,5,8,20,14,22,23,21,24,11,9,12],[6,10,2,14,22,18,17,7,5,19,20,21,23,24,8,9],[18,22,2,10,6,19,5,7,14,17,20,23,21,8,24,9],[10,22,18,2,6,17,14,5,7,19,8,20,23,21,24,12,11,9],[10,22,18,14,6,17,2,7,5,19,20,21,23,8,24,9],[22,6,2,18,5,19,17,7,8,20,10,14,23,21,24,9],[18,6,7,19,17,5,8,20,10,22,14,2,23,21,24,9],[6,18,17,10,22,2,7,5,19,20,14,23,21,24,8,11,9,12],[14,18,10,6,7,19,5,22,2,17,20,21,23,8,24,9],[10,18,22,6,5,19,17,7,8,20,2,14,23,21,24,11,9,12],[6,2,10,14,22,18,7,17,5,19,20,21,23,24,8,9],[2,22,14,10,6,18,17,7,5,19,8,20,23,21,24,11,9,12],[22,10,14,6,18,19,7,17,5,20,2,23,21,8,24,9],[22,10,18,14,2,6,17,7,5,19,20,21,23,8,24,9],[6,14,22,18,19,5,7,2,10,17,20,23,21,8,24,11,9,12],[14,10,22,2,6,18,5,17,7,19,20,21,23,24,8,12,9,11],[18,14,2,6,7,19,17,5,8,20,22,10,21,23,24,15],[22,14,10,18,2,6,5,17,19,7,20,21,23,24,8,9],[2,22,14,10,6,18,19,5,7,17,8,20,23,21,24,12,9,11],[14,18,6,7,19,5,2,10,22,17,20,23,21,24,8,11,9,12],[22,6,10,14,2,18,7,17,5,19,8,20,23,21,24,11,9,12],[18,6,19,7,5,14,2,10,22,17,20,23,21,24,8,11,9,12],[18,14,10,2,6,19,5,7,22,17,20,21,23,8,24,11,9,12],[10,18,22,14,6,17,5,7,19,20,2,21,23,8,24,9],[6,22,2,18,5,17,19,7,20,10,14,23,21,8,24,9],[22,14,18,10,2,6,19,5,7,17,8,20,21,23,24,12,9,11],[2,6,22,18,19,7,17,5,8,20,10,14,23,21,24,11,9,12],[22,6,10,2,18,7,17,5,19,8,20,14,21,23,24,13],[10,22,14,2,18,6,17,5,7,19,8,20,23,21,24,9],[6,14,22,10,18,7,17,19,5,8,20,2,23,21,24,11,9,12],[18,22,10,6,17,2,14,7,19,5,8,20,21,23,24,13],[18,14,6,5,17,19,7,20,22,2,10,21,23,8,24,11,9,12],[10,2,6,14,22,18,19,5,7,17,20,23,21,8,24,12,11,9],[6,22,14,10,18,17,2,5,7,19,8,20,23,21,24,9],[6,22,18,5,17,19,7,20,10,14,2,23,21,8,24,11,9,12],[2,10,22,14,6,18,7,19,17,5,20,23,21,8,24,9],[2,18,14,22,6,17,10,5,7,19,8,20,23,21,24,11,9,12],[10,22,6,14,2,18,5,19,17,7,8,20,21,23,24,9],[18,14,10,22,2,6,19,7,5,17,20,23,21,24,8,12,11,9],[6,2,14,22,10,18,19,5,7,17,8,20,23,21,24,11,9,12],[2,18,6,17,10,14,22,5,19,7,20,21,23,8,24,9],[14,2,10,18,6,5,17,19,7,8,20,22,21,23,24,11,9,12],[10,6,22,18,7,19,17,5,8,20,14,2,21,23,24,11,9,12],[22,14,2,18,6,5,19,17,7,20,10,21,23,8,24,11,9,12],[22,2,10,14,6,18,19,5,17,7,8,20,23,21,24,11,9,12],[22,2,14,18,10,6,17,5,19,7,20,21,23,8,24,9],[14,10,18,2,6,17,22,5,19,7,20,21,23,24,8,11,9,12],[22,18,10,6,5,17,7,19,8,20,2,14,23,21,24,9],[22,14,10,6,18,7,17,5,19,20,2,21,23,8,24,11,9,12],[10,14,6,2,18,17,22,5,7,19,8,20,21,23,24,11,9,12],[22,18,6,5,17,7,19,20,14,2,10,21,23,24,8,11,9,12],[22,14,10,2,18,6,17,7,19,5,20,23,21,8,24,9],[18,2,22,6,5,17,7,19,20,10,14,23,21,8,24,11,9,12],[18,22,14,2,10,6,5,17,7,19,20,21,23,24,8,11,9,12],[14,2,10,6,18,17,22,5,7,19,8,20,21,23,24,11,9,12],[22,10,14,2,6,18,5,17,7,19,20,23,21,24,8,11,9,12],[22,6,18,5,17,19,7,20,10,2,14,23,21,8,24,12,11,9],[6,2,18,17,14,22,10,5,19,7,8,20,21,23,24,11,9,12],[14,18,6,7,17,5,19,8,20,22,2,10,21,23,24,9],[18,2,22,6,19,7,5,10,14,17,8,20,21,23,24,11,9,12],[22,10,18,6,5,19,7,2,14,17,8,20,21,23,24,11,9,12],[18,10,14,22,6,19,5,17,7,20,2,23,21,24,8,9],[18,2,14,10,6,7,19,17,5,20,22,21,23,8,24,15],[6,22,2,18,17,10,14,5,7,19,20,23,21,8,24,11,9,12],[6,10,18,7,19,17,5,8,20,14,2,22,23,21,24,11,9,12],[10,18,2,6,5,19,7,22,14,17,8,20,23,21,24,9],[10,22,14,2,6,18,7,17,5,19,8,20,21,23,24,9],[18,2,22,10,6,17,14,7,19,5,20,23,21,24,8,9],[22,10,6,2,18,17,7,5,19,8,20,14,23,21,24,11,9,12],[14,6,2,18,5,17,19,7,8,20,22,10,23,21,24,11,9,12],[18,2,14,22,10,6,5,17,7,19,8,20,23,21,24,9],[6,2,10,18,7,17,19,5,8,20,22,14,23,21,24,9],[10,2,6,18,19,7,5,22,14,17,8,20,21,23,24,11,9,12],[2,18,6,7,17,5,19,20,22,14,10,21,23,24,8,12,9,11],[6,10,18,17,22,14,2,5,19,7,8,20,21,23,24,11,9,12],[2,22,6,10,18,5,19,7,14,17,8,20,21,23,24,11,9,12],[6,22,10,14,2,18,7,19,5,17,8,20,23,21,24,11,9,12],[10,18,2,22,6,19,5,7,14,17,8,20,23,21,24,9],[18,2,14,6,19,7,17,5,20,10,22,23,21,24,8,11,9,12],[22,14,2,18,10,6,17,5,19,7,8,20,21,23,24,11,9,12],[2,18,6,7,19,5,10,22,14,17,8,20,23,21,24,9],[2,10,22,14,18,6,19,7,5,17,8,20,23,21,24,9],[14,2,22,18,6,17,10,7,19,5,20,23,21,8,24,9],[18,22,14,6,19,7,17,5,20,10,2,21,23,8,24,11,9,12],[2,18,10,6,17,14,22,5,19,7,8,20,21,23,24,11,9,12],[10,6,2,14,22,18,17,5,19,7,20,23,21,8,24,9],[22,2,6,18,7,19,5,14,10,17,20,21,23,8,24,11,9,12],[2,6,10,18,17,5,7,19,8,20,14,22,23,21,24,11,9,12],[2,14,18,10,22,6,5,19,7,17,8,20,23,21,24,11,9,12],[6,2,22,18,5,17,19,7,8,20,10,14,21,23,24,11,9,12],[10,18,22,6,17,2,5,7,19,20,14,23,21,8,24,13],[2,18,22,10,14,6,17,5,19,7,8,20,21,23,24,9],[10,14,6,18,7,19,5,2,22,17,20,23,21,8,24,12,9,11],[2,10,14,6,22,18,5,19,17,7,20,23,21,8,24,9],[14,2,22,18,10,6,19,5,7,17,20,23,21,24,8,11,9,12],[10,14,2,18,6,5,17,7,19,20,22,23,21,8,24,9],[18,14,2,22,10,6,17,7,5,19,20,21,23,24,8,9],[2,6,14,18,5,17,19,7,8,20,10,22,23,21,24,9],[14,22,6,10,2,18,5,19,7,17,20,23,21,8,24,9],[18,6,17,14,10,7,19,5,8,20,22,2,23,21,24,9],[6,18,17,2,10,22,7,19,5,20,14,21,23,24,8,9],[18,2,10,22,14,6,19,7,5,17,8,20,21,23,24,9],[22,2,6,14,18,7,19,17,5,8,20,10,21,23,24,11,9,12],[18,10,14,6,17,22,7,5,19,8,20,2,21,23,24,11,9,12],[18,22,2,10,14,6,19,7,17,5,20,21,23,8,24,9],[14,6,22,10,2,18,5,19,17,7,8,20,21,23,24,11,9,12],[22,18,6,5,19,7,10,14,2,17,8,20,21,23,24,11,9,12],[10,18,14,22,6,19,7,5,2,17,20,21,23,24,8,11,9,12],[6,2,14,22,18,17,7,19,5,20,10,21,23,8,24,9],[14,18,2,10,22,6,19,7,5,17,20,21,23,24,8,11,9,12],[18,6,17,14,22,2,10,7,19,5,20,23,21,24,8,9],[18,14,6,19,7,17,5,8,20,22,10,2,23,21,24,9],[18,10,2,6,5,19,7,22,14,17,20,23,21,24,8,9],[6,18,7,19,5,14,22,2,10,17,8,20,21,23,24,11,9,12],[10,6,14,18,7,17,19,5,20,22,2,23,21,24,8,9],[18,10,22,2,14,6,5,17,7,19,20,23,21,24,8,9],[14,18,22,10,6,17,2,7,19,5,8,20,21,23,24,13],[2,6,14,22,10,18,19,5,7,17,20,21,23,8,24,9],[10,14,2,22,6,18,7,19,17,5,8,20,21,23,24,9],[14,18,10,6,5,19,17,7,8,20,2,22,21,23,24,11,9,12],[10,22,14,2,6,18,19,5,17,7,8,20,23,21,24,11,9,12],[2,14,10,6,18,7,19,17,5,8,20,22,23,21,24,9],[14,22,2,6,18,17,5,19,7,20,10,23,21,24,8,9],[22,10,2,14,18,6,19,7,17,5,8,20,23,21,24,11,9,12],[22,2,10,14,6,18,5,19,17,7,20,21,23,8,24,11,9,12],[22,18,14,2,6,7,17,5,19,8,20,10,21,23,24,9],[14,10,18,2,22,6,7,19,5,17,8,20,23,21,24,9],[14,18,22,6,7,17,5,19,8,20,2,10,23,21,24,9],[10,14,22,2,6,18,5,19,7,17,8,20,23,21,24,13],[2,10,22,14,18,6,7,19,17,5,8,20,21,23,24,9],[18,22,2,6,17,7,5,19,8,20,14,10,21,23,24,11,9,12],[2,10,6,18,17,22,5,19,7,8,20,14,21,23,24,11,9,12],[10,22,18,14,6,7,19,17,5,20,2,23,21,24,8,11,9,12],[10,18,2,14,6,7,19,17,5,8,20,22,23,21,24,9],[14,2,6,10,18,19,5,17,7,20,22,23,21,8,24,11,9,12],[14,18,22,2,10,6,17,7,19,5,20,23,21,8,24,9],[10,14,18,2,22,6,5,19,17,7,8,20,21,23,24,11,9,12],[6,10,22,14,2,18,19,7,5,17,8,20,23,21,24,11,9,12],[18,6,19,5,17,7,8,20,14,22,2,10,23,21,24,9],[2,22,6,10,18,7,19,5,14,17,8,20,23,21,24,11,9,12],[14,18,2,6,7,17,5,19,8,20,22,10,23,21,24,15],[2,6,10,18,19,5,17,7,20,14,22,23,21,8,24,11,9,12],[10,2,22,14,6,18,5,17,19,7,20,21,23,8,24,11,9,12],[18,2,10,6,5,17,19,7,20,14,22,21,23,8,24,11,9,12],[2,14,10,22,18,6,17,7,5,19,8,20,23,21,24,9],[14,2,18,22,6,7,19,17,5,8,20,10,23,21,24,9],[18,6,19,5,7,14,2,22,10,17,20,23,21,24,8,9],[18,22,2,6,7,17,5,19,20,10,14,21,23,24,8,11,9,12],[6,10,14,18,7,19,17,5,20,22,2,23,21,8,24,9],[10,6,2,14,22,18,7,19,17,5,20,21,23,24,8,9],[6,10,2,14,18,19,7,5,22,17,20,23,21,8,24,9],[6,2,18,7,17,5,19,8,20,14,10,22,21,23,24,11,9,12],[22,2,18,10,14,6,5,19,17,7,8,20,23,21,24,9],[18,2,6,19,7,17,5,20,22,14,10,23,21,8,24,9],[2,10,14,22,6,18,7,17,19,5,20,23,21,8,24,9],[22,18,10,2,14,6,7,19,5,17,8,20,23,21,24,9],[14,10,22,2,6,18,5,19,7,17,20,21,23,8,24,11,9,12],[14,10,18,6,7,17,5,19,8,20,22,2,23,21,24,9],[18,22,14,10,2,6,17,5,19,7,8,20,21,23,24,11,9,12],[6,18,7,19,17,5,20,22,14,10,2,21,23,8,24,11,9,12],[14,22,2,6,10,18,17,7,5,19,8,20,21,23,24,9],[22,6,14,10,18,19,5,7,2,17,8,20,23,21,24,11,9,12],[22,6,18,19,5,17,7,20,10,2,14,23,21,8,24,11,9,12],[18,2,6,19,7,5,22,10,14,17,20,21,23,8,24,9],[22,10,2,14,18,6,17,5,19,7,8,20,21,23,24,9],[10,22,2,6,14,18,19,7,17,5,20,23,21,24,8,9],[2,6,22,10,18,7,19,5,14,17,20,21,23,8,24,11,9,12],[10,22,6,2,18,5,19,7,14,17,8,20,21,23,24,9],[6,10,14,22,2,18,5,19,17,7,20,23,21,24,8,11,9,12],[10,18,2,6,17,14,5,19,7,8,20,22,23,21,24,12,11,9],[2,6,10,18,7,19,17,5,8,20,14,22,23,21,24,9],[10,2,22,14,18,6,7,17,19,5,8,20,21,23,24,11,9,12],[18,2,14,22,10,6,7,17,19,5,8,20,23,21,24,9],[18,10,2,22,6,5,19,7,14,17,8,20,23,21,24,9],[18,6,7,19,5,2,14,10,22,17,8,20,23,21,24,9],[22,14,10,6,2,18,7,17,19,5,20,21,23,24,8,9],[6,10,14,22,18,19,5,7,2,17,20,23,21,24,8,9],[2,14,10,18,6,5,19,7,22,17,20,23,21,8,24,11,9,12],[14,18,6,5,19,17,7,8,20,10,2,22,21,23,24,11,9,12],[22,6,2,10,18,19,7,5,14,17,8,20,21,23,24,15],[22,2,10,6,14,18,5,17,7,19,20,23,21,24,8,15],[18,10,6,7,19,17,5,20,2,14,22,23,21,8,24,11,9,12],[22,14,2,6,10,18,17,7,19,5,20,23,21,8,24,11,9,12],[2,18,10,22,14,6,17,5,19,7,8,20,21,23,24,9],[14,10,6,22,2,18,5,17,7,19,8,20,23,21,24,11,9,12],[18,10,22,14,6,7,19,17,5,8,20,2,21,23,24,9],[6,10,14,2,18,5,19,7,22,17,20,21,23,24,8,15],[14,10,2,18,6,7,17,5,19,8,20,22,21,23,24,11,9,12],[14,10,2,22,6,18,17,7,19,5,8,20,23,21,24,9],[2,18,22,10,14,6,5,19,7,17,20,23,21,24,8,11,9,12],[18,22,10,14,2,6,17,5,19,7,8,20,21,23,24,11,9,12],[6,10,22,18,17,7,19,5,20,2,14,21,23,24,8,11,9,12],[22,2,14,18,6,5,19,7,10,17,8,20,23,21,24,9],[6,2,14,22,10,18,19,7,17,5,20,21,23,24,8,9],[14,2,6,22,18,17,10,5,7,19,8,20,23,21,24,9],[18,2,10,14,6,19,7,5,22,17,20,23,21,24,8,11,9,12],[14,18,10,2,6,19,5,7,22,17,8,20,23,21,24,9],[10,2,18,6,5,19,17,7,20,14,22,21,23,8,24,12,11,9],[10,22,18,2,6,19,7,17,5,8,20,14,21,23,24,9],[6,22,10,18,5,19,7,14,2,17,8,20,21,23,24,9],[10,22,2,6,14,18,7,19,17,5,20,23,21,8,24,11,9,12],[6,22,10,14,2,18,5,19,17,7,20,21,23,8,24,11,9,12],[6,2,10,18,7,19,5,22,14,17,8,20,21,23,24,11,9,12],[2,22,6,10,18,5,19,17,7,8,20,14,23,21,24,11,9,12],[18,10,6,17,2,5,19,7,20,14,22,21,23,24,8,12,11,9],[14,2,10,6,18,19,7,17,5,20,22,21,23,24,8,11,9,12],[14,6,18,5,19,7,22,10,2,17,20,21,23,8,24,9],[22,2,18,14,10,6,7,17,5,19,20,23,21,8,24,9],[6,22,18,5,17,19,7,8,20,2,10,14,23,21,24,11,9,12],[6,2,14,22,10,18,17,5,19,7,8,20,23,21,24,9],[2,22,14,10,6,18,19,5,7,17,8,20,23,21,24,9],[18,10,14,2,6,7,17,5,19,20,22,21,23,24,8,11,9,12],[6,2,22,10,14,18,7,17,5,19,20,21,23,24,8,11,9,12],[6,22,2,10,14,18,17,5,19,7,8,20,21,23,24,11,9,12],[2,22,14,18,6,5,19,17,7,20,10,21,23,24,8,11,9,12],[10,2,22,18,6,19,5,17,7,8,20,14,23,21,24,11,9,12],[2,10,18,14,6,19,7,5,22,17,20,23,21,24,8,9],[10,2,22,18,6,19,7,5,14,17,20,23,21,24,8,12,11,9],[14,2,22,6,10,18,17,7,5,19,8,20,23,21,24,9],[2,10,22,14,6,18,17,5,7,19,8,20,21,23,24,9],[10,6,2,18,17,22,14,7,5,19,8,20,21,23,24,11,9,12],[6,2,18,17,10,7,5,19,20,22,14,21,23,24,8,11,9,12],[10,2,18,6,17,22,14,7,5,19,8,20,23,21,24,9],[2,22,10,18,6,7,19,17,5,8,20,14,21,23,24,11,9,12],[10,22,6,14,2,18,5,17,7,19,8,20,21,23,24,11,9,12],[2,6,18,5,19,7,10,22,14,17,20,21,23,24,8,9],[18,14,22,10,6,19,7,17,5,20,2,23,21,24,8,9],[2,22,6,14,10,18,7,17,19,5,20,21,23,24,8,9],[2,6,22,14,10,18,7,19,5,17,20,23,21,24,8,9],[22,2,14,10,18,6,19,5,7,17,8,20,21,23,24,11,9,12],[18,6,7,19,5,10,2,22,14,17,8,20,23,21,24,9],[10,6,18,17,14,2,22,5,19,7,8,20,23,21,24,11,9,12],[10,18,2,14,6,5,17,19,7,8,20,22,23,21,24,11,9,12],[14,2,22,6,18,19,7,5,10,17,20,21,23,8,24,9],[18,2,10,14,6,17,5,19,7,8,20,22,21,23,24,11,9,12],[18,2,14,6,5,17,7,19,8,20,22,10,23,21,24,11,9,12],[6,18,17,7,19,5,20,22,10,2,14,21,23,8,24,11,9,12],[10,6,2,18,19,7,5,14,22,17,8,20,21,23,24,11,9,12],[6,10,18,5,17,19,7,8,20,2,14,22,21,23,24,13],[6,2,10,22,18,19,7,5,14,17,8,20,21,23,24,9],[22,14,2,6,10,18,19,7,5,17,8,20,21,23,24,9],[6,14,10,2,18,17,22,5,7,19,8,20,21,23,24,9],[2,14,22,18,6,17,10,5,7,19,8,20,21,23,24,9],[22,14,2,10,18,6,19,5,7,17,8,20,23,21,24,9],[10,6,14,18,5,17,7,19,20,2,22,23,21,8,24,9],[2,10,14,6,18,7,19,5,22,17,8,20,21,23,24,9],[10,18,22,6,19,5,7,2,14,17,8,20,23,21,24,9],[10,22,14,6,2,18,5,17,7,19,8,20,21,23,24,9],[18,2,6,17,14,22,10,7,19,5,8,20,23,21,24,9],[22,6,2,10,18,17,14,7,5,19,20,21,23,24,8,11,9,12],[6,10,14,18,7,17,5,19,20,22,2,21,23,24,8,9],[2,10,14,22,18,6,17,5,7,19,8,20,23,21,24,11,9,12],[10,14,22,6,18,17,2,7,5,19,20,23,21,8,24,9],[14,10,2,6,18,7,19,17,5,8,20,22,21,23,24,9],[6,14,2,10,18,17,5,19,7,8,20,22,21,23,24,11,9,12],[2,10,14,22,6,18,5,17,19,7,20,23,21,24,8,11,9,12],[6,14,18,7,17,5,19,20,10,2,22,21,23,24,8,11,9,12],[18,14,6,5,19,17,7,20,10,22,2,23,21,8,24,9],[14,18,2,22,6,19,5,7,10,17,8,20,23,21,24,11,9,12],[22,18,6,5,17,7,19,8,20,10,2,14,21,23,24,11,9,12],[2,22,10,14,6,18,19,7,17,5,20,23,21,8,24,12,9,11],[22,2,14,10,18,6,17,5,19,7,20,21,23,8,24,11,9,12],[2,10,18,6,17,22,13,7,5,19,8,20,21,23,24,9],[22,2,18,10,6,7,19,5,14,17,8,20,23,21,24,11,9,12],[6,14,10,22,2,18,19,5,7,17,20,23,21,8,24,11,9,12],[22,18,2,14,6,5,19,7,10,17,8,20,21,23,24,9],[6,22,2,10,14,18,19,5,7,17,8,20,21,23,24,9],[22,18,6,17,14,2,10,5,19,7,20,21,23,8,24,9],[18,10,2,6,7,17,5,19,20,22,14,23,21,24,8,9],[22,14,2,6,10,18,19,5,17,7,8,20,23,21,24,11,9,12],[22,10,6,14,2,18,17,5,19,7,8,20,23,21,24,9],[10,22,2,18,14,6,17,7,19,5,20,23,21,24,8,11,9,12],[10,2,6,18,7,17,5,19,20,14,22,21,23,24,8,11,9,12],[18,2,10,14,22,6,19,5,7,17,8,20,23,21,24,11,9,12],[10,18,22,2,14,6,19,7,5,17,20,21,23,8,24,9],[10,14,2,18,6,5,17,7,19,20,22,21,23,8,24,9],[10,14,2,22,6,18,17,7,5,19,8,20,21,23,24,9],[6,10,22,2,14,18,19,7,5,17,8,20,21,23,24,9],[6,2,18,17,5,7,19,20,10,14,22,23,21,24,8,9],[14,2,22,18,10,6,17,5,19,7,8,20,23,21,24,12,9,11],[22,14,2,18,10,6,7,19,17,5,8,20,23,21,24,11,9,12],[14,18,6,7,19,17,5,20,2,10,22,21,23,24,8,9],[10,6,2,14,18,7,19,5,22,17,8,20,23,21,24,9],[14,2,10,6,18,19,7,17,5,20,22,21,23,8,24,11,9,12],[14,6,2,18,19,7,17,5,20,22,10,23,21,8,24,12,9,11],[22,2,10,14,6,18,5,17,19,7,20,23,21,8,24,9],[6,2,22,10,18,5,17,19,7,20,14,21,23,24,8,11,9,12],[22,14,18,2,10,6,17,7,5,19,20,21,23,24,8,9],[22,18,6,7,19,5,2,14,10,17,8,20,21,23,24,15],[18,14,10,2,6,19,7,5,22,17,8,20,21,23,24,11,9,12],[22,14,18,10,6,17,2,7,5,19,8,20,23,21,24,16],[18,6,5,17,19,7,20,10,2,22,14,21,23,24,8,13],[2,18,6,7,19,17,5,8,20,10,22,14,23,21,24,9],[6,22,18,5,19,17,7,20,10,2,14,21,23,24,8,11,9,12],[14,6,22,10,18,17,2,7,19,5,8,20,21,23,24,11,9,12],[14,18,2,22,6,7,19,17,5,8,20,10,21,23,24,11,9,12],[6,14,18,19,7,5,2,10,22,17,20,23,21,24,8,9],[22,18,10,2,14,6,17,5,19,7,8,20,21,23,24,11,9,12],[10,18,14,2,6,7,19,5,22,17,20,23,21,24,8,11,9,12],[10,22,18,6,5,19,7,14,2,17,8,20,23,21,24,9],[10,22,6,2,18,17,14,5,19,7,8,20,23,21,24,11,9,12],[22,2,10,6,18,5,17,7,19,20,14,23,21,24,8,9],[2,6,22,10,18,19,7,17,5,8,20,14,21,23,24,9],[14,10,6,18,5,19,17,7,8,20,22,2,23,21,24,11,9,12],[14,22,6,2,10,18,5,17,7,19,8,20,21,23,24,11,9,12],[18,6,7,17,5,19,8,20,10,2,14,22,23,21,24,11,9,12],[18,6,19,7,5,10,22,2,14,17,20,23,21,24,8,9],[14,18,2,22,10,6,19,5,7,17,8,20,21,23,24,9],[2,22,18,10,14,6,17,7,5,19,8,20,21,23,24,9],[14,22,18,2,6,19,5,17,7,20,10,21,23,8,24,11,9,12],[14,6,2,22,10,18,7,17,5,19,8,20,23,21,24,9],[6,14,10,22,2,18,7,17,5,19,20,21,23,24,8,11,9,12],[14,6,22,2,10,18,7,19,5,17,20,23,21,8,24,11,9,12],[2,18,14,10,6,17,22,5,7,19,20,21,23,8,24,11,9,12],[22,18,6,17,14,10,2,5,19,7,20,21,23,8,24,15],[2,14,10,6,18,5,19,17,7,20,22,23,21,8,24,9],[10,22,2,18,6,5,17,19,7,20,14,23,21,24,8,12,11,9],[10,2,14,22,18,6,7,17,5,19,20,23,21,24,8,11,9,12],[18,2,10,22,14,6,17,5,19,7,20,23,21,24,8,9],[2,6,22,18,5,17,19,7,20,14,10,21,23,8,24,9],[22,6,18,17,14,10,7,5,19,20,2,21,23,8,24,9],[18,14,10,22,6,5,17,7,19,20,2,21,23,8,24,9],[6,10,14,2,18,19,7,17,5,20,22,21,23,8,24,11,9,12],[6,22,14,2,18,5,17,19,7,20,10,23,21,24,8,11,9,12],[2,6,18,19,5,17,7,8,20,14,22,10,21,23,24,11,9,12],[2,10,14,22,18,6,7,17,19,5,8,20,23,21,24,11,9,12],[2,10,6,18,5,19,17,7,8,20,22,14,21,23,24,11,9,12],[14,22,10,18,2,6,17,7,19,5,20,23,21,24,8,9],[22,10,6,2,14,18,17,5,7,19,20,21,23,24,8,11,9,12],[18,6,17,2,14,7,5,19,8,20,22,10,21,23,24,11,9,12],[6,22,10,14,18,7,19,5,2,17,20,23,21,24,8,9],[2,10,14,22,18,6,7,19,5,17,20,21,23,24,8,11,9,12],[2,6,10,18,7,19,17,5,8,20,22,14,23,21,24,9],[14,6,22,18,7,19,5,2,10,17,20,21,23,8,24,12,11,9],[10,18,14,22,2,6,17,5,7,19,8,20,21,23,24,9],[14,2,22,6,10,18,7,17,19,5,20,23,21,24,8,11,9,12],[6,2,14,18,7,17,19,5,20,22,10,21,23,24,8,13],[6,18,17,2,7,19,5,8,20,22,14,10,21,23,24,9],[6,10,14,22,18,17,2,7,5,19,20,23,21,8,24,9],[6,2,22,14,18,17,10,7,5,19,20,21,23,24,8,11,9,12],[22,14,10,2,18,6,19,5,17,7,20,21,23,24,8,9],[18,22,2,10,6,17,14,7,5,19,20,23,21,24,8,11,9,12],[2,14,10,18,6,5,19,7,22,17,20,21,23,24,8,15],[6,2,22,18,7,17,5,19,8,20,10,14,23,21,24,9],[6,14,22,18,5,17,7,19,20,2,10,23,21,8,24,11,9,12],[22,18,6,5,17,7,19,20,14,2,10,21,23,8,24,9],[22,6,2,10,18,7,17,5,19,8,20,14,21,23,24,11,9,12],[18,6,5,19,7,22,10,14,2,17,20,21,23,8,24,13],[22,2,18,14,6,19,7,17,5,8,20,10,23,21,24,12,11,9],[10,2,22,6,18,7,19,17,5,8,20,14,23,21,24,9],[18,14,22,6,7,19,17,5,20,2,10,21,23,8,24,11,9,12],[14,10,18,6,5,19,7,2,22,17,8,20,21,23,24,9],[14,2,22,6,10,18,17,7,5,19,8,20,23,21,24,12,9,11],[2,14,18,10,6,7,17,5,19,8,20,22,23,21,24,11,9,12],[10,22,14,2,6,18,17,5,7,19,8,20,21,23,24,11,9,12],[6,10,2,14,18,5,17,19,7,20,22,23,21,24,8,11,9,12],[10,18,6,17,2,14,5,19,7,20,22,21,23,24,8,9],[18,2,14,6,19,5,7,22,10,17,20,21,23,24,8,11,9,12],[10,2,18,14,6,7,19,17,5,20,22,21,23,8,24,11,9,12],[6,22,18,7,19,17,5,8,20,10,2,14,23,21,24,11,9,12],[6,18,17,14,2,22,10,7,19,5,20,23,21,8,24,11,9,12],[14,18,22,2,10,6,19,7,5,17,8,20,23,21,24,9],[6,18,5,17,19,7,8,20,14,2,22,10,21,23,24,9],[10,2,14,18,6,7,19,5,22,17,8,20,21,23,24,9],[6,10,2,18,5,17,7,19,20,14,22,23,21,24,8,11,9,12],[22,2,14,18,10,6,7,17,19,5,20,23,21,24,8,11,9,12],[6,22,18,5,17,7,19,8,20,14,10,2,23,21,24,9],[18,10,22,2,14,6,17,7,19,5,20,23,21,8,24,9],[6,22,18,17,10,2,7,5,19,8,20,14,23,21,24,11,9,12],[22,2,10,18,14,6,7,17,5,19,8,20,21,23,24,11,9,12],[6,18,7,19,5,10,14,2,22,17,8,20,23,21,24,11,9,12],[6,10,18,19,7,17,5,8,20,22,2,14,23,21,24,9],[6,14,22,18,5,17,19,7,20,2,10,21,23,8,24,9],[18,10,2,14,22,6,17,5,7,19,8,20,21,23,24,9],[18,22,2,10,14,6,17,7,5,19,20,21,23,8,24,9],[2,18,10,6,7,19,5,14,22,17,8,20,21,23,24,9],[22,14,6,10,18,5,17,7,19,20,2,23,21,24,8,9],[18,14,6,17,10,2,7,19,5,8,20,22,21,23,24,9],[14,10,2,18,22,6,5,17,19,7,8,20,23,21,24,11,9,12],[14,2,6,10,22,18,5,17,7,19,8,20,23,21,24,9],[18,10,14,2,22,6,19,5,17,7,8,20,23,21,24,11,9,12],[10,18,22,6,5,19,17,7,20,2,14,23,21,24,8,9],[6,22,10,18,19,5,7,14,2,17,8,20,23,21,24,11,9,12],[6,14,18,5,19,17,7,20,10,2,22,23,21,24,8,11,9,12],[22,18,6,7,17,5,19,20,2,14,10,21,23,24,8,11,9,12],[10,18,6,19,5,7,14,22,2,17,20,21,23,8,24,11,9,12],[22,10,18,6,17,2,14,7,19,5,8,20,21,23,24,12,9,11],[18,6,19,5,7,2,10,22,14,17,20,21,23,8,24,9],[22,18,14,6,5,17,7,19,20,2,10,23,21,24,8,15],[6,2,10,18,19,7,17,5,20,22,14,21,23,24,8,9],[6,2,18,17,22,10,14,5,7,19,8,20,21,23,24,11,9,12],[18,14,2,10,6,19,7,5,22,17,20,21,23,24,8,12,9,11],[18,2,10,6,5,17,19,7,8,20,22,14,23,21,24,11,9,12],[2,22,6,18,17,10,5,19,7,20,14,21,23,8,24,15],[14,18,10,22,6,19,7,17,5,8,20,2,23,21,24,15],[10,22,18,6,5,17,19,7,20,2,14,23,21,24,8,9],[2,6,14,22,10,18,17,7,5,19,20,23,21,8,24,9],[6,18,7,19,5,10,2,14,22,17,8,20,21,23,24,11,9,12],[6,22,14,10,2,18,19,5,7,17,8,20,23,21,24,9],[6,18,5,17,19,7,20,2,10,14,22,23,21,24,8,9],[18,10,22,2,14,6,17,7,5,19,20,21,23,24,8,9],[18,22,14,10,6,19,5,7,2,17,20,21,23,24,8,13],[2,14,10,22,18,6,7,19,17,5,8,20,21,23,24,9],[14,22,2,6,18,19,7,17,5,8,20,10,21,23,24,9],[22,14,18,2,6,17,7,5,19,20,10,21,23,24,8,11,9,12],[22,18,2,10,6,7,19,17,5,8,20,14,21,23,24,9],[6,14,10,22,18,7,19,17,5,20,2,23,21,8,24,9],[2,18,14,6,5,19,7,10,22,17,20,23,21,8,24,9],[10,22,6,2,14,18,17,5,7,19,8,20,21,23,24,9],[18,14,6,7,17,5,19,8,20,2,10,22,23,21,24,9],[2,6,10,22,18,7,17,5,19,20,14,23,21,24,8,11,9,12],[22,2,6,10,18,5,19,7,14,17,8,20,23,21,24,11,9,12],[2,10,6,22,14,18,5,19,17,7,20,23,21,8,24,11,9,12],[22,10,6,18,19,7,17,5,20,2,14,23,21,8,24,11,9,12],[14,22,2,18,10,6,19,7,17,5,20,23,21,8,24,9],[6,14,18,17,22,7,19,5,20,10,2,23,21,24,8,11,9,12],[6,14,22,10,18,17,2,7,19,5,8,20,21,23,24,9],[14,2,22,18,6,19,5,7,10,17,8,20,21,23,24,11,9,12],[18,6,7,19,17,5,20,10,14,2,22,23,21,24,8,9],[18,22,6,17,2,14,10,7,19,5,20,23,21,24,8,9],[18,10,22,14,6,7,17,19,5,8,20,2,21,23,24,9],[2,6,10,22,18,7,17,19,5,8,20,14,23,21,24,9],[22,14,6,10,2,18,7,19,17,5,8,20,21,23,24,9],[2,22,10,6,14,18,7,19,17,5,8,20,23,21,24,9],[14,10,6,22,2,18,17,7,5,19,8,20,21,23,24,9],[10,18,14,22,2,6,7,17,5,19,8,20,23,21,24,11,9,12],[6,2,22,10,14,18,5,17,7,19,8,20,23,21,24,11,9,12],[10,22,2,18,14,6,17,7,5,19,8,20,21,23,24,9],[6,14,10,18,19,5,17,7,8,20,22,2,21,23,24,11,9,12],[2,18,6,5,17,7,19,20,14,22,10,21,23,24,8,11,9,12],[22,6,18,5,17,19,7,8,20,14,10,2,21,23,24,9],[2,10,18,22,14,6,19,5,17,7,8,20,23,21,24,11,9,12],[18,22,14,10,2,6,7,17,19,5,8,20,21,23,24,9],[2,18,6,17,14,10,22,5,19,7,8,20,23,21,24,11,9,12],[18,6,5,19,7,22,10,2,14,17,20,23,21,8,24,11,9,12],[2,10,22,14,18,6,17,7,19,5,8,20,23,21,24,11,9,12],[2,14,22,18,10,6,19,7,5,17,8,20,21,23,24,9],[22,2,18,14,6,7,19,17,5,20,10,21,23,8,24,11,9,12],[22,2,18,6,7,17,19,5,20,10,14,23,21,24,8,11,9,12],[18,2,14,10,22,6,5,19,17,7,20,23,21,8,24,13],[22,14,6,10,2,18,17,7,19,5,20,23,21,24,8,11,9,12],[14,10,6,2,18,17,22,5,7,19,20,21,23,8,24,9],[2,10,14,6,18,5,17,7,19,20,22,23,21,24,8,9],[6,2,14,18,19,5,17,7,8,20,10,22,23,21,24,11,9,12],[10,14,22,18,2,6,7,17,19,5,20,23,21,8,24,11,9,12],[2,18,10,6,19,7,5,14,22,17,8,20,23,21,24,9],[6,2,18,5,17,19,7,20,22,14,10,23,21,24,8,11,9,12],[6,2,14,10,18,19,7,17,5,8,20,22,23,21,24,9],[18,22,6,17,10,7,19,5,8,20,2,14,23,21,24,9],[18,22,6,19,5,17,7,20,14,10,2,21,23,24,8,9],[2,14,18,6,5,17,7,19,8,20,22,10,23,21,24,11,9,12],[6,10,18,17,7,5,19,8,20,22,14,2,23,21,24,11,9,12],[6,18,7,19,5,2,14,10,22,17,20,21,23,8,24,11,9,12],[14,22,10,18,6,19,5,7,2,17,20,21,23,24,8,9],[10,14,6,2,18,17,22,5,19,7,20,21,23,24,8,9],[14,10,6,22,2,18,19,7,17,5,20,21,23,8,24,11,9,12],[18,22,14,6,5,17,7,19,20,10,2,21,23,24,8,11,9,12],[22,2,6,18,19,7,5,14,10,17,8,20,21,23,24,11,9,12],[22,14,10,2,6,18,19,5,7,17,8,20,23,21,24,11,9,12],[6,14,22,18,5,17,7,19,20,2,10,23,21,8,24,9],[22,6,10,14,18,7,19,17,5,20,2,23,21,8,24,9],[2,6,18,17,5,7,19,8,20,14,10,22,23,21,24,9],[2,22,10,18,6,17,14,7,19,5,20,23,21,24,8,9],[2,10,14,6,22,18,7,17,5,19,8,20,23,21,24,11,9,12],[18,14,22,10,2,6,7,19,17,5,20,23,21,8,24,11,9,12],[14,10,22,6,2,18,7,19,17,5,8,20,21,23,24,11,9,12],[10,14,2,22,18,6,17,7,5,19,20,23,21,24,8,9],[14,22,6,2,18,17,10,5,19,7,8,20,21,23,24,11,9,12],[6,10,22,18,7,17,5,19,8,20,2,14,23,21,24,11,9,12],[2,10,18,6,19,7,5,14,22,17,8,20,21,23,24,15],[18,2,22,14,10,6,19,5,17,7,20,21,23,24,8,9],[2,18,10,14,22,6,5,17,19,7,20,23,21,24,8,11,9,12],[2,18,22,6,5,19,7,14,10,17,20,21,23,8,24,9],[14,6,10,18,7,19,17,5,20,2,22,23,21,8,24,9],[14,22,6,18,17,2,10,5,7,19,8,20,21,23,24,11,9,12],[6,22,18,7,17,19,5,20,2,10,14,23,21,8,24,9],[10,6,2,14,18,7,19,17,5,20,22,21,23,24,8,11,9,12],[2,14,6,22,10,18,19,5,17,7,8,20,23,21,24,9],[22,6,18,19,5,7,14,2,10,17,8,20,21,23,24,9],[6,10,14,18,5,19,7,22,2,17,8,20,23,21,24,9],[2,22,14,6,18,5,17,7,19,20,10,23,21,8,24,9],[14,10,6,22,18,5,19,7,2,17,8,20,21,23,24,11,9,12],[18,10,14,22,2,6,17,5,19,7,8,20,21,23,24,12,11,9],[14,10,22,18,2,6,17,7,19,5,8,20,21,23,24,9],[14,18,22,6,5,17,19,7,8,20,2,10,21,23,24,9],[14,22,18,2,6,19,5,17,7,20,10,21,23,8,24,11,9,12],[14,6,2,18,7,19,17,5,20,10,22,23,21,24,8,9],[6,10,22,14,18,19,7,17,5,8,20,2,21,23,24,11,9,12],[2,22,14,10,6,18,19,5,7,17,8,20,23,21,24,11,9,12],[18,10,22,2,14,6,7,17,5,19,20,23,21,24,8,9],[14,22,18,10,6,7,19,5,2,17,8,20,23,21,24,11,9,12],[10,18,14,2,22,6,19,5,17,7,20,21,23,24,8,12,9,11],[6,22,2,10,18,5,19,17,7,8,20,14,21,23,24,12,11,9],[22,6,18,19,5,17,7,20,10,14,2,23,21,8,24,11,9,12],[22,2,18,10,6,17,5,7,19,8,20,14,23,21,24,9],[6,2,22,18,5,17,7,19,20,10,14,21,23,24,8,9],[6,10,22,2,14,18,7,19,5,17,20,21,23,8,24,11,9,12],[2,18,14,22,10,6,7,17,5,19,20,21,23,8,24,11,9,12],[14,22,6,10,18,19,7,17,5,8,20,2,21,23,24,9],[18,14,2,6,17,22,10,5,19,7,8,20,21,23,24,11,9,12],[18,6,7,17,5,19,20,10,14,2,22,21,23,8,24,9],[18,22,14,10,6,19,5,17,7,20,2,21,23,24,8,9],[22,2,18,10,14,6,17,7,19,5,20,23,21,8,24,11,9,12],[10,22,18,6,17,14,2,7,5,19,20,23,21,8,24,11,9,12],[6,22,18,7,17,5,19,20,14,10,2,23,21,8,24,11,9,12],[22,18,10,6,19,7,17,5,8,20,2,14,23,21,24,11,9,12],[18,22,14,2,10,6,17,5,7,19,20,23,21,24,8,9],[14,18,22,2,6,19,5,17,7,8,20,10,23,21,24,11,9,12],[14,6,10,2,22,18,5,17,19,7,8,20,23,21,24,12,11,9],[18,14,22,2,10,6,7,19,17,5,8,20,21,23,24,9],[2,22,6,10,14,18,7,17,19,5,20,21,23,24,8,11,9,12],[2,18,22,6,17,7,19,5,8,20,14,10,21,23,24,11,9,12],[14,10,22,6,18,5,17,7,19,8,20,2,21,23,24,11,9,12],[22,6,14,18,5,17,19,7,8,20,2,10,23,21,24,11,9,12],[2,10,14,22,6,18,19,7,17,5,20,23,21,8,24,16],[6,14,10,2,18,17,7,5,19,8,20,22,23,21,24,9],[22,14,6,18,5,19,7,10,2,17,8,20,21,23,24,9],[2,6,18,19,7,5,10,14,22,17,8,20,23,21,24,9],[18,6,19,7,17,5,8,20,10,22,2,14,23,21,24,9],[18