{"problem_id":"bKkh04z9wHgz1je","sigma":150,"alpha":1.000,"cost":0,"probabilities":"[0.15, 0.25, 0.19, 0.41]","payoff_matrix":"[[-136, -97, 19, -106, 153, -10], [-40, -315, 12, -49, -36, 86], [-219, 15, -93, 110, 96, 113], [-43, -175, -28, -178, -129, 81]]","uncovered":[[12,8,24,20,16,4,22],[4,8,16,20,12,24,10,22],[8,16,12,20,24,4,10,22],[20,4,16,8,12,24,10,22],[24,20,12,8,16,4,22],[20,24,4,16,12,8,22],[16,12,20,24,8,4,22],[20,8,12,4,24,16,22],[16,4,12,24,20,8,10,22],[12,16,8,4,24,20,22],[4,24,12,16,8,20,10,22],[4,20,8,24,12,16,22],[16,4,8,24,12,20,22],[4,20,16,12,8,24,10,22],[8,4,12,20,24,16,22],[16,20,4,12,8,24,22],[8,12,24,16,4,20,22],[4,24,16,12,20,8,10,22],[8,24,20,4,16,12,10,22],[12,24,8,4,20,16,10,22],[20,24,12,16,4,8,22],[4,20,8,16,24,12,22],[20,8,4,24,12,16,10,22],[4,8,24,20,12,16,10,22],[20,4,16,12,24,8,10,22],[16,20,8,24,4,12,10,22],[16,4,24,20,8,12,22],[24,8,20,12,16,4,10,22],[8,20,12,24,16,4,10,22],[8,24,4,12,16,20,10,22],[8,12,24,20,16,4,10,22],[4,16,12,8,20,24,10,22],[24,8,4,20,12,16,22],[8,20,12,24,16,4,22],[20,4,16,24,12,8,22],[20,8,16,12,4,24,22],[24,16,12,20,8,4,22],[12,20,24,4,16,8,22],[12,8,24,4,16,20,22],[8,24,4,12,16,20,22],[4,20,8,24,16,12,10,22],[8,24,16,4,12,20,22],[24,4,8,12,20,16,10,22],[16,24,8,20,12,4,22],[12,20,8,24,16,4,22],[24,16,20,4,8,12,22],[20,16,24,4,12,8,22],[12,16,24,8,4,20,10,22],[4,16,24,8,20,12,10,22],[12,4,8,20,16,24,10,22],[12,4,8,16,24,20,10,22],[12,8,20,4,16,24,22],[16,20,24,8,12,4,10,22],[24,4,12,16,20,8,22],[20,8,12,16,24,4,10,22],[20,24,16,12,4,8,10,22],[24,8,12,20,16,4,10,22],[12,16,24,4,20,8,22],[12,24,4,8,16,20,22],[12,4,8,16,24,20,10,22],[16,12,8,4,24,20,22],[8,4,20,12,16,24,10,22],[24,12,8,4,20,16,10,22],[16,4,20,8,12,24,22],[20,24,16,12,4,8,10,22],[16,12,4,8,20,24,22],[8,4,20,12,16,24,10,22],[12,8,20,16,4,24,22],[8,12,20,4,24,16,22],[16,4,24,8,12,20,22],[20,16,24,4,12,8,10,22],[24,8,4,20,16,12,22],[4,20,12,16,8,24,10,22],[12,16,4,8,24,20,22],[24,4,16,8,20,12,22],[24,20,4,8,16,12,10,22],[8,4,20,24,12,16,10,22],[20,24,8,12,4,16,10,22],[12,4,8,16,20,24,22],[12,24,16,8,20,4,10,22],[24,20,8,16,4,12,10,22],[24,8,16,12,20,4,10,22],[8,20,16,4,24,12,22],[12,16,20,24,8,4,22],[4,8,20,24,12,16,10,22],[4,20,12,24,8,16,22],[16,4,20,12,24,8,10,22],[20,12,16,4,8,24,22],[8,20,12,24,16,4,10,22],[20,4,12,16,24,8,22],[8,16,12,24,20,4,10,22],[8,4,24,20,12,16,22],[16,12,4,8,24,20,22],[24,20,16,4,8,12,10,22],[20,16,8,12,24,4,10,22],[8,20,12,4,16,24,22],[24,20,8,16,4,12,22],[8,16,4,20,12,24,22],[20,12,16,8,4,24,10,22],[24,20,4,8,16,12,22],[24,12,8,16,20,4,10,22],[16,8,24,12,20,4,10,22],[16,12,4,24,20,8,22],[4,16,8,24,12,20,10,22],[16,8,20,12,4,24,22],[8,24,12,20,16,4,10,22],[20,24,4,16,12,8,10,22],[4,20,24,12,8,16,10,22],[16,4,8,12,20,24,10,22],[8,20,4,12,24,16,10,22],[20,16,8,24,4,12,22],[16,8,12,4,20,24,10,22],[8,20,4,16,12,24,10,22],[8,20,16,12,4,24,22],[16,12,20,24,8,4,10,22],[24,20,12,4,8,16,10,22],[24,8,16,12,4,20,22],[8,20,4,24,16,12,10,22],[24,4,8,12,20,16,10,22],[4,20,8,12,16,24,22],[8,12,20,4,24,16,22],[20,24,4,16,8,12,22],[4,8,24,20,12,16,10,22],[20,16,24,8,4,12,22],[24,8,16,12,20,4,10,22],[20,16,4,8,12,24,10,22],[24,4,20,16,12,8,22],[12,20,16,8,4,24,10,22],[20,12,16,24,8,4,22],[8,4,16,24,12,20,22],[24,20,12,8,16,4,10,22],[20,24,8,4,16,12,22],[8,20,12,24,16,4,10,22],[20,12,24,4,16,8,10,22],[24,8,20,16,4,12,10,22],[20,24,12,4,8,16,22],[24,12,16,20,8,4,22],[24,20,12,8,4,16,10,22],[16,12,24,20,4,8,22],[20,4,16,8,12,24,22],[20,8,4,16,12,24,22],[16,20,4,24,8,12,10,22],[16,20,12,24,4,8,22],[12,8,16,4,20,24,22],[20,16,8,4,24,12,22],[4,20,16,12,24,8,10,22],[4,20,12,24,8,16,22],[4,16,8,24,12,20,22],[8,4,16,20,12,24,22],[20,16,24,4,12,8,22],[20,12,8,24,4,16,10,22],[24,16,4,20,8,12,10,22],[12,8,20,16,4,24,10,22],[4,12,24,20,16,8,10,22],[8,20,12,4,24,16,22],[12,8,20,16,4,24,10,22],[4,8,16,24,12,20,22],[24,16,4,12,8,20,10,22],[16,4,24,8,12,20,22],[4,8,12,20,24,16,10,22],[8,24,12,4,20,16,10,22],[8,16,24,20,12,4,22],[24,4,16,8,12,20,10,22],[12,8,20,24,16,4,22],[8,16,12,4,20,24,10,22],[20,24,12,8,16,4,10,22],[24,4,12,20,16,8,10,22],[8,4,16,20,12,24,10,22],[8,4,16,24,20,12,22],[4,16,20,8,24,12,10,22],[12,16,4,8,24,20,22],[12,16,8,20,4,24,22],[12,24,8,4,20,16,10,22],[24,12,4,16,20,8,10,22],[8,24,4,20,12,16,10,22],[24,16,4,20,8,12,22],[24,16,8,20,4,12,10,22],[4,12,24,16,20,8,22],[12,8,16,24,20,4,10,22],[24,20,8,12,16,4,10,22],[8,20,12,24,4,16,10,22],[20,12,8,4,16,24,22],[24,8,16,12,20,4,22],[12,20,24,4,16,8,22],[8,16,12,20,24,4,10,22],[16,8,4,12,20,24,22],[4,24,12,20,8,16,10,22],[16,20,4,24,8,12,22],[16,8,4,24,20,12,22],[4,24,8,16,12,20,10,22],[8,12,16,24,4,20,22],[20,8,16,4,12,24,10,22],[16,12,4,24,20,8,10,22],[24,20,8,12,4,16,10,22],[8,12,16,4,24,20,22],[4,24,8,20,16,12,22],[20,12,16,4,8,24,22],[8,20,12,24,16,4,10,22],[24,16,8,4,12,20,10,22],[24,16,4,8,20,12,10,22],[16,12,8,24,20,4,10,22],[4,8,20,12,16,24,22],[20,8,4,16,24,12,22],[20,24,4,16,8,12,22],[8,12,4,24,16,20,10,22],[8,4,16,12,24,20,22],[24,16,4,8,20,12,22],[12,16,24,4,8,20,10,22],[4,8,20,12,16,24,10,22],[16,20,12,24,4,8,10,22],[16,8,24,20,4,12,22],[12,4,20,24,16,8,10,22],[16,24,12,4,8,20,22],[12,8,24,16,4,20,22],[8,16,12,4,20,24,22],[4,20,8,24,12,16,10,22],[20,24,8,12,16,4,10,22],[12,4,16,8,24,20,22],[4,20,16,12,24,8,22],[8,16,4,20,24,12,22],[24,16,4,8,12,20,22],[12,16,20,8,4,24,22],[16,8,20,12,4,24,22],[16,12,8,20,24,4,22],[20,4,24,12,8,16,22],[16,8,4,20,12,24,22],[4,16,12,8,20,24,22],[8,12,16,24,4,20,10,22],[4,16,12,20,24,8,10,22],[12,16,4,8,20,24,10,22],[4,8,24,16,12,20,22],[4,8,24,20,12,16,22],[4,20,24,16,8,12,22],[8,24,16,20,4,12,10,22],[12,20,8,24,16,4,22],[8,20,12,4,24,16,22],[12,4,16,20,8,24,10,22],[16,12,4,24,20,8,10,22],[16,24,20,12,8,4,22],[4,16,20,12,8,24,22],[4,24,20,12,16,8,22],[8,4,24,20,12,16,22],[4,8,24,16,20,12,22],[16,20,8,24,12,4,10,22],[16,4,20,24,8,12,10,22],[24,20,12,4,8,16,10,22],[4,20,24,12,16,8,22],[24,20,8,4,12,16,10,22],[4,24,16,12,8,20,22],[12,4,16,8,24,20,10,22],[24,20,8,16,4,12,22],[8,16,12,4,20,24,22],[24,8,12,20,16,4,22],[24,16,8,12,4,20,22],[24,20,12,8,4,16,22],[4,12,16,8,24,20,10,22],[16,8,4,12,20,24,10,22],[12,24,4,16,20,8,22],[24,4,8,16,20,12,10,22],[12,16,8,24,20,4,22],[12,16,24,4,8,20,22],[8,16,24,4,12,20,22],[16,12,24,4,8,20,10,22],[12,24,20,8,4,16,10,22],[20,24,4,12,8,16,22],[8,4,12,16,20,24,10,22],[8,16,12,24,4,20,10,22],[16,20,8,24,4,12,10,22],[24,16,20,4,12,8,10,22],[16,20,12,8,4,24,22],[16,12,20,4,8,24,22],[24,12,16,8,4,20,22],[8,4,12,24,16,20,10,22],[20,16,4,12,24,8,10,22],[8,16,20,12,24,4,10,22],[4,24,8,20,12,16,22],[4,12,20,24,16,8,22],[24,4,16,8,20,12,10,22],[16,8,20,4,24,12,22],[16,8,4,12,24,20,22],[8,16,4,12,24,20,22],[16,4,8,20,12,24,22],[24,8,4,20,12,16,10,22],[16,20,24,4,8,12,22],[20,24,8,12,4,16,10,22],[20,4,16,8,12,24,10,22],[16,12,20,24,8,4,10,22],[4,8,24,12,16,20,22],[4,24,16,20,12,8,22],[24,12,8,16,20,4,10,22],[16,8,12,20,24,4,22],[20,24,4,16,12,8,22],[20,24,12,16,4,8,10,22],[20,12,8,4,24,16,10,22],[20,12,16,4,24,8,22],[4,16,20,8,12,24,10,22],[16,8,20,12,24,4,22],[4,8,12,20,16,24,22],[16,20,24,12,4,8,22],[8,16,4,20,24,12,10,22],[24,16,20,4,8,12,10,22],[16,24,4,8,12,20,10,22],[12,4,24,20,8,16,10,22],[16,4,20,12,8,24,22],[8,12,24,20,16,4,10,22],[24,16,20,4,12,8,10,22],[16,12,20,8,4,24,22],[4,24,16,12,20,8,10,22],[16,4,20,24,12,8,22],[24,4,8,20,12,16,22],[12,16,4,20,24,8,22],[20,16,24,4,12,8,10,22],[20,4,24,12,16,8,10,22],[12,24,16,20,4,8,10,22],[24,16,12,8,4,20,22],[16,12,24,4,8,20,22],[24,8,20,4,16,12,10,22],[16,12,4,20,8,24,10,22],[24,16,4,8,20,12,22],[20,12,16,4,8,24,10,22],[16,20,4,24,8,12,22],[24,8,12,4,20,16,22],[4,20,16,12,24,8,22],[4,8,20,12,24,16,22],[8,12,20,24,4,16,10,22],[12,8,4,16,20,24,10,22],[20,16,12,4,24,8,22],[16,4,20,24,12,8,22],[24,16,12,20,8,4,10,22],[8,16,20,24,12,4,22],[12,16,24,20,8,4,10,22],[12,4,8,24,16,20,10,22],[12,16,8,24,4,20,22],[8,24,20,16,12,4,10,22],[24,12,16,8,4,20,22],[4,16,20,24,8,12,22],[16,12,24,20,4,8,22],[12,8,20,24,4,16,22],[12,24,8,4,20,16,10,22],[4,12,8,16,24,20,22],[20,24,4,16,8,12,10,22],[12,24,20,16,4,8,22],[8,24,20,16,12,4,10,22],[4,8,24,20,16,12,10,22],[24,16,8,12,20,4,22],[12,4,24,20,16,8,22],[12,24,4,16,20,8,10,22],[16,8,12,20,24,4,22],[8,4,24,20,16,12,22],[12,8,20,16,4,24,10,22],[12,20,24,16,8,4,22],[20,24,12,4,16,8,10,22],[16,12,20,8,4,24,10,22],[16,8,20,4,24,12,10,22],[24,16,8,20,4,12,22],[24,20,4,12,8,16,22],[20,8,16,24,12,4,10,22],[16,20,4,8,24,12,10,22],[16,4,12,20,8,24,10,22],[8,16,12,20,24,4,22],[24,20,16,8,12,4,22],[24,12,4,16,20,8,10,22],[8,20,24,4,16,12,10,22],[20,8,4,12,16,24,22],[4,12,20,16,24,8,10,22],[20,24,12,16,8,4,10,22],[16,24,4,8,12,20,10,22],[16,20,12,8,24,4,10,22],[8,16,4,12,24,20,22],[12,4,8,24,16,20,22],[20,24,8,12,16,4,22],[8,20,12,16,24,4,22],[12,20,8,4,24,16,22],[20,24,16,12,4,8,10,22],[20,12,4,24,16,8,10,22],[8,24,12,4,20,16,10,22],[20,4,16,12,24,8,22],[4,8,16,12,24,20,22],[4,8,16,20,12,24,10,22],[8,4,20,12,24,16,10,22],[20,8,24,12,16,4,22],[12,24,8,16,4,20,22],[20,24,8,4,12,16,22],[12,20,4,24,16,8,10,22],[24,4,8,16,12,20,22],[12,16,4,20,8,24,22],[20,8,4,12,16,24,22],[16,24,20,12,8,4,22],[8,20,12,24,4,16,10,22],[20,12,4,8,24,16,10,22],[20,4,8,16,12,24,22],[20,4,12,24,16,8,22],[4,20,8,24,12,16,22],[16,4,8,12,20,24,22],[4,8,20,16,24,12,22],[20,16,8,24,12,4,22],[8,4,16,20,12,24,22],[8,12,20,4,24,16,10,22],[16,20,24,8,4,12,10,22],[16,12,24,20,4,8,10,22],[4,20,16,8,24,12,10,22],[12,16,20,24,8,4,10,22],[16,20,24,4,12,8,10,22],[4,16,8,12,20,24,22],[4,24,12,20,8,16,22],[16,24,12,20,4,8,10,22],[24,12,4,8,16,20,10,22],[4,16,8,12,20,24,22],[20,4,12,16,24,8,22],[4,16,24,8,20,12,22],[16,4,8,12,20,24,10,22],[24,12,4,16,20,8,22],[24,4,8,12,20,16,22],[4,20,24,16,12,8,22],[12,16,24,20,8,4,22],[8,4,16,12,20,24,22],[16,20,8,4,24,12,22],[16,8,24,4,20,12,22],[16,24,8,20,4,12,22],[16,4,12,20,8,24,22],[16,12,8,20,4,24,22],[4,20,8,24,12,16,10,22],[24,12,8,4,20,16,10,22],[4,12,24,16,8,20,22],[20,24,16,12,4,8,22],[16,8,4,20,12,24,10,22],[4,8,20,16,12,24,22],[20,24,8,16,12,4,10,22],[12,24,16,8,20,4,22],[12,24,4,20,16,8,10,22],[12,16,24,8,4,20,10,22],[12,16,8,4,24,20,10,22],[4,12,16,8,24,20,22],[8,24,20,16,4,12,22],[4,24,20,16,12,8,22],[16,24,4,20,12,8,22],[12,4,24,8,20,16,22],[4,24,8,12,16,20,10,22],[24,4,20,16,12,8,10,22],[8,4,12,20,16,24,22],[24,20,16,8,4,12,22],[12,20,4,16,24,8,22],[4,16,24,20,12,8,22],[4,16,12,8,20,24,22],[4,8,24,12,20,16,22],[20,12,8,4,24,16,22],[12,16,20,8,24,4,10,22],[8,4,20,16,24,12,10,22],[20,8,4,24,12,16,10,22],[8,12,4,24,20,16,10,22],[12,20,4,8,24,16,22],[16,20,24,8,4,12,10,22],[12,8,24,20,16,4,10,22],[24,8,20,4,16,12,10,22],[20,8,4,12,16,24,10,22],[16,8,24,20,12,4,22],[8,24,16,20,12,4,10,22],[8,12,24,20,4,16,10,22],[4,8,20,24,16,12,22],[20,24,4,16,12,8,22],[20,16,4,24,8,12,10,22],[20,4,24,8,16,12,10,22],[8,24,12,4,16,20,22],[4,20,16,12,24,8,22],[20,12,8,4,24,16,10,22],[24,12,16,4,20,8,22],[20,12,8,16,24,4,10,22],[12,16,20,8,24,4,22],[4,16,12,24,20,8,10,22],[24,12,8,4,20,16,22],[8,12,4,16,24,20,22],[12,8,4,20,16,24,22],[20,4,12,24,16,8,10,22],[24,4,12,16,20,8,22],[8,4,16,12,24,20,22],[8,4,20,12,16,24,10,22],[8,12,24,16,20,4,22],[24,20,16,12,8,4,10,22],[4,16,12,8,20,24,10,22],[24,20,4,12,8,16,10,22],[24,12,20,8,16,4,10,22],[24,8,16,20,12,4,22],[12,20,16,24,8,4,22],[8,20,16,4,24,12,10,22],[16,4,24,8,20,12,10,22],[12,16,4,8,20,24,22],[4,24,8,20,16,12,22],[12,20,4,24,16,8,22],[20,16,24,12,4,8,10,22],[12,20,16,4,24,8,10,22],[12,24,8,4,20,16,10,22],[16,12,4,8,20,24,22],[8,4,16,24,12,20,10,22],[4,24,16,8,12,20,10,22],[8,20,16,24,4,12,10,22],[24,8,4,16,20,12,22],[8,24,4,16,12,20,10,22],[20,24,16,4,8,12,22],[12,8,16,4,20,24,10,22],[8,12,16,4,20,24,10,22],[4,20,8,24,16,12,10,22],[12,4,24,16,20,8,10,22],[12,20,4,8,24,16,22],[4,24,16,12,8,20,22],[20,24,4,16,12,8,10,22],[20,16,4,24,12,8,10,22],[4,8,20,16,24,12,22],[24,8,4,20,12,16,10,22],[12,8,20,16,4,24,10,22],[8,4,16,24,12,20,10,22],[16,8,24,4,20,12,22],[8,4,20,12,16,24,22],[20,16,8,12,24,4,10,22],[12,24,20,8,16,4,10,22],[8,12,4,24,16,20,22],[20,4,8,24,12,16,10,22],[24,8,16,4,12,20,10,22],[16,4,8,24,20,12,22],[8,20,24,16,12,4,10,22],[12,8,24,4,16,20,22],[4,12,16,24,8,20,10,22],[8,12,4,20,16,24,10,22],[8,16,24,4,12,20,10,22],[16,4,8,24,12,20,10,22],[24,12,4,16,8,20,10,22],[16,12,24,4,8,20,10,22],[24,12,20,4,8,16,22],[24,8,12,20,16,4,22],[8,4,12,24,20,16,10,22],[24,12,20,16,8,4,22],[12,16,24,8,4,20,22],[8,4,12,16,24,20,10,22],[12,20,8,16,4,24,22],[24,12,20,16,8,4,10,22],[12,16,4,24,8,20,22],[8,4,12,20,16,24,22],[16,24,4,20,8,12,10,22],[16,8,24,20,12,4,10,22],[12,8,20,4,24,16,22],[4,20,8,12,24,16,10,22],[4,24,20,12,8,16,22],[20,12,24,4,8,16,10,22],[8,12,24,20,16,4,22],[24,4,16,20,12,8,22],[8,4,24,12,20,16,10,22],[4,24,8,20,12,16,22],[8,20,24,4,16,12,10,22],[20,24,12,4,16,8,10,22],[24,20,12,4,16,8,22],[16,4,12,8,24,20,22],[16,20,8,4,24,12,22],[8,12,4,20,24,16,10,22],[8,12,4,20,24,16,10,22],[20,24,8,12,16,4,10,22],[20,4,12,24,8,16,22],[24,8,4,12,20,16,22],[4,24,16,8,12,20,10,22],[16,8,12,4,24,20,10,22],[12,4,24,20,16,8,10,22],[8,16,20,12,4,24,22],[4,16,8,24,12,20,22],[24,8,16,12,4,20,22],[20,4,12,24,8,16,10,22],[8,16,20,12,24,4,22],[4,24,20,12,8,16,22],[8,12,16,20,24,4,10,22],[8,4,16,20,12,24,22],[4,12,8,16,20,24,22],[24,20,12,16,8,4,10,22],[24,8,16,4,20,12,10,22],[4,12,20,24,8,16,10,22],[24,4,12,16,20,8,10,22],[12,16,24,8,4,20,22],[12,8,16,4,24,20,22],[4,24,16,20,8,12,22],[24,20,4,12,8,16,10,22],[4,16,8,20,24,12,22],[24,16,12,20,8,4,10,22],[12,8,24,20,16,4,10,22],[12,24,4,20,8,16,22],[4,20,12,24,16,8,22],[24,4,16,12,8,20,22],[8,16,4,24,20,12,10,22],[8,20,24,4,12,16,22],[20,8,16,12,4,24,10,22],[20,8,4,24,12,16,10,22],[20,16,8,4,24,12,10,22],[20,8,4,16,24,12,10,22],[12,24,4,20,16,8,10,22],[24,8,4,12,16,20,10,22],[8,24,12,16,20,4,10,22],[20,12,16,8,4,24,22],[12,16,4,24,20,8,10,22],[4,12,24,8,16,20,10,22],[16,12,4,24,8,20,22],[16,8,24,4,20,12,10,22],[24,20,16,12,4,8,22],[8,24,16,20,12,4,22],[4,12,16,8,24,20,10,22],[12,8,24,20,4,16,22],[24,12,4,16,8,20,10,22],[4,8,24,20,16,12,22],[8,4,20,12,16,24,22],[16,24,20,8,12,4,22],[4,20,24,8,16,12,22],[20,24,8,12,16,4,10,22],[12,20,24,16,8,4,22],[20,8,16,24,4,12,22],[24,4,8,12,20,16,10,22],[4,24,12,8,20,16,22],[24,8,12,16,20,4,22],[12,20,8,24,4,16,10,22],[20,24,8,12,16,4,10,22],[8,12,24,4,16,20,22],[4,20,8,12,16,24,22],[16,24,20,4,12,8,22],[16,20,24,12,4,8,10,22],[20,12,8,16,4,24,22],[24,12,4,8,16,20,10,22],[4,12,8,16,20,24,10,22],[24,12,4,20,16,8,10,22],[12,20,8,4,16,24,22],[16,20,8,24,4,12,22],[12,16,8,24,20,4,22],[4,16,8,20,12,24,10,22],[24,16,4,20,8,12,10,22],[12,20,8,16,24,4,10,22],[24,20,12,8,16,4,10,22],[8,4,20,12,16,24,22],[20,16,24,8,12,4,10,22],[12,16,8,24,4,20,10,22],[16,4,12,20,24,8,22],[20,24,4,8,16,12,22],[24,20,8,16,12,4,10,22],[20,8,24,12,4,16,22],[24,4,16,20,8,12,10,22],[8,12,16,4,24,20,10,22],[24,8,12,4,20,16,22],[8,4,16,24,12,20,22],[24,16,8,4,12,20,22],[24,8,12,20,16,4,10,22],[8,4,12,24,20,16,10,22],[16,24,20,12,8,4,10,22],[24,4,20,12,8,16,22],[16,20,8,24,12,4,22],[20,8,12,4,16,24,22],[8,16,20,12,4,24,10,22],[20,8,24,12,4,16,10,22],[4,24,20,8,12,16,10,22],[16,24,4,8,20,12,10,22],[20,8,12,16,24,4,22],[12,24,16,4,8,20,10,22],[16,20,4,12,24,8,10,22],[4,20,12,24,8,16,22],[16,20,4,8,24,12,10,22],[8,20,16,12,4,24,10,22],[20,8,16,4,24,12,22],[16,8,12,4,24,20,10,22],[8,4,20,24,12,16,22],[4,8,24,20,16,12,22],[16,12,24,8,4,20,10,22],[24,16,12,4,20,8,10,22],[8,12,16,20,4,24,22],[16,8,12,4,20,24,22],[20,12,24,4,8,16,10,22],[20,8,4,24,12,16,22],[16,8,20,24,12,4,10,22],[12,24,16,20,8,4,10,22],[20,24,12,16,4,8,22],[4,16,12,24,8,20,10,22],[24,16,4,8,12,20,22],[12,8,4,20,16,24,10,22],[20,16,4,24,12,8,10,22],[8,20,16,24,12,4,10,22],[4,12,24,8,16,20,10,22],[12,8,16,20,24,4,10,22],[8,16,12,20,24,4,10,22],[12,24,16,8,4,20,10,22],[16,24,8,20,4,12,10,22],[12,4,8,20,24,16,22],[12,20,4,8,24,16,10,22],[16,24,8,4,20,12,10,22],[24,8,12,20,16,4,22],[16,8,24,12,20,4,22],[24,20,8,4,16,12,10,22],[24,4,20,16,12,8,22],[4,8,24,12,20,16,10,22],[12,20,16,24,4,8,22],[12,8,4,24,16,20,22],[24,16,20,12,8,4,10,22],[4,16,12,8,20,24,10,22],[20,12,8,16,4,24,22],[16,24,20,8,12,4,22],[16,8,4,12,20,24,10,22],[24,20,16,8,12,4,10,22],[8,16,4,20,12,24,22],[12,4,8,24,20,16,10,22],[8,16,20,24,4,12,10,22],[12,4,16,8,24,20,22],[4,8,20,24,12,16,22],[8,16,20,12,24,4,10,22],[4,20,12,16,8,24,10,22],[16,24,8,4,12,20,22],[16,8,20,12,24,4,10,22],[24,12,20,4,8,16,22],[8,24,12,4,16,20,22],[16,8,24,20,4,12,10,22],[12,8,20,16,24,4,10,22],[16,24,4,8,20,12,10,22],[8,4,12,24,20,16,10,22],[4,8,24,16,12,20,22],[20,24,12,4,8,16,10,22],[24,4,16,20,8,12,22],[24,4,20,16,12,8,10,22],[20,16,24,12,8,4,22],[12,16,8,24,20,4,10,22],[16,8,20,24,12,4,22],[20,8,24,12,4,16,22],[16,12,24,4,20,8,22],[12,16,20,24,4,8,22],[20,8,4,24,16,12,10,22],[12,8,24,20,16,4,22],[16,8,24,12,20,4,22],[8,20,4,12,16,24,10,22],[4,12,20,24,16,8,22],[8,20,24,12,4,16,22],[8,4,12,20,24,16,10,22],[16,8,24,20,12,4,22],[4,20,24,16,8,12,10,22],[8,12,4,24,20,16,22],[4,16,24,12,20,8,22],[4,8,20,24,12,16,22],[12,24,8,20,16,4,22],[12,8,16,24,4,20,10,22],[16,20,12,4,8,24,22],[8,24,16,4,20,12,22],[24,8,16,4,20,12,10,22],[4,20,8,12,24,16,22],[16,20,12,24,4,8,22],[4,20,24,8,16,12,10,22],[12,24,16,8,4,20,22],[24,8,12,16,20,4,10,22],[20,16,12,24,4,8,10,22],[20,12,8,24,16,4,10,22],[20,24,4,12,16,8,22],[8,4,24,12,16,20,22],[8,20,16,4,24,12,22],[16,8,4,12,20,24,22],[12,24,20,8,16,4,22],[16,8,24,12,4,20,22],[12,4,24,20,8,16,10,22],[4,8,16,24,12,20,10,22],[16,8,12,24,20,4,22],[12,16,20,8,24,4,10,22],[12,20,8,16,4,24,10,22],[12,4,20,24,8,16,10,22],[20,16,8,12,4,24,22],[4,12,20,16,8,24,22],[24,8,12,4,16,20,10,22],[24,4,20,12,16,8,22],[4,12,8,20,24,16,10,22],[4,24,16,8,20,12,10,22],[16,12,8,4,20,24,10,22],[16,8,12,4,20,24,10,22],[8,20,4,16,12,24,22],[4,24,20,8,16,12,10,22],[8,16,12,24,4,20,22],[4,8,12,24,16,20,10,22],[8,24,4,16,12,20,10,22],[20,16,24,12,8,4,10,22],[16,8,4,20,24,12,10,22],[8,4,24,12,20,16,10,22],[16,20,4,12,8,24,22],[20,4,16,24,12,8,22],[20,4,8,16,12,24,22],[24,8,12,20,4,16,10,22],[24,20,8,12,16,4,10,22],[16,20,24,4,8,12,10,22],[12,4,24,8,16,20,22],[16,24,20,4,8,12,10,22],[12,20,8,16,24,4,22],[4,24,8,20,16,12,10,22],[4,8,16,12,20,24,22],[8,12,20,4,24,16,22],[24,8,12,4,16,20,22],[4,24,12,8,20,16,10,22],[16,4,24,12,20,8,10,22],[20,16,8,12,4,24,10,22],[8,12,4,24,20,16,22],[16,4,12,20,8,24,22],[16,12,20,4,24,8,10,22],[16,4,20,8,24,12,10,22],[12,20,16,8,24,4,22],[12,20,16,8,24,4,22],[24,12,8,20,16,4,22],[20,16,4,12,8,24,10,22],[4,24,20,16,12,8,10,22],[8,20,12,16,4,24,22],[16,8,24,4,12,20,10,22],[20,16,24,8,12,4,22],[8,24,12,20,4,16,22],[20,12,4,16,24,8,10,22],[8,4,20,24,12,16,10,22],[20,4,16,24,8,12,10,22],[24,20,16,4,8,12,10,22],[24,12,16,8,4,20,10,22],[16,4,20,24,12,8,22],[24,16,20,12,4,8,22],[20,4,16,12,8,24,10,22],[12,4,16,20,24,8,22],[4,20,16,12,24,8,10,22],[24,8,16,20,12,4,10,22],[20,8,24,4,12,16,10,22],[24,20,4,12,8,16,22],[24,8,20,16,12,4,22],[8,4,12,16,24,20,10,22],[24,20,8,12,16,4,22],[16,4,12,8,24,20,10,22],[12,8,16,4,20,24,10,22],[4,8,20,24,16,12,22],[20,24,16,8,12,4,10,22],[16,4,24,8,20,12,22],[24,4,20,12,16,8,22],[4,8,24,20,16,12,10,22],[12,8,4,20,24,16,10,22],[12,4,16,8,20,24,10,22],[20,4,16,24,8,12,22],[16,8,12,24,20,4,22],[24,16,20,8,12,4,22],[24,20,4,8,16,12,22],[8,4,16,24,12,20,22],[8,4,20,12,16,24,22],[24,16,12,8,20,4,10,22],[8,24,12,16,20,4,22],[24,8,12,4,16,20,22],[24,20,8,4,12,16,10,22],[16,4,12,20,24,8,22],[4,16,12,20,24,8,10,22],[20,4,8,12,24,16,22],[8,4,24,20,12,16,22],[4,24,20,16,8,12,22],[24,20,12,16,8,4,10,22],[24,20,4,8,16,12,22],[24,12,4,20,8,16,22],[4,24,20,16,12,8,22],[16,24,4,8,12,20,10,22],[20,4,16,8,12,24,22],[24,8,4,12,20,16,22],[4,24,12,16,8,20,22],[16,24,20,4,12,8,10,22],[4,24,20,12,16,8,22],[20,4,16,8,24,12,10,22],[4,16,24,12,20,8,10,22],[24,16,12,8,20,4,10,22],[16,20,24,4,8,12,22],[4,12,8,24,16,20,10,22],[12,16,24,4,20,8,10,22],[8,20,12,4,16,24,10,22],[24,4,16,20,8,12,22],[24,16,12,8,4,20,10,22],[12,8,24,16,20,4,22],[16,24,8,4,20,12,22],[12,24,16,4,20,8,10,22],[16,20,12,24,8,4,10,22],[4,20,8,16,24,12,10,22],[8,24,20,4,12,16,22],[16,24,8,12,4,20,10,22],[16,8,20,12,24,4,10,22],[24,16,8,20,4,12,10,22],[12,20,8,16,24,4,22],[8,12,16,4,20,24,22],[16,8,20,12,24,4,10,22],[12,24,8,16,4,20,22],[8,20,12,16,24,4,10,22],[24,12,8,20,16,4,22],[8,20,12,24,16,4,22],[24,16,12,4,20,8,22],[8,12,16,20,4,24,22],[12,24,20,8,4,16,10,22],[12,16,4,24,20,8,10,22],[24,20,4,12,8,16,10,22],[12,16,8,20,24,4,10,22],[16,20,4,8,12,24,22],[4,12,20,16,8,24,10,22],[20,4,16,24,12,8,10,22],[4,12,16,24,20,8,10,22],[8,12,24,16,4,20,22],[4,8,24,12,20,16,22],[20,4,24,8,16,12,22],[4,24,20,8,12,16,22],[12,24,8,20,16,4,10,22],[24,8,4,20,12,16,22],[24,12,20,4,8,16,22],[12,4,8,24,20,16,10,22],[12,4,20,8,16,24,22],[8,20,24,16,4,12,22],[16,20,24,12,8,4,10,22],[12,20,8,4,16,24,22],[24,20,8,16,12,4,22],[12,20,16,24,4,8,22],[24,8,12,20,16,4,10,22],[16,12,8,24,20,4,10,22],[12,8,20,24,16,4,10,22],[20,16,8,12,24,4,22],[8,24,12,4,20,16,22],[12,8,4,20,24,16,22],[12,16,24,8,4,20,10,22],[8,20,4,16,24,12,10,22],[12,20,24,8,16,4,10,22],[12,16,8,24,20,4,10,22],[24,4,20,16,12,8,10,22],[8,20,16,24,4,12,10,22],[16,24,8,12,20,4,10,22],[16,12,20,4,8,24,10,22],[24,16,12,20,4,8,10,22],[8,16,12,24,4,20,10,22],[12,20,16,8,4,24,10,22],[8,24,20,4,16,12,22],[8,12,24,4,20,16,22],[12,8,16,4,24,20,10,22],[12,20,8,24,4,16,22],[20,4,24,16,8,12,10,22],[12,16,24,20,8,4,22],[24,12,20,4,8,16,22],[12,8,16,24,4,20,10,22],[12,4,8,24,20,16,22],[20,24,16,8,12,4,22],[16,12,8,24,4,20,22],[8,4,16,12,20,24,22],[20,24,8,12,16,4,22],[20,8,24,16,12,4,22],[8,20,16,4,24,12,10,22],[24,20,16,12,8,4,22],[24,4,12,8,20,16,10,22],[4,8,24,16,20,12,22],[4,24,12,8,20,16,10,22],[20,4,12,8,16,24,10,22],[16,4,12,20,8,24,10,22],[8,16,20,12,24,4,22],[24,4,16,8,12,20,10,22],[12,24,20,4,8,16,22],[24,16,20,4,12,8,10,22],[24,8,20,4,16,12,10,22],[16,12,24,4,20,8,10,22],[16,4,20,8,24,12,22],[4,16,24,8,12,20,22],[20,16,8,24,4,12,22],[12,24,4,8,20,16,22],[12,8,20,16,4,24,10,22],[16,24,20,12,8,4,10,22],[24,12,16,20,8,4,22],[12,4,24,20,16,8,22],[24,8,4,16,12,20,22],[16,8,4,12,24,20,22],[12,4,24,16,8,20,10,22],[24,16,8,12,20,4,22],[12,20,24,8,4,16,10,22],[12,4,24,8,16,20,10,22],[24,12,20,4,8,16,22],[24,8,16,4,12,20,10,22],[4,12,8,20,24,16,22],[12,24,20,16,8,4,22],[16,4,8,20,24,12,22],[4,16,12,20,8,24,22],[16,12,24,8,4,20,22],[16,12,20,4,8,24,10,22],[12,24,4,16,20,8,10,22],[12,8,24,20,16,4,22],[12,8,4,20,16,24,22],[12,16,20,8,24,4,10,22],[8,24,12,20,16,4,22],[12,20,24,8,4,16,10,22],[4,16,20,24,8,12,22],[24,8,12,4,16,20,10,22],[8,16,4,24,12,20,10,22],[20,12,16,8,4,24,22],[12,16,24,4,20,8,10,22],[16,12,24,20,4,8,22],[16,12,8,4,20,24,10,22],[4,12,8,16,20,24,22],[12,16,20,4,8,24,22],[24,12,8,20,4,16,10,22],[4,24,16,12,20,8,10,22],[24,8,4,12,16,20,10,22],[24,16,8,12,4,20,22],[24,12,20,16,4,8,22],[8,24,20,16,4,12,10,22],[20,8,12,4,24,16,22],[24,8,16,20,12,4,10,22],[16,4,24,8,20,12,22],[8,12,20,24,4,16,10,22],[16,12,24,20,8,4,10,22],[20,12,4,24,8,16,22],[24,16,12,20,4,8,22],[16,24,4,20,12,8,22],[12,4,8,16,24,20,10,22],[12,16,24,4,20,8,10,22],[12,8,16,20,4,24,10,22],[20,4,12,8,16,24,22],[16,20,4,24,12,8,10,22]],"n_human":10}