{"problem_id":"E0iow03ugardVta","sigma":150,"alpha":3.162,"cost":4,"probabilities":"[0.3, 0.21, 0.21, 0.28]","payoff_matrix":"[[-101, -164, -156, 26, 59, -104], [-43, -233, -185, -61, -97, -286], [-35, -63, 31, 12, 23, 113], [17, 164, 241, -3, 4, -109]]","uncovered":[[17,21,13,16,20,5,1,9,18,14,19,15],[13,21,17,20,16,5,9,1,19],[21,5,17,9,13,20,16,1,19],[1,17,13,16,20,9,5,21,18,15,19,14],[9,17,21,1,5,13,20,16,19],[1,21,13,9,5,17,16,20,14],[5,1,17,9,13,16,20,21,15,18,14,19],[1,21,13,5,17,16,20,9,14],[13,9,1,21,17,20,16,5,19],[1,21,5,13,17,20,16,9,15,19],[17,9,21,5,1,13,16,20,15,19],[13,1,17,20,16,21,9,5,19],[17,21,5,13,20,16,1,9,15,19],[21,5,17,13,16,20,9,1,15,19],[5,21,13,1,17,16,20,9,14],[1,17,5,21,9,13,16,20,18,14,19,15],[1,13,17,16,20,21,5,9,19],[9,5,21,13,17,20,16,1,18,14,19,15],[5,13,17,16,20,21,9,1,19],[13,1,5,9,21,17,16,20,15,18,14,19],[5,13,9,1,21,17,16,20,18,14,15,19],[21,5,1,13,17,20,16,9,18,15,14,19],[13,5,1,21,9,17,20,16,15,19],[17,5,1,21,13,20,16,9,18,15,14,19],[1,17,5,21,9,13,20,16,15,19],[21,5,1,9,13,17,20,16,14],[1,9,13,5,17,20,16,21,14],[1,17,9,21,13,20,16,5,18,14,19,15],[9,13,1,5,17,20,16,21,19],[13,1,9,21,17,16,20,5,14],[1,9,13,21,17,16,20,5,14],[21,17,1,9,5,13,16,20,19],[13,9,1,21,5,17,16,20,19],[21,5,9,13,17,20,16,1,18,14,15,19],[13,5,21,17,16,20,9,1,19],[21,17,5,9,1,13,16,20,18,14,15,19],[13,5,9,1,17,20,16,21,19],[1,9,13,17,20,16,21,5,14],[21,5,1,9,13,17,20,16,18,14,15,19],[5,21,1,13,9,17,16,20,19],[5,1,9,13,21,17,20,16,15,18,14,19],[21,1,5,9,13,17,16,20,18,15,14,19],[13,21,9,1,5,17,20,16,19],[1,17,21,13,16,20,5,9,14],[9,1,13,17,20,16,5,21,14],[13,21,17,16,20,9,5,1,15,18,19,14],[1,21,5,13,17,16,20,9,14],[1,5,21,13,17,20,16,9,19],[21,1,5,13,9,17,16,20,15,18,19,14],[1,21,17,13,20,16,5,9,18,15,14,19],[13,5,17,16,20,9,21,1,18,15,14,19],[9,21,5,17,13,16,20,1,14],[1,13,9,5,21,17,16,20,14],[5,13,17,16,20,21,9,1,19],[17,1,21,9,5,13,16,20,18,14,15,19],[21,5,1,9,13,17,20,16,15,19],[1,17,9,5,21,13,16,20,14],[17,5,1,21,13,16,20,9,15,19],[17,1,5,13,16,20,21,9,18,15,19,14],[17,21,13,16,20,9,1,5,19],[21,5,1,9,17,13,16,20,18,14,19,15],[1,5,9,21,17,13,20,16,14],[9,13,17,16,20,5,1,21,19],[1,9,13,5,17,20,16,21,14],[1,5,9,21,13,17,20,16,18,14,15,19],[9,17,5,21,1,13,20,16,14],[13,9,17,20,16,21,5,1,15,19],[21,13,17,16,20,1,9,5,14],[5,17,13,20,16,1,9,21,15,18,14,19],[17,1,5,21,13,20,16,9,14],[21,9,5,13,17,20,16,1,18,14,19,15],[17,1,21,9,13,16,20,5,19],[21,1,9,17,13,20,16,5,14],[21,9,5,1,17,13,16,20,14],[9,5,1,17,13,16,20,21,14],[13,5,21,9,1,17,16,20,18,14,15,19],[21,17,1,5,13,16,20,9,18,15,14,19],[21,13,9,1,17,16,20,5,14],[1,9,17,5,13,16,20,21,15,18,19,14],[13,21,5,17,20,16,1,9,14],[17,21,5,1,13,16,20,9,14],[13,17,20,16,5,21,9,1,15,18,19,14],[5,9,13,21,1,17,16,20,14],[5,21,17,13,20,16,9,1,15,18,14,19],[13,1,21,9,5,17,16,20,14],[9,21,17,5,1,13,20,16,18,15,14,19],[1,9,17,21,13,20,16,5,14],[13,17,16,20,21,9,5,1,19],[21,13,5,9,1,17,20,16,15,19],[9,1,5,21,13,17,20,16,14],[17,1,9,21,13,20,16,5,18,15,19,14],[21,5,9,17,13,16,20,1,14],[1,17,5,21,9,13,16,20,14],[9,5,13,17,16,20,1,21,15,18,19,14],[5,13,1,9,17,20,16,21,18,15,14,19],[1,21,13,9,17,16,20,5,19],[13,9,5,21,1,17,16,20,14],[5,13,17,20,16,1,9,21,15,19],[1,9,13,21,5,17,16,20,19],[9,5,13,17,16,20,1,21,19],[21,1,13,17,16,20,9,5,19],[21,1,5,9,17,13,16,20,15,18,19,14],[17,9,13,20,16,5,1,21,15,19],[13,5,17,16,20,21,1,9,15,19],[9,21,1,17,13,20,16,5,14],[1,5,9,13,21,17,20,16,18,15,19,14],[9,5,17,1,13,20,16,21,18,15,14,19],[9,21,13,1,17,20,16,5,14],[21,17,9,5,13,20,16,1,19],[5,1,17,21,13,16,20,9,14],[13,21,9,17,20,16,5,1,15,19],[21,9,5,1,13,17,16,20,19],[5,9,1,13,17,16,20,21,19],[21,9,5,17,13,20,16,1,18,15,14,19],[1,13,17,16,20,5,9,21,15,18,14,19],[21,13,1,17,20,16,9,5,14],[9,17,5,13,20,16,1,21,14],[5,9,13,17,16,20,21,1,18,14,15,19],[5,13,1,17,16,20,21,9,18,14,15,19],[5,9,21,17,13,16,20,1,18,15,14,19],[13,21,9,17,20,16,1,5,18,14,15,19],[1,21,17,5,13,16,20,9,18,14,19,15],[17,9,1,5,21,13,16,20,15,19],[21,17,13,16,20,9,5,1,19],[5,21,1,13,17,16,20,9,19],[21,9,1,17,5,13,16,20,14],[9,13,21,1,5,17,16,20,18,15,19,14],[17,9,21,5,1,13,20,16,18,14,19,15],[13,21,9,5,17,20,16,1,14],[1,13,17,16,20,9,21,5,15,18,14,19],[5,1,13,21,9,17,20,16,19],[5,1,9,21,17,13,16,20,19],[5,13,9,17,16,20,1,21,18,14,15,19],[5,21,17,13,20,16,9,1,15,18,14,19],[13,5,21,17,16,20,9,1,14],[9,21,17,13,20,16,5,1,18,15,19,14],[13,17,16,20,1,9,5,21,15,19],[5,9,17,13,20,16,1,21,14],[13,5,21,17,20,16,9,1,18,15,19,14],[17,1,21,9,13,16,20,5,18,15,14,19],[17,5,1,9,13,20,16,21,18,15,19,14],[17,13,16,20,5,9,21,1,18,15,14,19],[13,5,1,17,20,16,9,21,18,14,15,19],[1,13,21,17,20,16,9,5,15,19],[9,17,1,5,13,16,20,21,15,19],[13,1,21,17,20,16,9,5,15,19],[9,13,21,1,5,17,16,20,19],[13,5,9,21,1,17,16,20,19],[17,1,5,21,13,16,20,9,18,14,19,15],[21,17,5,1,13,16,20,9,14],[17,13,16,20,1,5,21,9,14],[21,17,1,5,13,20,16,9,19],[5,9,1,17,21,13,20,16,18,14,19,15],[17,9,1,13,20,16,5,21,18,15,19,14],[13,21,1,9,5,17,20,16,15,19],[1,13,17,20,16,21,5,9,14],[21,13,5,17,20,16,9,1,15,18,19,14],[5,9,1,17,21,13,20,16,14],[13,5,21,9,17,20,16,1,19],[5,1,17,13,16,20,9,21,15,19],[13,9,17,20,16,1,21,5,15,19],[21,1,17,5,13,16,20,9,14],[21,9,5,17,1,13,16,20,18,15,19,14],[17,21,5,9,13,16,20,1,14],[21,5,9,13,17,20,16,1,19],[17,21,5,13,20,16,9,1,15,18,19,14],[1,21,13,17,20,16,9,5,18,15,14,19],[5,17,21,9,1,13,16,20,18,14,15,19],[13,17,16,20,5,21,1,9,14],[5,13,17,20,16,21,9,1,15,18,19,14],[13,1,21,5,17,20,16,9,15,18,19,14],[21,9,17,5,13,16,20,1,14],[17,1,9,21,13,16,20,5,18,15,14,19],[5,17,21,9,1,13,16,20,18,14,15,19],[9,17,1,13,20,16,5,21,14],[17,1,13,20,16,21,9,5,14],[17,9,13,16,20,5,1,21,15,18,19,14],[13,21,1,17,20,16,5,9,14],[17,1,5,9,13,16,20,21,14],[5,9,21,17,13,16,20,1,19],[9,17,5,1,21,13,16,20,19],[13,17,16,20,21,5,9,1,19],[13,17,20,16,9,5,21,1,18,14,19,15],[21,17,9,1,5,13,20,16,15,19],[17,13,16,20,5,21,9,1,19],[13,17,16,20,9,1,21,5,14],[17,21,1,5,13,20,16,9,18,15,19,14],[9,13,21,17,16,20,1,5,15,18,14,19],[21,1,5,17,13,16,20,9,19],[17,5,1,9,13,20,16,21,18,14,19,15],[13,5,9,21,1,17,16,20,14],[9,1,17,13,16,20,5,21,14],[17,1,21,13,20,16,5,9,19],[13,9,21,17,16,20,5,1,18,14,15,19],[17,5,1,13,20,16,9,21,18,15,19,14],[21,1,9,13,5,17,16,20,15,18,19,14],[1,17,5,21,13,20,16,9,14],[13,21,17,20,16,9,1,5,18,14,15,19],[1,21,5,17,13,20,16,9,14],[5,21,13,17,20,16,9,1,14],[9,17,5,13,16,20,21,1,19],[17,21,13,16,20,1,5,9,15,19],[13,21,9,5,17,20,16,1,18,14,15,19],[21,13,9,5,17,20,16,1,14],[21,1,13,9,5,17,20,16,19],[1,17,21,13,16,20,5,9,18,14,15,19],[5,21,17,1,9,13,16,20,18,14,19,15],[1,13,17,16,20,5,9,21,19],[13,1,5,17,20,16,21,9,14],[21,1,17,13,20,16,5,9,15,18,19,14],[13,5,17,16,20,21,9,1,14],[1,17,9,13,16,20,5,21,19],[5,13,9,1,17,16,20,21,19],[17,21,13,20,16,1,9,5,18,15,19,14],[9,21,13,5,17,16,20,1,19],[1,9,13,17,16,20,21,5,14],[1,9,21,5,17,13,16,20,15,19],[13,1,5,21,9,17,16,20,18,14,19,15],[21,9,13,1,17,16,20,5,15,19],[9,17,21,1,5,13,16,20,18,15,14,19],[13,21,17,16,20,1,5,9,19],[5,9,13,1,21,17,20,16,14],[17,5,21,1,13,20,16,9,14],[21,5,13,1,9,17,20,16,14],[5,1,13,21,17,16,20,9,15,18,14,19],[13,9,21,17,16,20,5,1,18,15,14,19],[13,17,20,16,5,1,21,9,15,18,14,19],[1,17,21,13,16,20,5,9,14],[9,13,5,1,21,17,16,20,14],[5,17,13,16,20,21,9,1,18,14,15,19],[9,1,5,17,21,13,16,20,19],[21,17,1,5,13,16,20,9,15,18,19,14],[13,9,1,21,5,17,20,16,15,19],[13,17,20,16,5,1,21,9,15,18,19,14],[13,9,17,20,16,5,1,21,15,18,14,19],[9,5,21,13,17,20,16,1,14],[5,9,1,17,13,20,16,21,15,18,14,19],[9,17,5,13,20,16,21,1,15,18,19,14],[13,5,9,21,1,17,16,20,19],[5,17,21,13,20,16,9,1,19],[1,9,21,17,13,20,16,5,19],[17,13,16,20,1,5,21,9,15,19],[1,5,9,17,21,13,16,20,14],[21,1,9,17,13,20,16,5,15,18,14,19],[17,1,13,16,20,5,9,21,15,18,14,19],[5,21,13,1,9,17,20,16,19],[5,9,1,21,13,17,20,16,14],[17,5,1,13,16,20,9,21,19],[17,21,9,1,13,16,20,5,18,15,19,14],[17,21,9,1,5,13,20,16,14],[1,21,13,5,9,17,16,20,14],[1,9,13,21,17,16,20,5,19],[1,13,5,21,9,17,20,16,18,15,14,19],[21,9,17,5,13,20,16,1,15,19],[13,9,1,21,17,16,20,5,19],[5,17,9,1,13,20,16,21,19],[9,21,13,1,5,17,20,16,18,14,19,15],[5,13,9,1,17,16,20,21,19],[1,5,21,17,13,16,20,9,14],[17,13,20,16,1,5,21,9,14],[13,17,20,16,9,21,5,1,14],[5,13,1,17,16,20,9,21,18,15,14,19],[9,1,17,21,13,16,20,5,19],[17,13,16,20,5,9,1,21,18,15,14,19],[13,9,1,17,20,16,5,21,15,19],[21,1,17,5,9,13,20,16,14],[9,13,17,20,16,1,5,21,14],[17,1,9,21,5,13,16,20,18,14,19,15],[5,21,1,9,13,17,20,16,18,15,14,19],[5,21,1,13,9,17,16,20,14],[17,21,1,5,13,16,20,9,19],[21,5,13,17,16,20,9,1,18,14,19,15],[5,21,1,13,17,20,16,9,19],[13,21,9,17,16,20,5,1,14],[9,13,5,21,17,20,16,1,18,14,15,19],[17,13,16,20,5,21,9,1,14],[5,9,21,13,17,16,20,1,19],[1,21,5,17,9,13,20,16,15,18,14,19],[1,13,5,9,17,16,20,21,15,18,19,14],[9,1,17,5,21,13,16,20,18,15,19,14],[1,13,17,16,20,21,5,9,18,14,15,19],[5,17,21,1,9,13,16,20,18,15,19,14],[5,9,17,21,1,13,16,20,19],[13,17,16,20,21,9,1,5,18,15,14,19],[21,13,1,9,17,20,16,5,15,19],[13,5,17,16,20,1,9,21,15,18,19,14],[13,1,17,16,20,21,9,5,19],[21,9,17,5,13,16,20,1,15,19],[5,21,13,1,9,17,16,20,15,19],[21,17,5,9,13,20,16,1,19],[17,21,13,20,16,1,5,9,18,15,14,19],[1,13,5,21,9,17,20,16,15,19],[21,9,5,13,1,17,20,16,19],[13,9,1,21,5,17,16,20,19],[5,1,21,17,13,16,20,9,18,14,19,15],[1,21,9,13,17,20,16,5,19],[21,9,5,17,13,16,20,1,19],[9,13,21,5,17,16,20,1,19],[9,5,13,17,16,20,21,1,14],[13,9,1,5,17,20,16,21,18,14,15,19],[1,17,13,20,16,5,9,21,18,14,15,19],[17,9,21,1,5,13,16,20,18,14,15,19],[1,13,17,20,16,5,21,9,14],[21,1,9,17,5,13,20,16,15,19],[1,17,13,16,20,5,21,9,18,15,14,19],[5,9,13,1,21,17,16,20,19],[17,13,20,16,21,9,5,1,19],[5,13,17,16,20,1,9,21,14],[9,17,1,5,21,13,16,20,19],[21,9,17,1,13,16,20,5,18,15,14,19],[13,17,20,16,5,21,9,1,14],[1,21,13,9,17,16,20,5,15,19],[9,5,21,1,13,17,16,20,14],[1,17,5,13,16,20,9,21,18,15,14,19],[1,17,9,5,21,13,16,20,15,18,19,14],[5,13,21,1,17,20,16,9,14],[17,1,5,21,13,16,20,9,15,19],[21,9,13,5,17,20,16,1,19],[21,5,1,13,9,17,16,20,15,19],[1,9,13,17,20,16,5,21,19],[13,17,20,16,21,5,9,1,18,15,19,14],[1,5,17,21,9,13,20,16,18,14,15,19],[5,17,13,16,20,21,1,9,19],[13,9,17,16,20,5,21,1,14],[21,5,13,9,1,17,16,20,18,15,19,14],[13,17,16,20,1,21,9,5,15,18,14,19],[17,1,13,16,20,21,5,9,18,15,19,14],[1,13,9,21,5,17,20,16,19],[1,21,17,13,20,16,5,9,19],[17,21,9,5,13,16,20,1,14],[5,17,13,16,20,1,9,21,14],[9,5,17,1,13,16,20,21,19],[21,5,13,9,1,17,16,20,14],[5,13,1,9,21,17,16,20,15,19],[13,17,16,20,9,1,5,21,15,19],[21,1,5,13,17,16,20,9,19],[21,9,17,1,13,16,20,5,15,18,14,19],[9,17,5,21,1,13,16,20,19],[13,1,9,5,17,20,16,21,15,18,19,14],[13,21,9,5,1,17,16,20,15,19],[13,9,17,16,20,21,1,5,14],[5,9,17,1,13,20,16,21,19],[13,9,1,5,17,20,16,21,15,19],[1,5,17,21,9,13,16,20,19],[5,9,21,17,13,20,16,1,15,18,14,19],[1,21,13,5,9,17,20,16,18,15,14,19],[17,1,13,16,20,21,5,9,19],[17,9,5,21,1,13,16,20,18,14,19,15],[21,17,9,13,20,16,1,5,14],[13,17,20,16,5,1,21,9,14],[21,9,13,1,5,17,16,20,15,18,19,14],[17,13,16,20,21,1,5,9,15,18,14,19],[17,5,1,13,20,16,9,21,14],[9,1,21,17,13,20,16,5,14],[13,17,20,16,9,21,1,5,19],[17,21,1,5,13,20,16,9,19],[21,1,17,13,16,20,5,9,18,15,14,19],[1,13,9,5,21,17,20,16,15,18,14,19],[17,21,5,13,20,16,1,9,14],[21,13,1,9,17,16,20,5,15,19],[17,13,20,16,9,5,21,1,15,19],[17,9,13,16,20,5,1,21,18,14,19,15],[13,21,1,17,16,20,9,5,18,14,19,15],[17,21,13,20,16,5,1,9,18,15,14,19],[17,5,13,20,16,9,21,1,14],[13,17,20,16,9,5,21,1,15,19],[17,21,9,1,13,16,20,5,19],[5,17,21,9,1,13,16,20,15,19],[9,21,5,17,1,13,20,16,15,19],[9,13,17,16,20,1,21,5,14],[13,17,16,20,9,21,5,1,18,15,19,14],[17,9,13,16,20,21,1,5,14],[21,9,5,17,1,13,16,20,19],[17,21,9,13,20,16,1,5,15,19],[21,13,9,17,20,16,1,5,15,18,14,19],[1,5,21,9,13,17,20,16,18,15,19,14],[21,5,13,17,16,20,9,1,18,15,19,14],[13,17,16,20,21,5,9,1,14],[5,17,1,21,9,13,20,16,19],[1,13,17,16,20,9,5,21,19],[1,21,5,13,9,17,16,20,15,19],[21,13,1,5,9,17,16,20,14],[5,9,21,13,1,17,16,20,19],[5,9,17,13,20,16,21,1,15,18,19,14],[9,13,1,21,17,16,20,5,18,15,19,14],[9,1,21,17,13,16,20,5,15,18,19,14],[17,9,13,16,20,21,5,1,18,14,19,15],[13,5,17,20,16,1,9,21,18,15,14,19],[9,21,17,1,13,20,16,5,19],[5,13,1,17,20,16,21,9,19],[13,21,9,5,1,17,16,20,14],[13,17,16,20,9,5,21,1,18,15,19,14],[5,17,9,13,20,16,1,21,14],[9,5,21,13,17,16,20,1,19],[5,9,17,21,13,20,16,1,18,15,14,19],[17,13,20,16,1,21,9,5,15,19],[17,13,20,16,21,1,5,9,15,19],[1,21,9,13,5,17,20,16,14],[13,1,9,5,17,16,20,21,14],[21,1,17,5,9,13,16,20,19],[9,1,21,5,17,13,20,16,15,18,14,19],[17,21,9,5,13,20,16,1,19],[5,13,21,9,17,20,16,1,15,18,14,19],[17,9,1,13,20,16,21,5,19],[1,5,9,17,21,13,16,20,18,14,15,19],[17,9,13,16,20,5,1,21,14],[21,1,5,13,9,17,16,20,14],[5,9,17,21,13,16,20,1,15,19],[13,9,21,5,1,17,16,20,19],[1,17,9,5,13,16,20,21,15,19],[1,13,17,16,20,9,21,5,15,19],[9,17,13,20,16,21,1,5,15,19],[1,9,5,13,17,16,20,21,15,19],[9,5,17,13,20,16,1,21,18,14,15,19],[17,13,16,20,21,5,1,9,19],[5,1,21,17,13,20,16,9,18,15,19,14],[1,17,21,9,13,16,20,5,18,15,19,14],[9,13,1,17,16,20,5,21,18,14,19,15],[5,17,9,21,13,20,16,1,14],[17,21,9,13,20,16,5,1,19],[13,17,20,16,1,21,5,9,15,18,19,14],[13,21,9,17,20,16,5,1,15,18,14,19],[5,21,13,1,9,17,20,16,15,18,14,19],[21,5,9,17,1,13,16,20,18,14,15,19],[21,9,17,5,13,16,20,1,15,18,14,19],[9,13,1,21,5,17,20,16,19],[5,21,9,13,1,17,20,16,14],[9,17,13,20,16,5,1,21,19],[21,17,13,16,20,9,5,1,18,15,19,14],[1,13,21,17,16,20,5,9,15,18,14,19],[9,5,21,13,17,20,16,1,14],[17,1,9,5,13,16,20,21,14],[21,13,5,9,1,17,16,20,14],[9,21,1,13,5,17,16,20,18,15,14,19],[13,21,1,9,17,16,20,5,15,18,19,14],[17,21,13,16,20,9,5,1,15,19],[17,9,13,20,16,5,21,1,14],[1,13,5,17,20,16,9,21,14],[5,13,1,17,20,16,21,9,18,15,14,19],[9,13,5,21,1,17,20,16,15,19],[13,9,5,21,1,17,16,20,19],[1,9,17,5,21,13,16,20,18,14,15,19],[5,17,1,9,13,20,16,21,19],[5,13,1,9,17,20,16,21,15,18,19,14],[5,17,9,13,16,20,21,1,19],[9,17,1,13,16,20,5,21,15,18,19,14],[1,13,17,16,20,21,5,9,19],[17,21,9,5,13,20,16,1,14],[5,1,13,21,17,20,16,9,14],[1,5,21,13,9,17,16,20,18,15,14,19],[1,17,21,13,20,16,5,9,18,14,19,15],[17,9,1,13,20,16,21,5,15,19],[21,17,13,16,20,9,5,1,18,14,15,19],[17,5,13,20,16,21,9,1,19],[9,5,21,1,13,17,16,20,18,15,19,14],[13,21,9,17,20,16,1,5,15,19],[21,17,13,20,16,1,5,9,14],[17,9,5,13,20,16,1,21,14],[17,9,5,13,20,16,21,1,19],[17,13,20,16,9,21,1,5,18,14,15,19],[5,9,21,1,13,17,16,20,14],[1,21,17,9,13,20,16,5,15,18,19,14],[1,5,17,21,13,16,20,9,18,15,14,19],[17,21,1,9,13,20,16,5,18,15,14,19],[17,9,13,20,16,1,21,5,15,19],[13,9,17,16,20,1,5,21,19],[13,21,5,9,17,16,20,1,18,14,15,19],[21,17,13,16,20,1,9,5,15,19],[17,5,1,9,21,13,20,16,19],[9,1,17,13,16,20,21,5,18,15,19,14],[9,13,1,5,17,20,16,21,18,14,15,19],[17,5,21,9,13,20,16,1,19],[17,13,20,16,9,1,21,5,19],[9,17,13,20,16,5,1,21,19],[13,1,5,21,9,17,16,20,15,19],[13,17,16,20,5,9,1,21,18,14,19,15],[17,13,16,20,5,1,21,9,15,19],[21,9,1,17,13,20,16,5,14],[5,9,1,13,17,20,16,21,14],[21,1,13,17,20,16,9,5,18,15,19,14],[9,1,5,13,21,17,16,20,15,19],[1,9,21,17,5,13,20,16,19],[1,9,5,21,17,13,16,20,14],[5,9,1,13,21,17,16,20,15,18,14,19],[9,21,13,1,17,16,20,5,18,15,14,19],[13,21,1,5,9,17,16,20,15,19],[21,1,5,17,9,13,20,16,19],[1,17,5,13,16,20,9,21,19],[1,5,9,13,17,16,20,21,14],[1,17,5,13,20,16,9,21,19],[21,1,17,5,9,13,16,20,18,14,15,19],[5,21,9,13,17,20,16,1,18,15,14,19],[17,9,1,13,16,20,5,21,15,18,19,14],[13,1,5,9,21,17,16,20,19],[1,13,9,21,17,16,20,5,15,18,14,19],[21,1,17,13,20,16,5,9,19],[5,1,9,13,17,20,16,21,18,15,19,14],[17,21,13,16,20,9,1,5,18,15,19,14],[17,9,5,13,16,20,1,21,19],[17,9,13,16,20,1,5,21,18,14,19,15],[17,9,13,20,16,5,1,21,19],[17,1,9,13,16,20,5,21,18,14,15,19],[21,13,5,17,16,20,9,1,15,18,14,19],[5,9,13,21,1,17,20,16,15,18,19,14],[9,21,1,17,5,13,20,16,19],[13,17,16,20,9,5,1,21,15,19],[17,13,16,20,1,9,5,21,14],[1,21,17,5,9,13,16,20,15,19],[13,9,21,5,17,20,16,1,15,18,19,14],[21,17,13,20,16,1,5,9,14],[17,1,21,9,13,20,16,5,18,14,19,15],[21,17,13,20,16,1,5,9,14],[1,17,5,9,21,13,20,16,19],[5,17,9,1,13,16,20,21,14],[9,5,13,17,16,20,21,1,15,18,14,19],[1,13,17,20,16,21,9,5,18,15,19,14],[21,17,13,16,20,9,5,1,15,18,14,19],[17,13,20,16,21,1,9,5,15,19],[1,13,17,16,20,5,9,21,14],[21,13,17,20,16,5,9,1,14],[17,5,21,13,20,16,1,9,19],[5,13,21,17,16,20,1,9,14],[5,13,17,20,16,9,1,21,15,18,19,14],[17,13,20,16,9,1,5,21,15,18,14,19],[13,17,16,20,21,9,1,5,14],[5,1,9,17,13,16,20,21,19],[21,5,1,9,13,17,20,16,18,14,19,15],[5,13,21,9,17,20,16,1,18,14,15,19],[21,5,13,9,1,17,20,16,14],[17,5,13,16,20,9,21,1,19],[1,5,17,21,9,13,16,20,18,15,14,19],[1,13,17,16,20,9,21,5,14],[17,9,21,1,5,13,16,20,19],[1,17,13,20,16,9,21,5,18,14,15,19],[5,21,17,13,16,20,1,9,14],[9,21,17,1,13,20,16,5,14],[13,21,1,9,5,17,20,16,19],[5,21,17,9,13,20,16,1,15,18,19,14],[1,5,9,13,21,17,20,16,18,14,19,15],[13,9,1,21,5,17,16,20,18,14,19,15],[13,17,16,20,9,5,21,1,14],[1,5,9,21,13,17,20,16,15,19],[21,5,9,1,17,13,20,16,19],[9,17,13,20,16,1,21,5,18,15,19,14],[9,13,17,20,16,5,1,21,14],[17,13,20,16,5,9,1,21,19],[13,17,16,20,1,5,21,9,19],[13,9,5,21,17,20,16,1,19],[9,21,5,13,17,16,20,1,19],[5,17,13,16,20,9,1,21,19],[17,1,21,5,9,13,16,20,19],[9,21,17,5,1,13,20,16,19],[9,17,5,13,20,16,21,1,18,14,19,15],[5,9,17,21,13,20,16,1,14],[1,13,5,21,9,17,20,16,15,18,14,19],[17,5,13,20,16,21,9,1,19],[5,1,21,13,9,17,16,20,18,15,14,19],[17,1,21,13,16,20,9,5,19],[13,17,20,16,5,21,9,1,14],[21,17,5,13,16,20,1,9,15,18,14,19],[21,17,5,9,13,20,16,1,18,14,15,19],[1,9,17,5,13,16,20,21,14],[1,13,5,17,20,16,9,21,18,15,19,14],[17,5,21,9,13,20,16,1,14],[9,5,13,17,20,16,21,1,14],[9,5,13,21,17,20,16,1,19],[9,5,17,21,13,16,20,1,18,15,19,14],[5,1,13,9,17,16,20,21,14],[9,13,17,20,16,5,1,21,14],[13,5,21,17,20,16,1,9,15,19],[13,17,16,20,21,9,5,1,19],[13,5,1,9,17,20,16,21,18,14,19,15],[9,1,17,5,13,16,20,21,14],[21,9,13,17,16,20,5,1,18,14,15,19],[5,17,9,21,1,13,20,16,15,18,14,19],[5,1,21,13,9,17,20,16,14],[17,9,5,21,1,13,20,16,14],[9,13,1,21,5,17,20,16,19],[17,1,13,16,20,21,5,9,18,14,15,19],[13,9,21,17,16,20,1,5,15,19],[5,1,21,13,17,20,16,9,14],[9,21,5,1,17,13,16,20,18,15,14,19],[1,21,9,13,5,17,20,16,18,14,19,15],[21,1,17,13,16,20,5,9,19],[17,1,21,9,5,13,20,16,15,19],[21,13,1,5,9,17,16,20,14],[5,21,13,9,17,20,16,1,14],[17,13,20,16,21,5,9,1,19],[5,17,21,1,13,20,16,9,15,19],[17,13,20,16,1,5,9,21,14],[13,21,5,1,17,16,20,9,15,18,14,19],[9,21,17,1,5,13,20,16,14],[21,13,17,20,16,9,1,5,14],[5,9,17,13,16,20,21,1,19],[17,1,13,20,16,5,9,21,18,14,15,19],[17,21,1,9,13,20,16,5,19],[13,1,21,9,5,17,16,20,14],[9,5,1,17,21,13,16,20,19],[5,17,13,16,20,9,1,21,15,19],[5,1,17,9,21,13,16,20,19],[1,21,9,17,13,20,16,5,15,19],[13,21,5,17,20,16,9,1,14],[13,21,17,16,20,9,1,5,15,18,14,19],[17,5,9,1,21,13,16,20,15,19],[13,5,17,20,16,9,21,1,18,15,19,14],[1,9,13,21,5,17,20,16,18,15,14,19],[21,5,1,13,17,16,20,9,15,19],[17,13,20,16,1,9,5,21,19],[17,21,5,13,16,20,1,9,14],[13,17,16,20,9,21,5,1,19],[9,1,5,17,21,13,20,16,15,19],[5,13,17,20,16,21,9,1,14],[21,13,17,20,16,1,5,9,19],[9,13,21,17,16,20,1,5,18,15,19,14],[17,9,21,5,13,16,20,1,15,18,14,19],[17,5,13,20,16,9,1,21,18,14,19,15],[5,9,21,1,13,17,20,16,19],[21,9,5,13,1,17,16,20,15,19],[21,5,1,17,13,16,20,9,15,18,14,19],[13,1,17,20,16,21,5,9,19],[21,13,5,17,20,16,9,1,19],[5,21,9,1,17,13,16,20,19],[9,21,1,17,13,20,16,5,15,18,14,19],[1,5,17,21,9,13,16,20,18,14,19,15],[9,17,5,13,16,20,21,1,15,19],[1,17,5,9,13,20,16,21,14],[5,21,1,9,13,17,20,16,14],[5,21,9,17,13,20,16,1,14],[9,21,17,5,1,13,20,16,18,14,15,19],[9,5,1,17,21,13,16,20,15,18,14,19],[13,21,17,20,16,9,5,1,18,15,19,14],[5,1,17,21,9,13,16,20,19],[1,21,5,9,13,17,20,16,14],[21,1,9,17,13,20,16,5,19],[13,17,16,20,21,9,5,1,18,15,19,14],[17,21,13,20,16,5,9,1,18,15,14,19],[17,13,20,16,9,5,1,21,15,19],[17,5,9,13,20,16,1,21,18,14,15,19],[13,17,20,16,5,1,21,9,15,18,14,19],[1,9,5,17,13,16,20,21,19],[9,21,13,5,1,17,16,20,14],[5,1,13,17,16,20,9,21,19],[5,21,13,9,17,20,16,1,18,15,19,14],[17,5,1,21,9,13,16,20,14],[9,21,5,13,17,16,20,1,14],[21,9,5,17,1,13,20,16,18,14,15,19],[17,13,20,16,1,21,9,5,18,15,14,19],[17,9,21,13,16,20,1,5,14],[1,5,21,17,13,16,20,9,15,19],[9,1,5,21,13,17,20,16,18,15,19,14],[17,21,13,16,20,9,1,5,15,18,14,19],[21,9,13,1,5,17,20,16,18,14,19,15],[5,9,17,21,13,16,20,1,19],[9,17,1,5,13,16,20,21,14],[21,1,9,17,5,13,16,20,19],[17,5,1,13,16,20,9,21,15,18,19,14],[1,5,13,21,9,17,20,16,15,18,14,19],[9,21,13,1,17,20,16,5,15,19],[1,13,17,16,20,5,21,9,18,15,19,14],[21,9,13,5,1,17,20,16,14],[17,21,5,13,16,20,1,9,14],[1,17,21,13,20,16,5,9,18,14,15,19],[9,1,21,13,5,17,20,16,15,18,19,14],[5,9,1,13,21,17,20,16,18,15,19,14],[1,13,9,21,5,17,16,20,18,14,19,15],[13,9,1,5,21,17,20,16,18,15,14,19],[5,9,1,13,17,16,20,21,14],[13,5,21,1,17,20,16,9,15,18,14,19],[21,17,13,20,16,1,5,9,15,19],[5,9,21,13,17,16,20,1,15,19],[21,9,1,17,13,16,20,5,14],[17,13,20,16,9,21,5,1,15,18,19,14],[21,9,1,13,17,20,16,5,15,18,14,19],[5,21,9,17,1,13,16,20,14],[9,21,13,5,1,17,20,16,18,15,19,14],[9,13,1,5,21,17,20,16,14],[17,13,16,20,9,21,1,5,18,14,15,19],[21,9,5,13,1,17,16,20,14],[17,21,9,13,20,16,1,5,19],[9,13,21,17,20,16,1,5,14],[17,9,13,16,20,5,21,1,14],[21,17,9,13,16,20,5,1,19],[9,17,13,20,16,1,21,5,18,14,19,15],[5,21,17,9,13,20,16,1,14],[17,21,9,13,20,16,5,1,14],[9,13,17,20,16,1,21,5,15,18,19,14],[21,1,17,9,13,20,16,5,18,14,15,19],[5,1,17,13,16,20,21,9,19],[1,9,21,5,13,17,20,16,19],[21,13,17,20,16,5,9,1,19],[1,5,17,9,21,13,16,20,14],[5,21,1,9,17,13,20,16,14],[1,21,9,17,13,20,16,5,15,19],[5,13,9,17,16,20,21,1,18,14,19,15],[9,21,1,5,13,17,16,20,14],[5,9,1,13,21,17,16,20,19],[21,5,17,1,9,13,20,16,15,18,19,14],[13,9,5,21,1,17,20,16,19],[9,5,13,1,21,17,16,20,14],[9,5,17,21,1,13,16,20,14],[17,9,13,16,20,5,1,21,19],[13,21,5,1,17,16,20,9,14],[13,21,17,16,20,1,9,5,14],[1,9,17,21,13,16,20,5,18,15,19,14],[5,21,17,9,1,13,16,20,18,15,19,14],[21,13,17,16,20,5,9,1,14],[21,5,1,13,9,17,20,16,15,18,14,19],[21,1,5,9,17,13,20,16,15,18,19,14],[5,9,21,1,17,13,20,16,15,18,14,19],[21,9,1,13,5,17,20,16,14],[5,17,1,21,9,13,16,20,15,18,19,14],[9,17,5,21,13,16,20,1,15,18,14,19],[13,1,17,20,16,5,9,21,19],[21,13,9,5,1,17,16,20,14],[13,9,5,21,1,17,20,16,14],[21,9,17,13,20,16,1,5,15,18,14,19],[13,21,17,20,16,9,1,5,14],[5,9,13,1,21,17,20,16,19],[9,13,5,1,17,16,20,21,18,14,15,19],[17,21,5,1,9,13,16,20,18,14,19,15],[17,13,20,16,9,21,5,1,15,18,19,14],[5,1,21,17,9,13,16,20,19],[21,13,5,9,17,16,20,1,15,19],[1,13,21,9,17,16,20,5,18,15,19,14],[5,21,17,1,13,16,20,9,14],[17,5,1,13,16,20,9,21,19],[5,9,21,17,1,13,16,20,14],[1,5,17,9,13,20,16,21,14],[1,13,21,9,5,17,20,16,15,19],[5,13,21,1,17,20,16,9,19],[21,5,17,1,13,20,16,9,18,14,15,19],[21,17,5,13,20,16,1,9,18,15,19,14],[5,1,13,21,9,17,20,16,14],[5,9,1,13,17,16,20,21,18,14,15,19],[9,21,13,5,17,16,20,1,18,14,19,15],[5,9,13,17,20,16,1,21,19],[9,1,13,21,17,16,20,5,14],[17,13,20,16,21,9,5,1,19],[9,13,5,17,20,16,1,21,14],[1,5,17,21,9,13,20,16,18,14,19,15],[17,9,21,1,13,20,16,5,18,14,19,15],[13,5,17,16,20,9,1,21,15,19],[13,17,16,20,1,9,5,21,14],[21,17,5,13,16,20,1,9,18,15,19,14],[21,17,9,5,13,16,20,1,18,15,14,19],[17,9,1,21,5,13,16,20,14],[17,5,13,20,16,9,21,1,18,14,19,15],[9,21,1,17,5,13,20,16,19],[17,5,21,1,9,13,16,20,15,19],[13,21,9,1,17,16,20,5,15,19],[17,5,9,1,13,16,20,21,19],[9,21,13,1,5,17,16,20,19],[13,1,21,9,5,17,16,20,15,19],[21,13,17,20,16,5,1,9,15,19],[1,9,13,17,20,16,21,5,18,15,19,14],[1,21,17,9,5,13,16,20,14],[1,9,5,17,13,16,20,21,14],[5,9,21,13,17,16,20,1,15,18,19,14],[5,9,17,1,13,16,20,21,18,14,15,19],[13,5,1,9,17,16,20,21,19],[17,1,9,5,13,20,16,21,18,14,19,15],[9,17,1,21,5,13,20,16,19],[17,13,20,16,1,5,21,9,18,15,14,19],[5,1,17,21,9,13,20,16,19],[1,5,9,13,17,20,16,21,19],[13,9,21,17,20,16,5,1,15,18,19,14],[17,21,5,13,16,20,9,1,14],[5,9,1,17,13,20,16,21,14],[17,21,1,5,9,13,16,20,14],[13,5,17,16,20,21,9,1,14],[17,1,13,20,16,9,21,5,18,14,15,19],[1,21,13,17,20,16,9,5,15,19],[9,13,17,16,20,5,1,21,19],[17,5,13,16,20,1,9,21,14],[5,13,1,21,9,17,16,20,14],[13,9,21,17,20,16,1,5,14],[13,17,16,20,21,1,5,9,19],[1,17,9,21,13,20,16,5,19],[9,1,13,5,21,17,16,20,15,18,19,14],[5,9,13,21,1,17,16,20,15,18,14,19],[21,9,17,1,5,13,20,16,18,14,19,15],[9,21,1,5,17,13,16,20,14],[13,21,5,17,16,20,9,1,14],[17,21,9,13,16,20,5,1,15,18,19,14],[1,5,9,17,13,16,20,21,15,19],[13,21,17,20,16,1,9,5,14],[5,9,21,13,17,16,20,1,19],[17,13,16,20,21,5,1,9,19],[9,1,13,17,16,20,21,5,14],[21,5,13,1,9,17,16,20,14],[21,13,9,1,5,17,20,16,14],[17,13,20,16,5,1,21,9,19],[21,1,13,9,17,20,16,5,19],[13,5,17,20,16,1,9,21,19],[5,1,13,9,21,17,20,16,14],[13,21,5,1,17,20,16,9,18,14,15,19],[13,1,17,16,20,21,9,5,14],[1,21,9,13,5,17,16,20,14],[5,17,9,13,20,16,1,21,19],[17,5,9,13,16,20,1,21,14],[21,5,9,1,17,13,16,20,14],[21,9,17,1,5,13,16,20,18,14,19,15],[5,17,1,9,13,16,20,21,15,19],[17,21,5,13,20,16,9,1,18,15,19,14],[17,9,5,13,16,20,1,21,15,18,19,14],[9,21,13,17,16,20,5,1,14],[1,17,13,20,16,21,5,9,14],[1,5,21,17,13,16,20,9,15,19],[5,9,21,17,13,20,16,1,14],[13,21,1,9,5,17,16,20,19],[5,1,17,21,9,13,16,20,14],[13,1,21,17,20,16,5,9,19],[5,9,21,13,1,17,16,20,14],[21,1,9,5,13,17,16,20,18,14,19,15],[17,1,9,5,21,13,16,20,18,15,19,14],[21,13,1,17,16,20,5,9,19],[13,5,1,21,17,16,20,9,18,14,15,19],[21,13,1,9,5,17,16,20,14],[9,1,17,13,16,20,5,21,15,19],[13,17,20,16,9,1,21,5,15,19],[21,17,9,1,13,20,16,5,15,19],[17,13,20,16,1,21,5,9,15,18,14,19],[9,17,5,1,21,13,16,20,14],[17,21,13,20,16,1,5,9,18,14,15,19],[9,13,5,1,21,17,16,20,18,15,14,19],[21,13,5,1,17,20,16,9,18,14,19,15],[21,5,1,9,13,17,20,16,14],[17,1,9,13,16,20,21,5,14],[13,21,1,17,20,16,5,9,14],[9,13,5,17,16,20,1,21,15,19],[17,5,21,13,16,20,9,1,19],[9,17,1,13,16,20,21,5,14],[9,17,13,20,16,5,1,21,14],[17,5,1,13,20,16,21,9,18,14,19,15],[5,1,17,9,21,13,20,16,15,18,14,19],[13,5,1,21,9,17,20,16,19],[9,21,17,1,13,20,16,5,14],[5,9,1,13,21,17,20,16,15,18,14,19],[17,1,21,9,5,13,16,20,18,15,19,14],[13,5,9,17,16,20,1,21,19],[17,1,21,13,20,16,9,5,18,15,14,19],[9,5,13,1,17,16,20,21,14],[17,1,13,16,20,21,5,9,18,14,19,15],[21,9,5,1,17,13,20,16,14],[9,17,21,13,20,16,1,5,15,19],[17,1,21,9,13,20,16,5,18,15,14,19],[5,13,1,9,17,16,20,21,14],[9,13,17,20,16,1,21,5,15,18,19,14],[1,17,21,5,9,13,20,16,18,15,19,14],[21,5,17,1,9,13,16,20,18,14,19,15],[21,5,13,1,17,16,20,9,19],[1,13,21,17,16,20,9,5,14],[1,21,13,5,17,16,20,9,18,14,15,19],[9,5,13,1,21,17,20,16,15,18,19,14],[17,1,21,5,9,13,20,16,19],[5,13,21,9,1,17,20,16,19],[21,9,1,17,13,20,16,5,18,15,19,14],[1,21,9,17,13,16,20,5,19],[1,17,13,16,20,21,5,9,14],[21,9,17,1,5,13,16,20,14],[5,21,1,17,9,13,20,16,19],[13,17,16,20,21,1,9,5,18,15,14,19],[5,13,21,17,16,20,9,1,18,15,14,19],[21,5,9,1,13,17,16,20,18,14,19,15],[21,17,9,5,1,13,16,20,18,15,14,19],[1,21,17,13,20,16,9,5,19],[13,1,5,17,16,20,21,9,15,19],[17,5,21,13,20,16,9,1,14],[21,9,13,17,16,20,1,5,14],[5,1,9,13,17,20,16,21,18,14,15,19],[5,1,21,13,17,16,20,9,14],[21,17,5,13,16,20,1,9,15,18,19,14],[9,13,21,5,17,20,16,1,15,18,19,14],[13,9,1,17,20,16,5,21,15,18,19,14],[1,21,5,13,17,16,20,9,14],[21,9,5,1,13,17,20,16,14],[1,21,13,9,17,16,20,5,14],[21,13,9,1,17,16,20,5,14],[17,5,9,21,13,20,16,1,19],[1,9,5,17,13,20,16,21,18,15,14,19],[17,13,16,20,9,5,21,1,18,14,15,19],[21,5,9,1,13,17,20,16,14],[1,9,21,13,5,17,16,20,15,19],[9,21,13,17,16,20,1,5,18,14,19,15],[5,1,17,13,20,16,9,21,19],[1,13,17,20,16,9,21,5,15,18,14,19],[1,13,21,9,17,16,20,5,15,19],[1,17,9,21,13,16,20,5,19],[13,5,21,1,17,16,20,9,19],[1,9,13,21,17,16,20,5,15,19],[17,5,13,20,16,21,1,9,14],[1,13,5,21,17,16,20,9,19],[1,9,17,13,16,20,21,5,18,15,14,19],[9,17,1,5,13,16,20,21,15,19],[5,13,21,9,1,17,16,20,19],[9,1,17,21,5,13,20,16,15,18,14,19],[13,1,21,9,5,17,16,20,19],[5,9,13,17,20,16,1,21,14],[13,21,9,1,17,16,20,5,14],[13,21,1,9,5,17,20,16,14],[21,9,17,13,20,16,5,1,19],[17,13,20,16,21,1,9,5,14],[13,1,17,16,20,21,9,5,18,14,19,15],[17,5,21,1,9,13,16,20,15,18,19,14],[9,5,13,17,20,16,1,21,18,14,19,15],[9,5,21,1,17,13,16,20,15,18,14,19],[17,9,5,1,21,13,20,16,14],[21,17,1,5,13,20,16,9,14],[9,13,17,16,20,5,1,21,19],[17,21,1,9,13,16,20,5,15,19],[13,21,1,17,16,20,5,9,14],[13,21,1,17,16,20,9,5,14],[9,5,17,13,20,16,1,21,19],[17,21,13,16,20,5,1,9,18,15],[17,21,5,1,9,13,20,16,18,14,15,19],[21,17,5,9,1,13,16,20,18,15,14,19],[1,17,13,20,16,21,9,5,18,15,19,14],[21,17,5,1,9,13,16,20,14],[9,17,13,20,16,21,1,5,18,15,19,14],[1,9,21,13,17,16,20,5,14],[9,5,1,17,13,20,16,21,15,18,14,19],[17,5,1,9,21,13,16,20,15,19],[21,17,9,5,1,13,16,20,19],[9,21,5,13,17,20,16,1,19],[5,17,13,20,16,9,21,1,18,15,14,19],[17,9,1,13,20,16,21,5,14],[21,5,13,17,16,20,1,9,15,19],[17,21,1,9,13,16,20,5,15,18,14,19],[5,1,17,21,13,20,16,9,15,18,14,19],[21,17,13,16,20,5,9,1,19],[21,17,13,20,16,9,5,1,19],[21,5,17,13,16,20,1,9,18,15,19,14],[17,9,5,13,16,20,21,1,18,15,19,14],[5,21,13,17,16,20,1,9,14],[1,13,9,17,16,20,5,21,18,15,14,19],[13,17,20,16,21,1,9,5,14],[21,9,13,5,1,17,16,20,18,14,15,19],[17,5,1,13,20,16,9,21,18,15,14,19],[1,17,9,13,20,16,5,21,15,19],[17,5,9,21,1,13,16,20,18,15,14,19],[9,17,21,1,13,16,20,5,15,19],[17,1,9,5,21,13,20,16,15,18,19,14],[13,9,1,21,5,17,20,16,14],[5,1,13,17,16,20,21,9,19],[21,17,5,1,9,13,20,16,15,18,19,14],[9,13,17,16,20,5,21,1,19],[13,21,9,1,17,16,20,5,14],[5,13,21,17,16,20,9,1,19],[9,1,21,17,5,13,16,20,14],[5,9,1,13,21,17,20,16,14],[5,9,17,21,13,16,20,1,14],[17,5,21,13,20,16,1,9,15,19],[17,5,21,1,13,20,16,9,18,15,19,14],[17,21,1,5,13,16,20,9,15,18,14,19],[9,13,5,17,16,20,1,21,18,15,19,14],[13,17,16,20,1,21,5,9,19],[1,17,9,21,13,16,20,5,19],[17,21,1,13,20,16,5,9,19],[9,21,13,5,1,17,16,20,18,14,15,19],[5,21,17,1,13,20,16,9,18,14,19,15],[21,17,9,1,13,20,16,5,14],[5,13,17,20,16,9,21,1,14],[21,1,9,13,17,20,16,5,15,19],[21,13,5,17,16,20,9,1,14],[21,9,1,5,17,13,16,20,19],[13,9,1,21,17,20,16,5,15,18,19,14],[5,17,13,20,16,1,21,9,19],[5,21,1,17,9,13,20,16,14],[1,17,13,16,20,21,5,9,15,18,19,14],[17,9,1,21,5,13,20,16,19],[21,17,13,20,16,9,5,1,19],[21,9,17,13,16,20,1,5,19],[13,1,21,17,20,16,9,5,19],[13,9,1,21,17,16,20,5,15,19],[21,9,5,17,13,16,20,1,18,14,15,19],[5,1,9,21,17,13,20,16,14],[17,9,21,13,20,16,5,1,19],[9,1,17,21,13,20,16,5,18,14,15,19],[5,17,1,9,21,13,16,20,19],[9,5,1,17,13,16,20,21,14],[1,17,5,9,13,16,20,21,14],[5,21,17,13,16,20,9,1,15,18,19,14],[1,13,21,5,9,17,16,20,19],[5,17,21,1,13,20,16,9,14],[9,21,13,17,16,20,5,1,14],[17,1,13,16,20,21,5,9,14],[17,1,9,21,13,16,20,5,18,14,19,15],[17,1,21,9,5,13,20,16,15,18,19,14],[17,5,9,13,16,20,1,21,14],[9,21,5,1,17,13,16,20,14],[1,5,13,21,9,17,20,16,18,15,14,19],[21,5,1,17,9,13,16,20,15,18,14,19],[17,13,20,16,9,1,21,5,14],[9,5,13,1,21,17,16,20,14],[5,1,9,13,17,16,20,21,18,14,15,19],[5,1,9,21,17,13,20,16,15,19],[17,21,5,13,16,20,1,9,18,14,15,19],[21,17,1,13,16,20,5,9,15,18,19,14],[5,13,1,9,17,20,16,21,15,18,14,19],[5,13,17,16,20,9,1,21,18,14,15,19]],"n_human":5}