{"problem_id":"lIbaNiqegro6KIA","sigma":150,"alpha":0.316,"cost":0,"probabilities":"[0.04, 0.29, 0.65, 0.02]","payoff_matrix":"[[280, 162, 98, 370, 162, -154], [105, 27, -336, 14, -6, 102], [-238, 123, -367, 127, -62, 13], [98, -107, -88, -187, 46, -181]]","uncovered":[[15,23,11,7,6,14,19,3,13],[3,15,7,6,14,23,11,19,5],[7,3,15,6,14,11,23,19,5],[7,11,3,23,15,6,14,19,13],[15,7,6,14,23,3,11,19,5],[23,3,7,11,19,15,6,14,5],[7,11,3,15,6,14,23,19,13],[23,7,15,14,6,19,3,11,5],[15,23,11,19,3,7,6,14,13],[7,23,11,19,15,6,14,3,13],[11,19,7,3,15,14,6,23,5],[19,15,23,11,3,7,6,14],[15,19,3,7,14,6,11,23,5],[7,11,19,3,15,14,6,23,5],[11,19,15,7,6,14,23,3,5],[23,7,3,15,14,6,19,11,5],[15,7,6,14,23,11,3,19,5],[19,23,15,11,3,7,14,6,5],[19,7,15,6,14,23,3,11,13],[15,19,7,14,6,3,11,23,5],[15,23,7,14,6,11,19,3,5],[7,3,11,15,14,6,19,23,5],[3,19,15,7,6,14,11,23,5],[15,3,11,7,14,6,19,23,5],[23,19,3,7,15,6,14,11,5],[7,19,11,3,15,6,14,23,13],[11,23,15,19,7,6,14,3,13],[19,7,11,23,3,15,14,6,13],[11,23,3,7,15,6,14,19,5],[15,3,11,19,23,7,6,14,5],[15,19,3,11,23,7,6,14,5],[15,3,19,7,6,14,11,23,5],[23,3,15,7,14,6,11,19,13],[11,23,7,3,15,6,14,19,13],[11,7,23,15,14,6,3,19,5],[23,7,3,11,19,15,14,6,13],[7,11,23,19,15,6,14,3],[7,15,14,6,11,19,3,23,13],[15,11,3,23,19,7,14,6],[7,23,3,19,11,15,14,6,13],[19,3,7,11,15,6,14,23],[3,11,23,15,7,6,14,19,5],[3,23,15,7,6,14,11,19,5],[7,11,15,6,14,3,23,19,5],[15,7,14,6,3,11,23,19,13],[15,23,11,3,7,14,6,19,5],[23,7,15,14,6,11,19,3],[15,23,11,19,7,6,14,3,13],[19,3,7,23,11,15,14,6,5],[11,7,3,19,23,15,6,14,5],[19,11,3,23,15,7,14,6,13],[15,3,11,19,23,7,6,14,5],[11,3,15,23,7,6,14,19,13],[19,7,11,3,23,15,14,6,13],[19,3,11,15,23,7,6,14,5],[23,7,11,19,3,15,14,6,5],[19,3,7,11,23,15,6,14,13],[3,23,19,15,7,14,6,11,13],[19,3,23,11,7,15,6,14,13],[15,3,7,6,14,19,23,11,13],[11,15,3,19,23,7,14,6,5],[15,7,6,14,19,3,11,23,13],[7,19,23,15,6,14,3,11,5],[7,23,19,15,6,14,3,11,5],[3,7,11,23,15,14,6,19,5],[23,11,19,3,15,7,6,14,5],[3,23,15,11,19,7,6,14,5],[7,3,23,15,14,6,11,19,13],[15,7,6,14,23,11,19,3,13],[19,7,15,6,14,3,11,23],[3,19,11,7,15,14,6,23,13],[3,23,19,15,11,7,14,6,5],[11,19,3,7,23,15,6,14,13],[23,11,19,3,7,15,6,14,13],[3,23,19,7,11,15,14,6,13],[7,3,11,23,15,14,6,19,5],[3,15,23,11,19,7,6,14,13],[11,7,19,3,23,15,14,6,5],[15,23,19,3,7,14,6,11,13],[7,15,14,6,3,19,23,11,5],[19,15,11,3,7,14,6,23,5],[3,19,11,15,23,7,6,14,5],[19,11,3,23,15,7,14,6,5],[19,15,3,11,23,7,6,14,13],[15,11,3,19,7,14,6,23,5],[11,3,19,7,23,15,6,14,5],[15,23,7,6,14,3,19,11,5],[3,7,19,11,15,14,6,23,13],[7,11,19,15,14,6,23,3],[19,11,3,23,7,15,14,6,5],[7,3,19,11,15,14,6,23,13],[23,7,11,15,6,14,3,19,13],[3,19,11,15,7,14,6,23,5],[7,23,19,11,3,15,6,14],[7,3,19,15,14,6,23,11,5],[23,11,19,7,3,15,6,14,5],[15,19,7,14,6,11,3,23,13],[7,15,6,14,23,19,3,11,13],[3,11,19,23,15,7,6,14,13],[19,15,23,7,6,14,11,3,13],[7,23,19,3,15,6,14,11,13],[19,15,23,3,11,7,14,6,13],[19,11,23,7,15,6,14,3,5],[15,19,3,23,11,7,14,6,13],[3,11,15,19,7,6,14,23,5],[19,15,7,14,6,23,11,3,5],[11,23,19,15,3,7,14,6,5],[7,19,15,14,6,3,11,23,5],[23,15,7,14,6,3,11,19,13],[7,19,3,15,6,14,23,11,13],[19,15,23,11,7,14,6,3,5],[11,15,19,7,14,6,23,3,5],[7,15,14,6,19,23,11,3,13],[19,11,15,7,14,6,23,3,13],[23,3,15,7,14,6,11,19],[19,7,23,3,11,15,14,6,13],[23,7,15,6,14,19,11,3,5],[23,19,11,3,7,15,6,14,5],[7,3,11,15,14,6,23,19,5],[15,11,3,7,6,14,23,19,5],[19,11,23,3,15,7,14,6,5],[19,3,11,23,7,15,14,6,5],[3,11,7,23,19,15,6,14,5],[23,15,19,3,7,14,6,11,5],[11,19,23,7,3,15,6,14,13],[11,15,19,23,7,14,6,3,13],[23,11,15,3,19,7,6,14,13],[7,11,3,19,15,6,14,23,5],[7,15,14,6,19,11,3,23,13],[11,19,23,15,7,6,14,3,13],[15,3,11,23,7,14,6,19,5],[3,11,7,15,6,14,19,23,13],[11,19,3,7,23,15,14,6,13],[11,23,15,3,7,14,6,19,5],[23,15,19,11,3,7,6,14,5],[23,7,15,14,6,3,19,11,13],[7,23,3,15,6,14,11,19,5],[7,3,15,6,14,11,23,19,5],[3,19,15,11,7,14,6,23,5],[23,3,7,15,6,14,11,19,13],[7,23,15,14,6,3,19,11,5],[19,15,11,3,23,7,14,6,13],[15,19,23,7,6,14,11,3,13],[15,11,3,19,7,6,14,23,5],[19,23,15,3,7,6,14,11,5],[3,7,23,15,6,14,11,19,5],[3,15,19,7,6,14,11,23,5],[19,11,23,15,7,6,14,3,13],[15,11,23,7,14,6,19,3,13],[7,3,11,19,15,6,14,23,5],[11,7,23,19,3,15,14,6,5],[7,23,11,19,3,15,14,6,13],[19,7,3,15,6,14,23,11,13],[11,7,3,19,23,15,14,6,5],[11,15,19,7,14,6,23,3,13],[19,23,11,7,15,6,14,3,5],[15,7,14,6,3,19,11,23,5],[15,23,19,11,3,7,6,14,5],[15,19,3,7,6,14,11,23,13],[15,3,7,6,14,23,19,11,13],[23,19,7,15,6,14,11,3,5],[3,23,15,19,11,7,6,14,13],[7,3,19,15,14,6,11,23,5],[7,15,6,14,23,3,11,19,13],[7,15,14,6,11,19,3,23,13],[11,7,19,23,15,14,6,3,13],[19,11,23,15,3,7,6,14,13],[7,11,19,3,23,15,14,6,13],[19,3,15,11,23,7,14,6,13],[7,3,15,14,6,19,23,11,13],[11,3,7,23,15,14,6,19,13],[7,15,14,6,11,19,3,23,13],[23,3,7,15,14,6,11,19,5],[15,11,23,19,7,6,14,3,13],[3,7,15,6,14,19,11,23,5],[19,23,15,11,7,6,14,3,5],[11,19,7,15,14,6,3,23,13],[11,19,7,3,23,15,6,14,13],[7,3,23,11,19,15,14,6,5],[19,15,23,3,7,14,6,11,5],[23,15,19,3,11,7,14,6,13],[3,7,15,6,14,11,19,23,5],[23,19,15,3,7,6,14,11,5],[11,7,23,3,19,15,14,6,5],[11,7,19,23,15,14,6,3,13],[19,3,15,23,11,7,6,14],[7,23,3,11,15,14,6,19,5],[15,11,3,19,7,14,6,23,13],[23,15,3,19,11,7,14,6,5],[15,7,6,14,3,19,23,11,13],[23,7,3,19,15,6,14,11,5],[15,3,23,7,14,6,11,19,5],[3,15,23,7,14,6,11,19,5],[11,23,3,15,7,6,14,19,13],[19,7,15,6,14,23,11,3,13],[15,19,11,7,6,14,23,3,13],[3,11,19,23,15,7,6,14,5],[15,7,6,14,23,19,11,3],[3,11,15,23,7,14,6,19,5],[7,19,3,15,6,14,23,11,13],[19,23,11,3,7,15,6,14,13],[19,7,15,14,6,11,23,3,5],[7,11,23,3,19,15,6,14],[3,11,19,23,7,15,6,14,5],[3,11,23,15,19,7,6,14,5],[11,23,7,19,15,14,6,3,5],[15,3,23,7,6,14,11,19,5],[11,19,3,7,15,6,14,23,5],[7,3,11,19,15,14,6,23,13],[19,3,23,11,15,7,14,6,13],[19,15,11,3,23,7,14,6,5],[15,19,23,7,14,6,11,3,13],[7,11,15,14,6,3,19,23,13],[19,23,3,7,11,15,14,6,5],[3,11,7,19,23,15,6,14,13],[19,11,7,15,14,6,3,23,5],[7,3,19,15,14,6,11,23,5],[23,3,15,7,6,14,11,19,13],[3,11,15,19,7,6,14,23,13],[23,7,15,6,14,3,19,11,5],[7,23,19,11,3,15,14,6,5],[19,23,11,15,3,7,14,6,5],[11,15,7,14,6,3,19,23,5],[7,3,15,6,14,23,19,11,5],[15,7,14,6,11,23,3,19,5],[11,7,15,6,14,23,3,19,5],[3,15,7,14,6,19,11,23,5],[23,19,7,3,15,14,6,11,5],[15,19,3,7,14,6,11,23,13],[19,3,23,15,7,14,6,11,13],[19,3,7,11,23,15,6,14,5],[7,23,3,11,19,15,6,14,13],[3,23,15,7,6,14,11,19,5],[11,15,7,6,14,23,19,3,5],[23,7,3,19,11,15,6,14,13],[23,15,7,6,14,19,11,3,13],[15,3,23,11,19,7,14,6,13],[15,11,19,7,14,6,3,23,5],[3,15,19,7,14,6,23,11,5],[23,19,3,15,11,7,14,6,5],[19,11,23,7,3,15,6,14,5],[3,19,15,11,23,7,6,14,13],[3,19,11,15,23,7,14,6],[11,3,19,7,23,15,14,6,5],[11,15,23,7,6,14,19,3,5],[23,11,19,15,7,6,14,3,5],[7,23,11,3,19,15,14,6,5],[3,19,11,15,23,7,14,6,5],[15,19,23,11,7,14,6,3,13],[23,11,15,3,19,7,6,14,5],[11,15,23,3,7,6,14,19,5],[3,23,19,7,11,15,14,6,13],[15,23,19,11,3,7,14,6,13],[11,3,23,19,15,7,6,14,13],[3,7,19,11,23,15,6,14,5],[11,7,3,23,19,15,14,6,13],[19,3,15,11,23,7,14,6,13],[15,7,14,6,23,11,19,3,13],[15,3,19,11,7,14,6,23,13],[11,7,15,14,6,3,19,23,13],[19,15,23,7,6,14,3,11,5],[11,23,15,19,7,6,14,3,13],[3,11,15,23,7,14,6,19,13],[15,7,14,6,11,23,19,3,5],[3,19,11,15,23,7,14,6,13],[19,7,23,11,3,15,6,14,5],[11,23,7,15,6,14,19,3,5],[3,23,11,15,19,7,14,6,13],[15,3,23,7,14,6,11,19],[11,7,19,3,23,15,14,6,5],[7,11,19,15,6,14,3,23,13],[3,15,11,23,19,7,6,14],[23,3,15,7,14,6,19,11,13],[15,11,7,14,6,19,3,23,13],[15,11,23,3,7,14,6,19,5],[11,23,15,7,6,14,3,19,5],[23,3,19,11,7,15,14,6,5],[19,11,3,23,7,15,6,14,13],[7,23,11,15,14,6,19,3,5],[15,23,11,19,3,7,6,14,5],[11,15,23,19,3,7,6,14,13],[15,11,19,23,7,6,14,3,13],[23,3,15,11,19,7,14,6,5],[23,7,11,15,6,14,3,19,5],[15,7,6,14,3,19,23,11,5],[15,19,3,11,7,14,6,23,5],[19,15,3,11,7,6,14,23,5],[11,3,15,19,23,7,14,6,13],[3,15,23,11,7,14,6,19,13],[7,19,11,23,3,15,14,6],[15,11,23,7,14,6,19,3,5],[11,3,19,7,23,15,14,6,5],[23,15,3,11,19,7,6,14,13],[15,11,3,7,6,14,23,19,13],[7,23,19,15,14,6,11,3,13],[3,7,11,19,15,14,6,23,13],[15,19,11,23,7,14,6,3,5],[11,7,3,19,23,15,14,6,5],[3,11,15,19,7,6,14,23,13],[3,15,19,7,6,14,23,11,5],[19,23,15,11,7,14,6,3,13],[11,23,3,19,7,15,6,14,13],[7,15,6,14,11,3,23,19,13],[7,3,23,11,19,15,6,14,13],[15,11,23,7,14,6,3,19,13],[23,7,19,15,14,6,3,11,5],[7,19,11,15,14,6,23,3,13],[7,11,15,14,6,19,3,23,5],[15,19,11,7,6,14,3,23,13],[23,7,11,15,14,6,3,19,5],[19,11,3,15,7,6,14,23,13],[11,19,15,3,23,7,14,6,5],[23,3,15,19,7,6,14,11,5],[23,3,19,15,7,14,6,11,5],[15,11,23,3,7,14,6,19,13],[19,3,23,11,7,15,6,14,5],[3,23,15,7,14,6,11,19,5],[7,3,11,19,15,14,6,23,5],[3,7,11,19,15,6,14,23,5],[15,7,14,6,23,3,19,11,5],[23,3,7,15,14,6,11,19,5],[7,11,19,3,15,14,6,23,5],[11,23,19,7,15,14,6,3,5],[23,15,7,6,14,19,11,3,13],[15,23,3,7,6,14,11,19,5],[7,23,3,11,15,14,6,19,5],[7,19,23,15,6,14,3,11,13],[7,19,23,11,3,15,14,6,5],[19,15,3,23,11,7,14,6,5],[23,15,11,19,7,6,14,3,13],[3,11,7,15,14,6,23,19,13],[23,3,15,11,7,6,14,19,5],[11,23,7,15,14,6,19,3,5],[3,11,19,7,15,6,14,23,5],[7,19,11,15,6,14,23,3,13],[15,23,7,6,14,3,19,11,13],[11,15,7,14,6,3,23,19,13],[11,19,7,3,15,6,14,23,5],[3,19,7,15,6,14,23,11,5],[23,19,3,11,15,7,6,14,13],[11,7,3,19,23,15,14,6,5],[15,7,14,6,19,11,23,3,13],[7,11,23,19,15,6,14,3,5],[15,23,19,3,7,14,6,11,13],[15,19,7,14,6,23,3,11,13],[7,3,15,6,14,19,11,23],[15,3,11,23,19,7,6,14,13],[7,23,19,11,15,14,6,3,13],[19,23,7,11,3,15,14,6,13],[15,23,19,11,3,7,6,14,5],[7,11,19,23,15,14,6,3,5],[7,11,15,6,14,23,19,3,13],[3,19,11,23,7,15,6,14,5],[19,23,3,11,15,7,6,14,13],[7,19,11,3,15,14,6,23,13],[7,19,23,11,3,15,14,6,5],[15,19,23,11,7,14,6,3,13],[23,11,3,19,15,7,6,14,5],[23,7,11,19,15,14,6,3,5],[3,23,7,15,6,14,19,11,13],[15,11,19,7,14,6,23,3,13],[11,15,23,7,6,14,3,19,5],[15,11,3,19,7,6,14,23,13],[7,3,23,15,14,6,19,11,13],[3,15,11,19,7,6,14,23,13],[15,19,3,23,11,7,6,14],[3,7,11,15,6,14,23,19,13],[3,23,15,11,7,6,14,19,13],[11,15,23,19,3,7,14,6,13],[11,3,15,7,14,6,19,23,13],[3,11,7,19,15,14,6,23,5],[3,19,15,23,11,7,14,6,5],[23,11,7,3,15,6,14,19,5],[19,3,7,15,14,6,11,23,13],[3,15,23,11,19,7,6,14,13],[23,11,19,3,15,7,14,6,13],[23,19,3,15,11,7,6,14,13],[23,19,11,7,15,14,6,3,13],[23,7,11,15,14,6,19,3,5],[11,15,19,23,3,7,6,14,13],[7,15,14,6,11,23,19,3,5],[15,23,7,6,14,11,3,19,5],[7,23,11,3,19,15,6,14,13],[7,3,11,15,6,14,19,23,5],[19,7,23,3,15,6,14,11,13],[3,19,23,15,7,6,14,11,5],[11,7,15,6,14,19,3,23,5],[15,3,19,23,7,6,14,11,5],[15,3,11,19,7,14,6,23,13],[7,15,6,14,19,3,11,23,13],[23,11,15,19,7,14,6,3,13],[19,3,7,23,15,6,14,11,5],[19,7,23,15,14,6,3,11,13],[19,15,7,14,6,11,23,3,5],[19,3,11,15,23,7,14,6,13],[23,7,11,3,15,6,14,19,13],[11,19,23,15,7,6,14,3,5],[15,11,23,3,19,7,14,6,5],[23,15,7,6,14,3,19,11],[11,15,3,23,7,6,14,19,13],[7,15,6,14,19,23,11,3,13],[19,15,7,6,14,11,23,3,13],[15,19,3,11,7,14,6,23,13],[3,19,15,23,7,14,6,11,5],[19,23,11,15,3,7,6,14,13],[7,11,15,6,14,3,23,19,13],[3,7,11,15,14,6,19,23,5],[19,11,23,3,15,7,6,14,5],[19,7,23,15,6,14,3,11,5],[15,11,23,7,6,14,19,3,13],[23,3,19,15,11,7,6,14,5],[15,19,11,23,3,7,6,14,13],[23,15,3,11,19,7,6,14,5],[11,15,3,19,23,7,6,14,5],[11,7,23,19,15,6,14,3],[11,7,23,19,3,15,6,14,5],[7,11,19,15,6,14,23,3,13],[19,23,3,11,15,7,14,6,5],[3,11,15,23,19,7,14,6,13],[15,3,7,6,14,19,11,23,13],[15,3,19,7,6,14,11,23,5],[19,23,7,11,15,6,14,3,5],[15,23,3,7,14,6,11,19,13],[23,15,3,19,11,7,6,14,5],[11,7,23,19,15,6,14,3,5],[19,11,3,15,23,7,14,6,5],[11,15,19,7,14,6,3,23,13],[19,11,3,23,15,7,14,6,13],[15,19,3,7,14,6,11,23,13],[15,7,6,14,19,11,3,23,5],[3,19,7,15,14,6,23,11,13],[11,23,15,3,7,14,6,19,13],[23,7,3,11,19,15,6,14,5],[19,15,7,14,6,11,23,3,5],[23,3,7,19,11,15,14,6,5],[15,11,19,23,7,6,14,3,13],[11,7,15,6,14,19,3,23,5],[19,11,7,3,15,6,14,23,5],[19,3,15,7,6,14,23,11,5],[3,7,23,11,19,15,6,14,13],[7,11,19,23,15,14,6,3,5],[7,23,15,14,6,3,19,11,5],[11,23,19,15,7,6,14,3,5],[19,3,11,15,23,7,14,6,13],[11,23,19,15,3,7,6,14,13],[3,23,11,7,19,15,14,6,5],[11,15,19,7,14,6,23,3,13],[11,3,19,15,23,7,14,6,13],[11,7,3,15,14,6,19,23,13],[19,15,3,23,7,6,14,11,5],[7,23,15,6,14,11,19,3,5],[23,7,19,11,15,14,6,3,13],[7,19,23,11,15,6,14,3,13],[7,3,15,6,14,19,23,11,13],[11,15,23,3,7,6,14,19,13],[19,3,11,23,15,7,14,6,5],[15,19,11,7,6,14,3,23,5],[11,7,23,3,19,15,14,6,13],[3,11,23,15,19,7,6,14,13],[3,19,23,11,15,7,14,6,13],[15,23,19,7,6,14,3,11,5],[15,19,11,7,14,6,23,3,5],[7,23,15,6,14,11,3,19,5],[11,19,3,7,23,15,14,6,13],[3,15,23,7,14,6,19,11,5],[15,11,19,7,14,6,3,23,13],[11,15,23,7,14,6,19,3,5],[19,11,3,7,15,6,14,23,5],[15,19,7,6,14,11,3,23,5],[11,7,19,23,3,15,6,14,5],[3,19,11,7,15,6,14,23,13],[19,11,3,15,23,7,14,6,13],[23,7,19,15,6,14,3,11,5],[3,15,19,11,23,7,14,6,13],[11,23,15,19,3,7,6,14,13],[19,15,11,23,3,7,6,14,13],[3,23,7,19,11,15,6,14,13],[23,19,7,11,3,15,14,6,13],[23,19,11,7,3,15,6,14,13],[11,23,7,3,19,15,14,6,5],[3,23,15,7,14,6,11,19,13],[19,3,11,7,23,15,6,14,13],[19,11,3,23,7,15,14,6,13],[11,7,23,15,14,6,3,19,13],[23,15,7,6,14,3,11,19,13],[15,23,3,19,7,6,14,11,5],[3,7,23,19,11,15,14,6,13],[3,7,15,6,14,11,23,19,5],[23,11,15,7,14,6,3,19,5],[19,11,7,15,6,14,3,23,5],[19,15,11,7,6,14,3,23,13],[11,3,7,19,23,15,14,6,5],[23,3,7,11,19,15,14,6,5],[19,11,15,7,6,14,3,23,5],[23,11,3,15,7,6,14,19,5],[3,7,11,15,14,6,23,19],[3,19,15,11,23,7,14,6,5],[3,19,23,7,15,6,14,11,5],[7,19,23,11,3,15,6,14,13],[3,19,23,15,7,6,14,11,13],[19,11,7,15,6,14,3,23,13],[23,7,3,19,11,15,14,6,5],[3,19,23,11,7,15,14,6,5],[19,15,11,7,6,14,3,23,5],[23,15,7,6,14,19,3,11,13],[15,7,14,6,3,23,19,11,5],[3,19,15,23,11,7,14,6,5],[3,15,19,23,11,7,14,6,13],[3,23,19,7,15,6,14,11,13],[11,3,15,23,7,6,14,19,5],[23,15,19,7,6,14,3,11,5],[19,11,23,3,15,7,6,14,13],[19,15,11,7,6,14,23,3,5],[3,23,7,15,6,14,11,19,13],[11,19,7,15,14,6,23,3,13],[19,3,15,7,6,14,23,11,13],[23,11,3,15,19,7,14,6,13],[23,19,7,15,6,14,3,11,5],[11,3,15,23,19,7,6,14,5],[19,3,11,15,7,14,6,23,5],[3,19,15,11,7,14,6,23,13],[3,23,7,15,14,6,11,19,13],[19,7,23,11,15,14,6,3,5],[23,3,11,7,19,15,6,14,13],[7,15,6,14,3,23,11,19,5],[7,15,6,14,23,19,3,11,13],[15,19,7,14,6,23,11,3,5],[7,3,11,15,14,6,19,23,5],[11,15,19,23,7,6,14,3,13],[7,19,15,14,6,3,11,23,5],[15,19,7,14,6,11,23,3,13],[23,7,15,14,6,3,19,11,13],[3,15,11,23,7,6,14,19,5],[3,15,23,19,7,6,14,11,5],[11,23,7,3,19,15,6,14,5],[23,3,11,15,7,14,6,19],[3,15,7,14,6,23,11,19,5],[15,19,3,11,7,14,6,23,13],[7,23,19,3,15,6,14,11,5],[23,3,19,7,11,15,14,6,13],[11,19,23,7,15,14,6,3,5],[15,11,19,23,7,14,6,3,5],[3,11,15,19,7,6,14,23,5],[23,19,15,7,14,6,11,3,5],[3,23,15,11,7,14,6,19,5],[3,15,19,7,6,14,23,11,13],[19,23,7,15,6,14,3,11,13],[15,7,14,6,11,23,3,19,5],[7,19,15,14,6,11,23,3,13],[15,23,11,19,3,7,14,6,13],[11,3,23,19,7,15,6,14,5],[11,3,23,19,7,15,14,6,13],[19,23,15,7,14,6,3,11,13],[3,19,23,15,11,7,14,6,13],[19,11,3,23,15,7,6,14,5],[23,3,19,11,7,15,14,6,13],[15,11,7,14,6,23,3,19,13],[11,7,3,19,23,15,14,6,5],[3,23,11,19,7,15,6,14,13],[23,3,15,11,19,7,6,14,13],[7,3,19,11,15,14,6,23,13],[19,3,7,15,14,6,11,23,13],[7,15,6,14,23,19,3,11,5],[11,23,19,15,7,14,6,3,5],[15,7,14,6,23,3,11,19,13],[3,15,19,7,6,14,11,23,5],[7,3,11,15,6,14,23,19,5],[23,7,3,11,19,15,14,6,5],[19,7,3,15,14,6,23,11,5],[3,15,7,6,14,11,23,19,13],[23,11,3,7,15,14,6,19,13],[19,3,7,23,15,14,6,11,5],[23,11,3,7,19,15,6,14,13],[15,3,7,14,6,23,19,11,5],[15,11,23,7,6,14,3,19,5],[3,11,15,19,23,7,14,6,13],[15,7,6,14,3,11,19,23,13],[3,23,15,11,7,14,6,19,13],[19,23,15,3,7,6,14,11,5],[15,11,23,3,19,7,6,14,13],[3,11,15,7,14,6,19,23,13],[15,11,7,6,14,23,19,3,13],[19,11,15,23,3,7,14,6,13],[23,11,15,3,7,14,6,19,5],[15,23,3,19,11,7,14,6,13],[23,11,19,7,3,15,6,14,13],[11,15,19,23,7,14,6,3,13],[7,11,19,15,14,6,3,23,5],[15,23,11,19,7,6,14,3,13],[19,3,15,7,6,14,23,11,5],[3,15,7,6,14,19,11,23,13],[3,23,15,19,11,7,14,6,5],[15,3,19,23,7,6,14,11,5],[19,11,7,15,6,14,23,3,5],[11,15,7,6,14,19,3,23,13],[23,11,3,15,19,7,14,6],[3,11,23,7,15,14,6,19,5],[11,7,15,14,6,19,23,3,5],[3,11,19,23,7,15,6,14,13],[3,23,7,11,19,15,14,6,13],[19,7,11,3,15,14,6,23],[23,7,11,19,3,15,14,6,5],[15,3,23,7,6,14,19,11,5],[23,11,15,7,6,14,3,19,13],[7,11,23,19,3,15,6,14,5],[3,7,15,6,14,23,19,11,5],[15,11,19,23,7,6,14,3,13],[3,7,11,23,19,15,6,14,13],[23,7,3,15,6,14,11,19,5],[7,3,23,15,6,14,11,19,13],[23,19,15,11,3,7,6,14,5],[3,15,11,7,14,6,23,19,13],[11,3,7,15,6,14,23,19,5],[19,7,23,11,15,14,6,3,13],[11,7,15,6,14,19,3,23,13],[11,15,23,3,19,7,14,6,13],[19,7,11,23,15,6,14,3,5],[3,11,23,19,7,15,14,6],[11,7,23,3,15,6,14,19,13],[11,7,15,14,6,19,23,3,13],[11,3,23,7,19,15,6,14,13],[11,3,7,23,15,14,6,19,13],[11,3,23,19,7,15,14,6,5],[23,15,3,7,6,14,11,19,13],[15,19,7,6,14,11,3,23,13],[3,7,15,14,6,23,19,11,5],[23,3,11,19,7,15,6,14,13],[7,19,3,15,6,14,11,23],[7,19,11,15,14,6,3,23,5],[3,11,7,15,6,14,23,19,13],[11,3,19,7,15,6,14,23,13],[7,15,14,6,11,23,3,19,5],[23,15,7,14,6,3,19,11,13],[19,23,11,3,7,15,14,6,13],[15,19,23,7,14,6,3,11,13],[15,7,6,14,23,3,11,19,5],[23,7,15,14,6,19,3,11,5],[15,7,14,6,19,3,23,11,13],[19,11,23,15,3,7,14,6,5],[23,19,11,3,15,7,14,6,13],[19,23,11,15,7,14,6,3,13],[11,7,15,6,14,3,19,23,13],[19,23,3,7,11,15,14,6,5],[3,11,7,15,14,6,23,19,13],[23,11,19,15,3,7,14,6,13],[7,3,19,23,11,15,6,14,13],[7,19,11,3,15,14,6,23,5],[19,3,23,7,15,6,14,11,13],[3,19,23,15,11,7,14,6,13],[15,23,11,3,19,7,6,14,13],[15,23,3,11,19,7,14,6,13],[15,11,19,23,7,6,14,3,5],[19,7,3,23,15,6,14,11,5],[23,15,3,7,14,6,11,19,13],[11,23,7,19,3,15,6,14,5],[19,11,3,7,15,6,14,23,13],[15,11,23,7,14,6,19,3,13],[11,3,19,23,7,15,6,14,5],[11,15,19,23,3,7,14,6,5],[11,19,15,7,6,14,3,23,5],[7,3,23,15,6,14,19,11,5],[7,3,23,15,6,14,11,19,5],[3,7,23,19,15,14,6,11,13],[19,23,7,15,14,6,3,11,13],[11,7,15,14,6,3,19,23],[11,3,7,19,15,14,6,23,13],[11,3,23,19,15,7,6,14,13],[3,11,7,23,19,15,14,6,5],[7,15,14,6,19,3,11,23,5],[11,15,23,7,14,6,19,3,5],[7,3,15,6,14,23,19,11,13],[3,11,19,23,7,15,6,14,13],[19,11,15,23,7,14,6,3,13],[19,7,15,14,6,11,3,23,13],[23,15,11,19,7,6,14,3,5],[23,11,15,19,3,7,14,6,5],[3,11,19,15,7,6,14,23,5],[7,11,15,14,6,23,3,19,5],[23,19,7,11,15,14,6,3,5],[3,23,15,11,7,6,14,19,5],[19,23,11,3,7,15,14,6,5],[23,15,3,7,6,14,19,11,13],[3,15,23,7,6,14,19,11,5],[19,11,15,3,7,6,14,23,13],[23,7,3,19,11,15,6,14,5],[3,23,19,7,15,6,14,11,5],[11,23,19,3,15,7,6,14,13],[23,11,7,19,3,15,14,6,5],[23,19,3,15,7,6,14,11,13],[23,19,7,15,6,14,3,11],[7,23,15,14,6,11,3,19,5],[19,7,15,6,14,3,11,23,13],[15,11,19,23,3,7,6,14,5],[19,15,3,23,7,14,6,11,13],[3,11,7,23,15,14,6,19,5],[19,23,3,11,15,7,6,14,5],[15,19,23,11,7,6,14,3,5],[11,15,3,7,14,6,23,19,5],[11,7,15,14,6,3,23,19,13],[19,23,15,11,3,7,6,14,13],[23,15,3,19,11,7,6,14,13],[11,23,19,3,15,7,6,14,5],[3,19,23,15,7,6,14,11,5],[23,3,15,19,11,7,14,6,5],[11,19,23,15,7,6,14,3,13],[11,7,3,19,15,14,6,23,5],[23,11,19,3,7,15,6,14,13],[7,3,15,14,6,19,11,23,13],[19,3,23,7,15,14,6,11,13],[15,7,14,6,19,23,11,3,13],[15,7,6,14,19,3,23,11,13],[23,7,19,15,6,14,3,11,13],[23,3,19,11,7,15,14,6,13],[19,11,7,23,3,15,14,6,5],[23,15,7,14,6,19,3,11,5],[3,7,19,23,15,14,6,11,5],[15,11,3,23,7,6,14,19,5],[3,11,23,7,19,15,6,14,13],[19,15,7,14,6,11,3,23,13],[19,23,7,11,15,6,14,3,13],[7,11,19,23,15,6,14,3,5],[19,15,23,7,6,14,3,11],[23,11,15,3,7,6,14,19,13],[15,3,19,11,7,14,6,23,5],[11,19,7,23,15,6,14,3,5],[7,19,23,11,3,15,6,14,5],[7,23,15,14,6,19,11,3,5],[11,3,15,19,23,7,14,6,13],[11,19,23,15,3,7,6,14,5],[19,3,15,7,14,6,23,11,13],[15,7,6,14,11,23,3,19,5],[23,11,7,15,6,14,19,3,5],[7,23,15,14,6,3,19,11,13],[19,15,23,7,14,6,11,3,5],[19,3,11,15,23,7,14,6,13],[7,23,11,19,3,15,6,14,5],[11,7,15,6,14,3,23,19,5],[15,7,14,6,3,19,23,11,5],[23,3,11,15,19,7,6,14,5],[11,3,15,23,7,14,6,19,5],[11,15,23,3,19,7,6,14,5],[15,11,7,6,14,23,3,19,13],[15,3,19,23,7,14,6,11,5],[23,15,11,19,7,14,6,3,5],[7,15,6,14,11,23,3,19,5],[15,3,11,19,7,6,14,23,13],[11,23,3,15,19,7,14,6,5],[3,23,7,11,19,15,6,14,13],[7,19,15,14,6,11,3,23],[15,23,19,11,3,7,14,6,5],[3,7,11,19,23,15,6,14,5],[7,11,15,6,14,3,19,23,5],[11,15,7,6,14,23,19,3,5],[3,11,23,7,15,14,6,19,13],[23,3,7,19,11,15,14,6,13],[19,7,11,23,3,15,6,14,13],[19,7,11,23,3,15,14,6,5],[7,11,15,14,6,19,23,3,5],[19,11,3,7,15,14,6,23,5],[11,15,3,19,7,14,6,23,5],[7,23,15,14,6,11,3,19,13],[7,3,19,11,15,14,6,23,13],[19,23,15,11,3,7,14,6,13],[19,3,7,11,23,15,14,6,13],[23,7,15,14,6,3,11,19,5],[7,11,15,14,6,23,19,3,5],[15,19,7,14,6,23,3,11,5],[7,19,15,6,14,23,3,11,13],[11,23,3,7,15,14,6,19,5],[23,11,7,19,3,15,14,6,13],[23,11,15,19,7,6,14,3,5],[19,3,7,11,23,15,14,6,5],[23,15,19,7,6,14,3,11,13],[7,15,6,14,19,23,3,11,5],[11,7,23,19,3,15,6,14,13],[23,7,11,15,14,6,3,19],[3,19,7,11,23,15,14,6,13],[11,15,7,6,14,3,19,23,13],[11,19,7,23,15,6,14,3,13],[15,11,3,23,19,7,6,14,13],[7,11,23,19,3,15,6,14,13],[7,23,19,11,15,14,6,3,13],[3,23,15,19,11,7,6,14,5],[11,15,19,23,7,6,14,3,5],[7,19,3,15,14,6,23,11,13],[19,3,15,7,6,14,23,11,13],[15,7,6,14,23,11,19,3,13],[15,11,23,19,3,7,14,6,13],[15,7,14,6,23,19,3,11,5],[19,7,15,6,14,3,23,11,5],[23,3,11,7,15,6,14,19,13],[11,7,19,15,14,6,3,23],[11,15,7,14,6,19,23,3,5],[3,15,19,23,11,7,6,14,13],[11,3,7,23,15,6,14,19],[19,15,3,11,23,7,14,6,5],[3,15,19,7,6,14,23,11,13],[15,7,6,14,19,11,3,23,5],[7,23,19,15,6,14,3,11,5],[3,19,15,23,7,6,14,11,13],[19,23,3,11,7,15,14,6,13],[3,19,23,7,11,15,14,6,13],[7,19,11,23,15,14,6,3,13],[19,23,15,3,7,14,6,11,5],[11,3,15,19,7,6,14,23,5],[7,11,19,23,15,6,14,3],[19,11,15,7,14,6,3,23,13],[19,11,15,3,7,14,6,23,5],[7,11,15,14,6,23,19,3,5],[11,19,15,7,14,6,3,23,13],[15,7,14,6,19,3,11,23,5],[11,15,3,7,6,14,19,23,13],[23,15,19,11,3,7,6,14,13],[19,23,11,15,3,7,14,6,5],[11,3,23,19,7,15,14,6,13],[3,23,7,15,6,14,19,11,13],[7,19,23,15,14,6,3,11,5],[3,15,11,19,23,7,14,6,13],[15,19,23,11,7,14,6,3,5],[15,11,19,23,7,14,6,3,13],[11,7,3,19,23,15,6,14,5],[15,3,19,23,11,7,6,14,13],[7,19,15,6,14,23,11,3,5],[19,3,23,11,7,15,6,14],[15,3,19,11,23,7,6,14,13],[3,15,7,14,6,23,11,19,13],[3,23,19,11,7,15,14,6,5],[11,15,3,23,19,7,6,14,5],[3,11,7,23,19,15,6,14,13],[11,15,3,23,19,7,14,6,5],[11,19,3,7,23,15,14,6,5],[23,11,19,15,7,14,6,3,5],[19,15,7,14,6,23,11,3,13],[11,7,3,15,6,14,19,23],[19,11,23,15,3,7,14,6,5],[15,19,11,23,3,7,14,6,13],[15,19,23,7,14,6,3,11,13],[15,11,23,19,3,7,14,6,5],[3,19,7,23,15,14,6,11,13],[23,19,15,3,7,14,6,11,13],[3,23,15,7,6,14,11,19,13],[11,3,23,19,7,15,6,14,13],[23,15,11,3,19,7,6,14,5],[15,11,19,3,7,14,6,23],[3,19,15,7,6,14,11,23,13],[23,15,7,6,14,19,11,3,13],[19,23,15,7,14,6,11,3,13],[11,15,23,7,6,14,19,3,13],[23,3,19,7,11,15,14,6,13],[15,19,23,3,7,14,6,11,13],[11,7,15,6,14,19,3,23,13],[23,15,19,11,3,7,14,6,5],[19,11,3,7,23,15,14,6,5],[3,23,7,19,15,14,6,11,13],[3,23,15,7,6,14,19,11,5],[3,11,7,23,19,15,14,6,13],[15,11,19,7,6,14,3,23,5],[19,15,3,23,7,14,6,11,13],[3,23,11,7,19,15,6,14,13],[3,19,7,11,23,15,14,6,5],[23,3,11,7,19,15,14,6,13],[3,11,19,7,15,6,14,23,5],[3,7,11,23,19,15,14,6,5],[23,19,3,15,7,14,6,11,5],[15,23,11,19,7,14,6,3,5],[7,3,23,19,15,14,6,11,5],[11,7,3,15,6,14,23,19,13],[7,11,23,19,15,14,6,3,13],[19,23,15,3,11,7,6,14,13],[19,11,3,15,23,7,6,14,13],[7,3,15,6,14,11,23,19],[11,7,3,15,14,6,23,19,13],[3,15,7,14,6,23,11,19,5],[19,7,11,3,23,15,6,14,13],[19,15,11,23,3,7,6,14,5],[11,7,15,14,6,19,23,3,13],[19,11,7,15,14,6,3,23,13],[3,15,11,7,6,14,23,19,5],[23,15,7,14,6,19,11,3,5],[3,7,23,11,19,15,6,14,13],[19,23,15,11,3,7,14,6,13],[23,11,15,7,14,6,3,19,5],[15,11,3,7,6,14,23,19,13],[19,15,7,6,14,11,3,23,13],[3,19,15,11,7,6,14,23],[15,11,19,3,7,14,6,23,5],[23,11,15,3,19,7,14,6,13],[7,15,14,6,19,11,3,23,13],[3,19,11,15,7,14,6,23,13],[7,19,23,11,3,15,14,6,5],[15,23,7,6,14,11,3,19,5],[11,19,23,3,15,7,14,6,13],[3,23,15,7,14,6,19,11,13],[19,7,11,3,23,15,14,6,13],[19,7,23,15,14,6,3,11,5],[19,15,7,6,14,23,11,3,13],[19,3,15,11,23,7,6,14,5],[11,19,3,15,23,7,6,14,13],[11,19,23,7,3,15,6,14,5],[7,3,11,19,23,15,14,6,5],[3,7,23,15,14,6,11,19,5],[15,23,3,7,14,6,11,19,5],[3,15,23,7,6,14,19,11,13],[15,23,3,19,7,6,14,11,5],[15,11,23,7,6,14,19,3,5],[3,23,15,11,19,7,14,6,13],[11,23,15,3,7,14,6,19,5],[3,19,23,7,15,6,14,11,13],[7,3,11,19,15,14,6,23,5],[23,19,3,7,11,15,6,14,13],[11,3,15,23,19,7,14,6,5],[15,3,23,7,6,14,11,19,5],[23,7,3,11,19,15,14,6,13],[23,15,3,19,11,7,6,14,13],[23,19,7,15,6,14,11,3,5],[19,23,11,7,3,15,6,14,5],[11,7,19,23,15,6,14,3,5],[3,19,7,15,14,6,11,23,5],[7,11,15,6,14,3,23,19,13],[7,11,15,6,14,23,19,3,13],[15,3,19,23,11,7,14,6,13],[3,19,15,7,6,14,23,11,5],[11,7,23,15,6,14,19,3,5],[19,7,15,14,6,11,3,23,13],[23,3,7,19,15,14,6,11,5],[3,23,11,15,7,6,14,19,13],[3,23,11,7,19,15,6,14,13],[11,7,15,14,6,23,19,3,13],[23,19,15,11,7,14,6,3,5],[7,19,15,6,14,23,3,11,13],[11,15,19,7,6,14,23,3,5],[7,23,19,15,14,6,3,11,13],[11,3,15,23,7,6,14,19,13],[15,19,11,23,7,14,6,3,13],[11,7,3,19,23,15,6,14,5],[7,23,11,19,15,6,14,3,13],[19,23,11,7,15,6,14,3,13],[19,3,7,11,15,6,14,23,5],[15,19,11,3,23,7,6,14,5],[3,23,19,7,11,15,14,6,5],[23,7,3,19,15,14,6,11,13],[11,7,23,19,3,15,6,14,5],[7,23,11,3,19,15,14,6,5],[23,7,19,15,6,14,11,3,5],[15,7,6,14,11,3,23,19,13],[15,3,7,6,14,23,11,19,13],[7,11,19,3,23,15,14,6,13],[3,11,15,19,23,7,6,14,13],[7,11,3,19,23,15,14,6],[11,23,3,7,19,15,14,6,5],[11,23,3,15,7,14,6,19,13],[19,23,3,15,11,7,14,6,13],[15,3,11,23,7,6,14,19,5],[15,7,6,14,23,11,3,19,13],[23,11,15,19,3,7,14,6,13],[19,3,7,11,23,15,14,6,5],[15,23,7,14,6,19,11,3,5],[19,11,7,23,3,15,6,14,5],[3,11,23,7,15,14,6,19,13],[19,23,11,15,3,7,14,6,13],[3,23,15,11,19,7,14,6,13],[15,7,6,14,23,11,19,3,13],[19,23,3,15,7,14,6,11,5],[11,15,19,3,7,6,14,23,5],[3,19,23,11,7,15,6,14,13],[23,15,19,11,7,14,6,3,5],[23,15,3,19,7,6,14,11,5],[7,23,19,3,11,15,14,6,13],[7,15,6,14,11,19,3,23,5],[19,3,7,23,15,6,14,11,5],[3,7,11,23,19,15,14,6,5],[23,11,3,19,7,15,14,6,13],[19,3,7,11,23,15,14,6,13],[11,19,23,3,7,15,6,14,5],[15,23,3,19,11,7,14,6,5],[3,15,11,19,23,7,14,6,5],[19,3,11,7,23,15,14,6,13],[11,23,7,15,14,6,3,19,13],[3,19,23,15,11,7,6,14,5],[11,23,3,15,7,14,6,19,5],[19,23,7,15,6,14,11,3,13],[23,11,7,19,15,14,6,3,5],[23,15,3,7,14,6,11,19,5],[15,11,23,7,14,6,3,19,13],[15,19,3,23,7,14,6,11,13],[23,11,19,7,15,14,6,3],[19,23,11,15,3,7,14,6,13],[7,19,11,15,6,14,23,3,5],[3,15,11,19,23,7,14,6,13],[11,19,3,15,7,6,14,23,13],[19,23,11,7,3,15,14,6],[19,7,15,6,14,23,3,11,5],[3,7,23,15,14,6,19,11,5],[3,23,11,19,15,7,6,14,13],[3,15,19,7,14,6,11,23,13],[11,3,19,23,7,15,6,14,5],[7,11,3,19,15,6,14,23,13],[7,15,6,14,11,19,23,3,5],[3,23,19,15,11,7,6,14,5],[3,19,15,7,14,6,11,23,5]],"n_human":10}